20	38945525	38955424	circular_RNA/1	0	+	38945525	38945525	0,0,0	8	128,125,76,62,88,149,225,106	0,1243,3317,5080,6384,8350,8952,9793	1	circRNA	ENSRNOT00000001059	ENSRNOT00000001059	3,4,5,6,7,8,9,10	20:38945378-38945525|20:38955424-38961684
20	44898010	44910078	circular_RNA/1	1	+	44898010	44898010	0,0,0	5	143,4147,932,83,126	0,607,7350,10469,11942	1	circRNA	ENSRNOT00000057227	ENSRNOT00000057227	12,13,14,15,16	20:44894444-44898010|20:44910078-44915139
20	44908479	44932435	circular_RNA/1	1	+	44908479	44908479	0,0,0	10	83,126,193,112,116,119,119,142,245,109	0,1473,6660,8822,10502,16600,18963,21969,22504,23847	1	circRNA	ENSRNOT00000057227	ENSRNOT00000057227	15,16,17,18,19,20,21,22,23,24	20:44906292-44908479|20:44932435-44936602
20	53804238	53830236	circular_RNA/1	0	-	53804238	53804238	0,0,0	2	251,226	0,25772	1	circRNA	ENSRNOT00000037559	ENSRNOT00000037559	14,13	20:53793954-53804238|20:53830236-53941613
4	635803	662533	circular_RNA/1	1	+	635803	635803	0,0,0	3	283,59,133	0,6474,26597	1	circRNA	ENSRNOT00000033377	ENSRNOT00000033377	9,10,11	4:632464-635803|4:662533-663590
4	2546231	2594006	circular_RNA/1	1	+	2546231	2546231	0,0,0	12	87,158,233,105,88,98,133,248,213,192,64,131	0,3833,4154,11488,13090,15691,17851,27665,38654,44255,44574,47644	1	circRNA	ENSRNOT00000015232	ENSRNOT00000015232	7,8,9,10,11,12,13,14,15,16,17,18	4:2535530-2546231|4:2594006-2604804
4	8162129	8166216	circular_RNA/1	0	+	8162129	8162129	0,0,0	4	166,26,247,468	0,1254,2484,3619	1	circRNA	ENSRNOT00000063994	ENSRNOT00000063994	7,8,9,10	4:8149019-8162129|4:8166216-8172049
4	8223839	8242710	circular_RNA/2	1	-	8223839	8223839	0,0,0	5	81,230,115,185,73	0,3074,5052,15379,18798	2	circRNA	ENSRNOT00000076950	ENSRNOT00000076950	6,5,4,3,2	4:8217614-8223839|4:8242710-8255222
4	8223839	8239403	circular_RNA/1	1	-	8223839	8223839	0,0,0	4	81,230,115,185	0,3074,5052,15379	1	circRNA	ENSRNOT00000076583	ENSRNOT00000076583	5,4,3,2	4:8217614-8223839|4:8239403-8255222
4	10655702	10681514	circular_RNA/1	1	+	10655702	10655702	0,0,0	8	109,77,96,39,72,60,143,67	0,8135,10285,13197,15505,19849,21520,25745	1	circRNA	ENSRNOT00000081939	ENSRNOT00000081939	2,3,4,5,6,7,8,9	4:10631296-10655702|4:10681514-10684039
4	17032160	17053486	circular_RNA/1	1	-	17032160	17032160	0,0,0	2	1463,1459	0,19867	1	circRNA	ENSRNOT00000093412	ENSRNOT00000093412	3,2	4:16669365-17032160|4:17053486-17058517
4	17032160	17033623	circular_RNA/4	0	-	17032160	17032160	0,0,0	1	1463	0	4	circRNA	ENSRNOT00000093412	ENSRNOT00000093412	3	4:16669365-17032160|4:17033623-17052027
4	21871363	21890867	circular_RNA/1	1	+	21871363	21871363	0,0,0	9	121,117,123,95,115,77,158,33,110	0,1484,2925,10000,12928,14003,17424,18639,19394	1	circRNA	ENSRNOT00000007948	ENSRNOT00000007948	2,3,4,5,6,7,8,9,10	4:21862459-21871363|4:21890867-21892506
4	25963494	26192504	circular_RNA/2	1	+	25963494	25963494	0,0,0	6	246,104,95,124,121,94	0,15178,123846,167061,204963,228916	2	circRNA	ENSRNOT00000009417	ENSRNOT00000009417	3,4,5,6,7,8	4:25832550-25963494|4:26192504-26277476
4	27509135	27512861	circular_RNA/2	1	+	27509135	27509135	0,0,0	2	273,301	0,3425	2	circRNA	ENSRNOT00000007940	ENSRNOT00000007940	2,3	4:27473706-27509135|4:27512861-27524703
4	27509135	27524886	circular_RNA/1	1	+	27509135	27509135	0,0,0	3	273,301,183	0,3425,15568	1	circRNA	ENSRNOT00000007940	ENSRNOT00000007940	2,3,4	4:27473706-27509135|4:27524886-27537800
4	27509135	27537918	circular_RNA/2	1	+	27509135	27509135	0,0,0	4	273,301,183,118	0,3425,15568,28665	2	circRNA	ENSRNOT00000007940	ENSRNOT00000007940	2,3,4,5	4:27473706-27509135|4:27537918-27549174
4	30133312	30216027	circular_RNA/1	1	+	30133312	30133312	0,0,0	10	133,121,105,136,156,54,230,97,172,158	0,9798,17178,26442,49069,61073,63662,65188,65378,82557	1	circRNA	ENSRNOT00000011756	ENSRNOT00000011756	2,3,4,5,6,7,8,9,10,11	4:29980348-30133312|4:30216027-30237977
4	30182381	30198862	circular_RNA/2	1	+	30182381	30182381	0,0,0	5	156,54,230,97,172	0,12004,14593,16119,16309	2	circRNA	ENSRNOT00000011756	ENSRNOT00000011756	6,7,8,9,10	4:30159890-30182381|4:30198862-30215869
4	38263239	38264003	circular_RNA/1	1	+	38263239	38263239	0,0,0	1	764	0	1	circRNA	ENSRNOT00000047029	ENSRNOT00000047029	6	4:38256132-38263239|4:38264003-38271536
4	50103024	50117606	circular_RNA/3	1	+	50103024	50103024	0,0,0	7	92,86,21,97,83,135,135	0,6048,8751,8972,11808,13139,14447	3	circRNA	ENSRNOT00000008719	ENSRNOT00000008719	14,15,16,17,18,19,20	4:50093669-50103024|4:50117606-50120061
4	50109072	50133830	circular_RNA/1	1	+	50109072	50109072	0,0,0	13	86,21,97,83,135,135,164,136,147,94,74,129,147	0,2703,2924,5760,7091,8399,10989,13614,15482,20652,21074,23227,24611	1	circRNA	ENSRNOT00000008719	ENSRNOT00000008719	15,16,17,18,19,20,21,22,23,24,25,26,27	4:50103116-50109072|4:50133830-50137454
4	58469324	58485447	circular_RNA/1	0	-	58469324	58469324	0,0,0	2	101,72	0,16051	1	circRNA	ENSRNOT00000090651	ENSRNOT00000090651	2,1	4:58436876-58469324|None
4	58714646	58748928	circular_RNA/1	1	+	58714646	58714646	0,0,0	8	70,143,89,110,193,78,66,113	0,5047,6428,9029,10808,23168,25178,34169	1	circRNA	ENSRNOT00000081707	ENSRNOT00000081707	2,3,4,5,6,7,8,9	4:58693481-58714646|4:58748928-58765340
4	66172554	66200637	circular_RNA/1	0	+	66172554	66172554	0,0,0	6	93,102,138,104,490,71	0,8308,21176,22681,23235,28012	1	circRNA	ENSRNOT00000064175	ENSRNOT00000064175	2,3,4,5,6,7	4:66166514-66172554|4:66200637-66207489
4	66214542	66219277	circular_RNA/3	1	+	66214542	66214542	0,0,0	3	43,51,1545	0,2104,3190	3	circRNA	ENSRNOT00000064175	ENSRNOT00000064175	13,14,15	4:66212096-66214542|4:66219277-66226187
4	95933282	95940085	circular_RNA/1	0	+	95933282	95933282	0,0,0	8	136,138,96,118,122,189,119,183	0,628,2436,2644,2959,4250,5112,6620	1	circRNA	ENSRNOT00000008585	ENSRNOT00000008585	14,15,16,17,18,19,20,21	4:95931355-95933282|4:95940085-95940993
4	96739877	96767151	circular_RNA/1	1	+	96739877	96739877	0,0,0	6	80,85,158,94,161,94	0,4342,5486,22628,24590,27180	1	circRNA	ENSRNOT00000009569	ENSRNOT00000009569	7,8,9,10,11,12	4:96736502-96739877|4:96767151-96787389
4	96739877	96787475	circular_RNA/1	1	+	96739877	96739877	0,0,0	7	80,85,158,94,161,94,86	0,4342,5486,22628,24590,27180,47512	1	circRNA	ENSRNOT00000009569	ENSRNOT00000009569	7,8,9,10,11,12,13	4:96736502-96739877|4:96787475-96810024
4	115104273	115106428	circular_RNA/3	0	-	115104273	115104273	0,0,0	1	2155	0	3	circRNA	ENSRNOT00000015296	ENSRNOT00000015296	4	4:115085477-115104273|4:115106428-115142051
4	115624886	115626399	circular_RNA/3	1	+	115624886	115624886	0,0,0	1	1513	0	3	circRNA	ENSRNOT00000019617	ENSRNOT00000019617	2	4:115601783-115624886|4:115626399-115631195
4	115636560	115649279	circular_RNA/1	1	+	115636560	115636560	0,0,0	7	39,170,275,147,123,56,53	0,1543,3108,4878,6580,12440,12666	1	circRNA	ENSRNOT00000019617	ENSRNOT00000019617	4,5,6,7,8,9,10	4:115631257-115636560|4:115649279-115650480
4	147948448	147949383	circular_RNA/1	0	-	147948448	147948448	0,0,0	1	935	0	1	circRNA	ENSRNOT00000042418	ENSRNOT00000042418	2	4:147924645-147948448|4:147949383-148048162
4	168219619	168221653	circular_RNA/1	0	-	168219619	168219619	0,0,0	2	212,203	0,1831	1	circRNA	ENSRNOT00000066575	ENSRNOT00000066575	13,12	4:168218343-168219619|4:168221653-168230116
4	169751945	169998594	circular_RNA/1	1	-	169751945	169751945	0,0,0	3	599,429,478	0,121171,246171	1	circRNA	ENSRNOT00000011697	ENSRNOT00000011697	4,3,2	4:169673069-169751945|4:169998594-169999579
8	456818	509712	circular_RNA/5	1	+	456818	456818	0,0,0	2	122,719	0,52175	5	circRNA	ENSRNOT00000046058	ENSRNOT00000046058	3,4	8:445493-456818|8:509712-759957
8	13877753	13878169	circular_RNA/2	1	-	13877753	13877753	0,0,0	1	416	0	2	ciRNA	ENSRNOT00000083011	ENSRNOT00000083011	19	8:13877664-13878169
8	23851918	23884848	circular_RNA/4	1	+	23851918	23851918	0,0,0	6	103,105,141,96,173,153	0,2491,12691,16491,26346,32777	4	circRNA	ENSRNOT00000020481	ENSRNOT00000020481	8,9,10,11,12,13	8:23846962-23851918|8:23884848-23985278
8	33252441	33317709	circular_RNA/1	1	+	33252441	33252441	0,0,0	9	109,92,42,85,87,138,93,123,78	0,25371,26319,26692,44017,59879,62434,63675,65190	1	circRNA	ENSRNOT00000011589	ENSRNOT00000011589	2,3,4,5,6,7,8,9,10	8:33239453-33252441|8:33317709-33335341
8	33279133	33335423	circular_RNA/1	1	+	33279133	33279133	0,0,0	7	85,87,138,93,123,78,82	0,17325,33187,35742,36983,38498,56208	1	circRNA	ENSRNOT00000011589	ENSRNOT00000011589	5,6,7,8,9,10,11	8:33278802-33279133|8:33335423-33368676
8	33312320	33335423	circular_RNA/2	1	+	33312320	33312320	0,0,0	5	138,93,123,78,82	0,2555,3796,5311,23021	2	circRNA	ENSRNOT00000011589	ENSRNOT00000011589	7,8,9,10,11	8:33296545-33312320|8:33335423-33368676
8	39224603	39235362	circular_RNA/3	1	-	39224603	39224603	0,0,0	8	92,156,181,165,107,91,146,122	0,1163,2489,4020,5688,7097,10144,10637	3	circRNA	ENSRNOT00000082086	ENSRNOT00000082086	11,10,9,8,7,6,5,4	8:39221244-39224603|8:39235362-39239420
8	47335865	47339341	circular_RNA/2	1	-	47335865	47335865	0,0,0	3	57,86,24	0,1989,3452	2	circRNA	ENSRNOT00000059868	ENSRNOT00000059868	4,3,2	8:47322526-47335865|8:47339341-47393010
8	56463475	56478212	circular_RNA/1	1	+	56463475	56463475	0,0,0	5	262,84,72,112,107	0,2227,3425,7401,14630	1	circRNA	ENSRNOT00000039083	ENSRNOT00000039083	3,4,5,6,7	8:56451355-56463475|8:56478212-56499829
8	60441496	60471827	circular_RNA/1	0	-	60441496	60441496	0,0,0	10	108,153,82,143,156,141,112,118,76,171	0,637,2128,10591,11791,19015,28022,28351,29421,30160	1	circRNA	ENSRNOT00000009169	ENSRNOT00000009169	19,18,17,16,15,14,13,12,11,10	8:60408869-60441496|8:60471827-60482534
8	60452087	60471827	circular_RNA/1	0	-	60452087	60452087	0,0,0	7	143,156,141,112,118,76,171	0,1200,8424,17431,17760,18830,19569	1	circRNA	ENSRNOT00000009169	ENSRNOT00000009169	16,15,14,13,12,11,10	8:60443706-60452087|8:60471827-60482534
8	62486463	62500921	circular_RNA/1	1	+	62486463	62486463	0,0,0	3	254,320,336	0,3073,14122	1	circRNA	ENSRNOT00000026492	ENSRNOT00000026492	2,3,4	8:62482219-62486463|8:62500921-62517047
8	64724415	64749357	circular_RNA/1	1	+	64724415	64724415	0,0,0	8	113,143,224,117,189,48,112,62	0,9921,14986,15635,16071,17118,21714,24880	1	circRNA	ENSRNOT00000083558	ENSRNOT00000083558	28,29,30,31,32,33,34,35	8:64713495-64724415|8:64749357-64759570
8	65550998	65584587	circular_RNA/1	1	-	65550998	65550998	0,0,0	6	62,144,67,204,103,88	0,17776,20360,25673,28671,33501	1	circRNA	ENSRNOT00000016491	ENSRNOT00000016491	8,7,6,5,4,3	8:65528410-65550998|8:65584587-65586674
8	71591358	71601850	circular_RNA/1	1	+	71591358	71591358	0,0,0	2	49,393	0,10099	1	circRNA	ENSRNOT00000042369	ENSRNOT00000042369	2,3	8:71547493-71591358|8:71601850-71620338
8	72156114	72157016	circular_RNA/2	1	+	72156114	72156114	0,0,0	1	902	0	2	ciRNA	ENSRNOT00000089336	ENSRNOT00000089336	47	8:72156114-72157016
8	78908445	78910847	circular_RNA/1	1	+	78908445	78908445	0,0,0	3	135,308,141	0,1835,2261	1	circRNA	ENSRNOT00000089335	ENSRNOT00000089335	14,15,16	8:78902225-78908445|8:78910847-78921275
8	84434783	84461546	circular_RNA/1	1	-	84434783	84434783	0,0,0	5	129,45,45,60,66	0,8832,18500,26348,26697	1	circRNA	ENSRNOT00000064754	ENSRNOT00000064754	6,5,4,3,2	None|8:84461546-84505935
8	84434783	84482700	circular_RNA/1	0	-	84434783	84434783	0,0,0	6	129,45,45,60,66,72	0,8832,18500,26348,26697,47845	1	circRNA	ENSRNOT00000076213	ENSRNOT00000076213	9,8,7,6,5,4	None|8:84482700-84494544
8	84434783	84496011	circular_RNA/6	0	-	84434783	84434783	0,0,0	7	129,45,45,60,66,72,1467	0,8832,18500,26348,26697,47845,59761	6	circRNA	ENSRNOT00000076213	ENSRNOT00000076213	9,8,7,6,5,4,3	None|8:84496011-84505935
8	84434783	84496086	circular_RNA/6	0	-	84434783	84434783	0,0,0	7	129,45,45,60,66,72,1542	0,8832,18500,26348,26697,47845,59761	6	circRNA	ENSRNOT00000076942	ENSRNOT00000076942	9,8,7,6,5,4,3	None|8:84496086-84505935
8	84443615	84496086	circular_RNA/1	0	-	84443615	84443615	0,0,0	6	45,45,60,66,72,1542	0,9668,17516,17865,39013,50929	1	circRNA	ENSRNOT00000076942	ENSRNOT00000076942	8,7,6,5,4,3	8:84434912-84443615|8:84496086-84505935
8	90927843	90962468	circular_RNA/2	0	-	90927843	90927843	0,0,0	8	191,965,130,143,94,138,530,369	0,3540,6551,7608,8580,9546,30776,34256	2	circRNA	ENSRNOT00000044931	ENSRNOT00000044931	10,9,8,7,6,5,4,3	8:90926697-90927843|8:90962468-90983705
8	104075538	104148511	circular_RNA/1	1	+	104075538	104075538	0,0,0	5	106,67,104,122,48	0,9044,52936,69900,72925	1	circRNA	ENSRNOT00000081204	ENSRNOT00000081204	3,4,5,6,7	8:104046495-104075538|8:104148511-104152336
8	109044545	109216053	circular_RNA/1	0	+	109044545	109044545	0,0,0	12	102,103,165,97,77,205,152,74,124,99,80,108	0,7856,40409,65488,83856,93825,107062,113314,147807,158064,164807,171400	1	circRNA	ENSRNOT00000079618	ENSRNOT00000079618	2,3,4,5,6,7,8,9,10,11,12,13	8:108958320-109044545|8:109216053-109230278
8	115779974	115781742	circular_RNA/1	1	-	115779974	115779974	0,0,0	2	148,61	0,1707	1	circRNA	ENSRNOT00000019867	ENSRNOT00000019867	12,11	8:115759648-115779974|8:115781742-115788406
8	115823904	115884906	circular_RNA/1	1	-	115823904	115823904	0,0,0	4	85,149,97,56	0,11809,46236,60946	1	circRNA	ENSRNOT00000019867	ENSRNOT00000019867	7,6,5,4	8:115812560-115823904|8:115884906-115908495
8	117318622	117334586	circular_RNA/1	1	+	117318622	117318622	0,0,0	5	330,1032,178,155,115	0,5371,13588,14323,15849	1	circRNA	ENSRNOT00000064571	ENSRNOT00000064571	3,4,5,6,7	8:117308527-117318622|8:117334586-117343253
8	117318622	117325025	circular_RNA/1	0	+	117318622	117318622	0,0,0	2	330,1032	0,5371	1	circRNA	ENSRNOT00000064571	ENSRNOT00000064571	3,4	8:117308527-117318622|8:117325025-117332210
8	118278742	118287848	circular_RNA/2	0	+	118278742	118278742	0,0,0	3	115,155,135	0,1600,8971	2	circRNA	ENSRNOT00000082607	ENSRNOT00000082607	23,24,25	8:118276714-118278742|8:118287848-118292399
8	130762664	130768360	circular_RNA/10	1	+	130762664	130762664	0,0,0	2	51,696	0,5000	10	circRNA	ENSRNOT00000079273	ENSRNOT00000079273	2,3	8:130749952-130762664|8:130768360-130792977
7	1130828	1167534	circular_RNA/1	0	-	1130828	1130828	0,0,0	8	69,117,226,106,203,106,250,71	0,1011,2139,4800,11330,12714,25402,36635	1	circRNA	ENSRNOT00000074108	ENSRNOT00000074108	9,8,7,6,5,4,3,2	7:1124600-1130828|7:1167534-1187856
7	14246802	14256219	circular_RNA/1	0	-	14246802	14246802	0,0,0	6	129,363,293,136,138,319	0,948,1678,4192,5687,9098	1	circRNA	ENSRNOT00000008963	ENSRNOT00000008963	7,6,5,4,3,2	7:14242298-14246802|7:14256219-14302942
7	29653289	29665234	circular_RNA/2	0	-	29653289	29653289	0,0,0	3	159,137,105	0,3003,11840	2	circRNA	ENSRNOT00000089269	ENSRNOT00000089269	4,3,2	7:29624094-29653289|7:29665234-29701356
7	47865530	47889037	circular_RNA/3	1	-	47865530	47865530	0,0,0	4	94,74,30,95	0,19507,20568,23412	3	circRNA	ENSRNOT00000038144	ENSRNOT00000038144	9,8,7,6	7:47850324-47865530|7:47889037-47910936
7	52335387	52380182	circular_RNA/1	0	-	52335387	52335387	0,0,0	5	116,1030,122,184,73	0,13620,27165,41689,44722	1	circRNA	ENSRNOT00000082100	ENSRNOT00000082100	7,6,5,4,3	7:52318397-52335387|7:52380182-52404024
7	57294882	57356339	circular_RNA/3	1	-	57294882	57294882	0,0,0	8	108,98,148,56,134,89,188,66	0,1527,3626,46237,46404,56471,60297,61391	3	circRNA	ENSRNOT00000007461	ENSRNOT00000007461	16,15,14,13,12,11,10,9	7:57267834-57294882|7:57356339-57374320
7	58266492	58274665	circular_RNA/3	1	-	58266492	58266492	0,0,0	5	89,55,64,108,60	0,559,4339,7076,8113	3	circRNA	ENSRNOT00000005258	ENSRNOT00000005258	6,5,4,3,2	7:58262725-58266492|7:58274665-58286397
7	64024697	64050752	circular_RNA/2	0	-	64024697	64024697	0,0,0	9	135,78,61,103,28,85,198,102,222	0,2384,2603,6142,8752,16173,16912,23123,25833	2	circRNA	ENSRNOT00000006180	ENSRNOT00000006180	15,14,13,12,11,10,9,8,7	7:63996243-64024697|7:64050752-64064406
7	78332666	78333592	circular_RNA/1	1	+	78332666	78332666	0,0,0	1	926	0	1	circRNA	ENSRNOT00000050753	ENSRNOT00000050753	4	7:78247197-78332666|7:78333592-78347123
7	78347123	78415345	circular_RNA/2	1	+	78347123	78347123	0,0,0	13	68,120,100,124,47,113,48,131,172,154,69,157,111	0,1956,3923,4998,7393,10184,16104,19309,25912,28278,57008,66794,68111	2	circRNA	ENSRNOT00000050753	ENSRNOT00000050753	5,6,7,8,9,10,11,12,13,14,15,16,17	7:78333592-78347123|7:78415345-78421642
7	78432826	78520474	circular_RNA/1	1	+	78432826	78432826	0,0,0	6	180,110,42,101,173,242	0,1034,20907,29461,49427,87406	1	circRNA	ENSRNOT00000050753	ENSRNOT00000050753	19,20,21,22,23,24	7:78421708-78432826|7:78520474-78574168
7	87117605	87165201	circular_RNA/1	0	-	87117605	87117605	0,0,0	8	189,216,117,189,188,139,195,327	0,1989,6285,14745,20542,23833,44336,47269	1	circRNA	ENSRNOT00000093026	ENSRNOT00000093026	9,8,7,6,5,4,3,2	7:87068056-87117605|7:87165201-87170128
7	87377275	87392335	circular_RNA/3	1	-	87377275	87377275	0,0,0	2	113,104	0,14956	3	circRNA	ENSRNOT00000092909	ENSRNOT00000092909	12,11	None|7:87392335-87423150
7	92621212	92645641	circular_RNA/1	0	-	92621212	92621212	0,0,0	7	90,96,119,133,120,108,94	0,4655,6466,8752,17995,22537,24335	1	circRNA	ENSRNOT00000037809	ENSRNOT00000037809	8,7,6,5,4,3,2	7:92613283-92621212|7:92645641-92880310
7	118173618	118191200	circular_RNA/1	0	-	118173618	118173618	0,0,0	5	54,61,93,54,147	0,2853,5555,14230,17435	1	circRNA	ENSRNOT00000090370	ENSRNOT00000090370	8,7,6,5,4	7:118173502-118173618|7:118191200-118207722
7	132482709	132505206	circular_RNA/3	1	-	132482709	132482709	0,0,0	2	126,121	0,22376	3	circRNA	ENSRNOT00000021153	ENSRNOT00000021153	7,6	7:132438708-132482709|7:132505206-132511175
7	134643600	134667817	circular_RNA/2	1	+	134643600	134643600	0,0,0	5	212,57,80,120,141	0,13307,16345,20795,24076	2	circRNA	ENSRNOT00000090908	ENSRNOT00000090908	5,6,7,8,9	7:134624210-134643600|7:134667817-134690973
X	10563366	10565134	circular_RNA/2	0	-	10563366	10563366	0,0,0	3	121,150,241	0,899,1527	2	circRNA	ENSRNOT00000080651	ENSRNOT00000080651	21,20,19	X:10560517-10563366|X:10565134-10567594
X	20351429	20366886	circular_RNA/3	0	+	20351429	20351429	0,0,0	4	652,173,221,158	0,11689,13626,15299	3	circRNA	ENSRNOT00000082177	ENSRNOT00000082177	2,3,4,5	X:20317020-20351429|X:20366886-20384981
X	29581743	29588435	circular_RNA/2	1	+	29581743	29581743	0,0,0	6	120,74,92,190,131,112	0,1399,2759,4625,5849,6580	2	circRNA	ENSRNOT00000006074	ENSRNOT00000006074	10,11,12,13,14,15	X:29579205-29581743|X:29588435-29591399
X	33946312	34037071	circular_RNA/4	0	+	33946312	33946312	0,0,0	5	70,54,62,84,146	0,1440,45493,88353,90613	4	circRNA	ENSRNOT00000079365	ENSRNOT00000079365	12,13,14,15,16	X:33939889-33946312|X:34037071-34050004
X	35654902	35674798	circular_RNA/1	1	+	35654902	35654902	0,0,0	5	46,137,121,60,91	0,10135,15017,17184,19805	1	circRNA	ENSRNOT00000072627	ENSRNOT00000072627	3,4,5,6,7	X:35602863-35654902|X:35674798-35678866
X	39830727	39885483	circular_RNA/2	0	+	39830727	39830727	0,0,0	7	60,69,147,134,212,90,215	0,4846,20094,30097,33407,52990,54541	2	circRNA	ENSRNOT00000080512	ENSRNOT00000080512	7,8,9,10,11,12,13	X:39825832-39830727|X:39885483-39907521
X	39860824	39885483	circular_RNA/3	0	+	39860824	39860824	0,0,0	4	134,212,90,215	0,3310,22893,24444	3	circRNA	ENSRNOT00000080512	ENSRNOT00000080512	10,11,12,13	X:39850968-39860824|X:39885483-39907521
X	63177768	63195572	circular_RNA/1	1	-	63177768	63177768	0,0,0	3	570,90,68	0,4527,17736	1	circRNA	ENSRNOT00000065194	ENSRNOT00000065194	4,3,2	X:63166092-63177768|X:63195572-63203277
X	74949870	74968405	circular_RNA/1	1	-	74949870	74949870	0,0,0	4	130,4381,126,56	0,700,5724,18479	1	circRNA	ENSRNOT00000035653	ENSRNOT00000035653	4,3,2,1	X:74947780-74949870|None
X	76865118	76878593	circular_RNA/1	0	-	76865118	76865118	0,0,0	8	138,178,147,110,142,222,103,94	0,5490,5805,6598,7489,11515,12429,13381	1	circRNA	ENSRNOT00000091284	ENSRNOT00000091284	20,19,18,17,16,15,14,13	X:76863847-76865118|X:76878593-76881154
X	104429942	104487794	circular_RNA/1	0	-	104429942	104429942	0,0,0	3	173,59,328	0,7628,57524	1	circRNA	ENSRNOT00000064458	ENSRNOT00000064458	4,3,2	X:104393055-104429942|X:104487794-104491567
X	115589384	115596620	circular_RNA/2	1	+	115589384	115589384	0,0,0	9	82,163,76,109,65,101,128,247,114	0,263,1645,2477,3845,4412,5551,6506,7122	2	circRNA	ENSRNOT00000076521	ENSRNOT00000076521	9,10,11,12,13,14,15,16,17	X:115586982-115589384|X:115596620-115597028
X	120912025	120914485	circular_RNA/4	1	+	120912025	120912025	0,0,0	3	646,131,96	0,1256,2364	4	circRNA	ENSRNOT00000085185	ENSRNOT00000085185	5,6,7	X:120901572-120912025|X:120914485-120916642
X	120912025	120917565	circular_RNA/3	0	+	120912025	120912025	0,0,0	5	646,131,96,149,84	0,1256,2364,4617,5456	3	circRNA	ENSRNOT00000085185	ENSRNOT00000085185	5,6,7,8,9	X:120901572-120912025|X:120917565-120928662
18	1297406	1325294	circular_RNA/1	0	-	1297406	1297406	0,0,0	11	185,161,151,107,247,92,136,49,89,61,160	0,1843,3886,5195,9899,10234,11953,17326,21333,24513,27728	1	circRNA	ENSRNOT00000061777	ENSRNOT00000061777	20,19,18,17,16,15,14,13,12,11,10	18:1295092-1297406|18:1325294-1337227
18	1307305	1309495	circular_RNA/1	1	-	1307305	1307305	0,0,0	3	247,92,136	0,335,2054	1	circRNA	ENSRNOT00000061777	ENSRNOT00000061777	16,15,14	18:1302708-1307305|18:1309495-1314732
18	1307305	1314781	circular_RNA/2	0	-	1307305	1307305	0,0,0	4	247,92,136,49	0,335,2054,7427	2	circRNA	ENSRNOT00000061777	ENSRNOT00000061777	16,15,14,13	18:1302708-1307305|18:1314781-1318739
18	17404076	17625862	circular_RNA/1	1	+	17404076	17404076	0,0,0	7	143,95,130,114,674,182,109	0,5184,24074,92726,145894,208723,221677	1	circRNA	ENSRNOT00000045150	ENSRNOT00000045150	2,3,4,5,6,7,8	18:17403440-17404076|18:17625862-17674944
18	27234995	27278436	circular_RNA/1	0	-	27234995	27234995	0,0,0	11	230,82,130,211,148,49,65,139,161,142,178	0,3073,3720,7913,12247,13119,15380,26580,34999,42831,43263	1	circRNA	ENSRNOT00000027663	ENSRNOT00000027663	15,14,13,12,11,10,9,8,7,6,5	18:27231478-27234995|18:27278436-27280716
18	32047891	32094303	circular_RNA/2	0	-	32047891	32047891	0,0,0	10	79,95,101,130,105,111,102,72,62,96	0,16639,21725,23475,24942,30843,32348,41000,44488,46316	2	circRNA	ENSRNOT00000090882	ENSRNOT00000090882	11,10,9,8,7,6,5,4,3,2	18:31992075-32047891|18:32094303-32207327
18	32064530	32094303	circular_RNA/6	0	-	32064530	32064530	0,0,0	9	95,101,130,105,111,102,72,62,96	0,5086,6836,8303,14204,15709,24361,27849,29677	6	circRNA	ENSRNOT00000090882	ENSRNOT00000090882	10,9,8,7,6,5,4,3,2	18:32047970-32064530|18:32094303-32207327
18	36640588	36645658	circular_RNA/1	1	+	36640588	36640588	0,0,0	4	154,297,144,120	0,1163,3189,4950	1	circRNA	ENSRNOT00000036613	ENSRNOT00000036613	12,13,14,15	18:36639900-36640588|18:36645658-36646803
18	65466414	65481249	circular_RNA/4	1	+	65466414	65466414	0,0,0	5	133,68,79,77,204	0,8259,9403,11925,14631	4	circRNA	ENSRNOT00000081797	ENSRNOT00000081797	11,12,13,14,15	18:65460654-65466414|18:65481249-65500908
18	66581615	66603887	circular_RNA/2	1	-	66581615	66581615	0,0,0	4	117,227,163,66	0,5119,15437,22206	2	circRNA	ENSRNOT00000064947	ENSRNOT00000064947	24,23,22,21	18:66566465-66581615|18:66603887-66622850
18	66581615	66622883	circular_RNA/1	0	-	66581615	66581615	0,0,0	5	117,227,163,66,33	0,5119,15437,22206,41235	1	circRNA	ENSRNOT00000064947	ENSRNOT00000064947	24,23,22,21,20	18:66566465-66581615|18:66622883-66628128
18	69634005	69657373	circular_RNA/1	0	-	69634005	69634005	0,0,0	9	169,184,51,117,120,213,30,175,377	0,835,8124,9446,9654,13496,20499,21136,22991	1	circRNA	ENSRNOT00000082484	ENSRNOT00000082484	10,9,8,7,6,5,4,3,2	18:69629556-69634005|18:69657373-69671137
18	71136035	71149287	circular_RNA/2	1	+	71136035	71136035	0,0,0	5	180,179,126,114,95	0,5346,9379,11736,13157	2	circRNA	ENSRNOT00000024950	ENSRNOT00000024950	9,10,11,12,13	18:71104420-71136035|18:71149287-71221089
18	81170023	81208554	circular_RNA/1	1	-	81170023	81170023	0,0,0	4	179,121,84,167	0,29015,34774,38364	1	circRNA	ENSRNOT00000065201	ENSRNOT00000065201	7,6,5,4	18:81059873-81170023|18:81208554-81289814
5	10243620	10321108	circular_RNA/3	1	+	10243620	10243620	0,0,0	5	103,83,131,130,39	0,19895,34983,43472,77449	3	circRNA	ENSRNOT00000009679	ENSRNOT00000009679	3,4,5,6,7	5:10178475-10243620|5:10321108-10408126
5	12156801	12172003	circular_RNA/1	1	-	12156801	12156801	0,0,0	2	103,419	0,14783	1	circRNA	ENSRNOT00000007769	ENSRNOT00000007769	3,2	5:12143701-12156801|5:12172003-12199175
5	12462302	12482389	circular_RNA/6	1	-	12462302	12462302	0,0,0	8	81,63,69,63,116,246,212,194	0,188,2129,2878,5287,10817,18620,19893	6	circRNA	ENSRNOT00000091649	ENSRNOT00000091649	16,15,14,13,12,11,10,9	5:12454087-12462302|5:12482389-12489916
5	36566781	36596726	circular_RNA/2	1	+	36566781	36566781	0,0,0	5	110,582,346,245,214	0,842,11249,19183,29731	2	circRNA	ENSRNOT00000061128	ENSRNOT00000061128	2,3,4,5,6	5:36555201-36566781|5:36596726-36617411
5	60255763	60256390	circular_RNA/1	1	+	60255763	60255763	0,0,0	2	144,481	0,146	1	circRNA	ENSRNOT00000017707	ENSRNOT00000017707	2,3	5:60250563-60255763|5:60256390-60390690
5	74954383	74956829	circular_RNA/2	1	+	74954383	74954383	0,0,0	1	2446	0	2	circRNA	ENSRNOT00000015576	ENSRNOT00000015576	2	5:74942174-74954383|5:74956829-74972092
5	76409371	76409951	circular_RNA/2	1	+	76409371	76409371	0,0,0	1	580	0	2	ciRNA	ENSRNOT00000088872	ENSRNOT00000088872	4	5:76409371-76410023
5	93027799	93055082	circular_RNA/1	1	-	93027799	93027799	0,0,0	6	145,134,582,270,12,111	0,4339,18729,22740,25823,27172	1	circRNA	ENSRNOT00000075474	ENSRNOT00000075474	12,11,10,9,8,7	5:93025797-93027799|5:93055082-93056672
5	106171073	106171781	circular_RNA/8	1	-	106171073	106171073	0,0,0	1	708	0	8	circRNA	ENSRNOT00000015094	ENSRNOT00000015094	3	5:106121498-106171073|5:106171781-106202419
5	106171073	106202563	circular_RNA/2	1	-	106171073	106171073	0,0,0	2	708,144	0,31346	2	circRNA	ENSRNOT00000015094	ENSRNOT00000015094	3,2	5:106121498-106171073|5:106202563-106206318
5	113566858	113568073	circular_RNA/1	0	-	113566858	113566858	0,0,0	3	168,121,101	0,908,1114	1	circRNA	ENSRNOT00000010621	ENSRNOT00000010621	5,4,3	5:113566380-113566858|5:113568073-113570646
5	122580013	122593611	circular_RNA/2	0	-	122580013	122580013	0,0,0	4	152,87,224,195	0,1891,5904,13403	2	circRNA	ENSRNOT00000046691	ENSRNOT00000046691	11,10,9,8	5:122569908-122580013|5:122593611-122605824
5	128122966	128153510	circular_RNA/1	1	+	128122966	128122966	0,0,0	10	87,104,58,104,114,100,156,48,83,116	0,2944,7337,7486,13268,24117,24396,24717,24849,30428	1	circRNA	ENSRNOT00000079161	ENSRNOT00000079161	12,13,14,15,16,17,18,19,20,21	5:128121287-128122966|5:128153510-128154771
5	128678698	128681202	circular_RNA/2	0	+	128678698	128678698	0,0,0	3	87,120,52	0,843,2452	2	circRNA	ENSRNOT00000010462	ENSRNOT00000010462	19,20,21	5:128677249-128678698|5:128681202-128683046
5	139438594	139440842	circular_RNA/1	1	+	139438594	139438594	0,0,0	2	230,127	0,2121	1	circRNA	ENSRNOT00000078622	ENSRNOT00000078622	7,8	5:139421497-139438594|5:139440842-139451938
5	144774600	144775717	circular_RNA/1	0	-	144774600	144774600	0,0,0	1	1117	0	1	ciRNA	ENSRNOT00000016230	ENSRNOT00000016230	3	5:144774598-144775717
5	144910321	144916596	circular_RNA/1	0	-	144910321	144910321	0,0,0	5	116,145,38,141,151	0,2984,4041,4751,6124	1	circRNA	ENSRNOT00000016992	ENSRNOT00000016992	19,18,17,16,15	5:144907761-144910321|5:144916596-144917973
5	144931943	144942704	circular_RNA/1	1	-	144931943	144931943	0,0,0	5	256,85,171,62,522	0,504,7876,8400,10239	1	circRNA	ENSRNOT00000016992	ENSRNOT00000016992	7,6,5,4,3	5:144924818-144931943|5:144942704-144969314
5	147363510	147368505	circular_RNA/2	1	-	147363510	147363510	0,0,0	4	92,83,791,117	0,1523,3115,4878	2	circRNA	ENSRNOT00000009436	ENSRNOT00000009436	5,4,3,2	5:147340996-147363510|5:147368505-147374889
5	150850431	150865550	circular_RNA/5	1	+	150850431	150850431	0,0,0	5	102,44,80,67,137	0,4730,8641,11796,14982	5	circRNA	ENSRNOT00000082945	ENSRNOT00000082945	2,3,4,5,6	5:150787174-150850431|5:150865550-150872711
5	150850431	150884256	circular_RNA/1	0	+	150850431	150850431	0,0,0	9	102,44,80,67,137,138,86,184,137	0,4730,8641,11796,14982,22280,29923,31335,33688	1	circRNA	ENSRNOT00000082945	ENSRNOT00000082945	2,3,4,5,6,7,8,9,10	5:150787174-150850431|5:150884256-150889392
5	151944768	151947717	circular_RNA/19	0	-	151944768	151944768	0,0,0	3	117,456,213	0,1378,2736	19	circRNA	ENSRNOT00000009173	ENSRNOT00000009173	4,3,2	5:151921981-151944768|5:151947717-151976770
5	167486000	167581074	circular_RNA/1	1	+	167486000	167486000	0,0,0	8	126,106,97,105,49,125,100,99	0,30580,32800,40170,61692,71022,72150,94975	1	circRNA	ENSRNOT00000024443	ENSRNOT00000024443	4,5,6,7,8,9,10,11	5:167478473-167486000|5:167581074-167615349
3	8887350	8892631	circular_RNA/5	1	+	8887350	8887350	0,0,0	9	153,127,88,77,115,121,67,129,140	0,329,643,826,1680,3044,3270,4187,5141	5	circRNA	ENSRNOT00000030996	ENSRNOT00000030996	8,9,10,11,12,13,14,15,16	3:8883398-8887350|3:8892631-8894958
3	11835769	11836452	circular_RNA/1	1	-	11835769	11835769	0,0,0	2	102,110	0,573	1	circRNA	ENSRNOT00000021178	ENSRNOT00000021178	16,15	3:11833279-11835769|3:11836452-11837386
3	12802673	12892860	circular_RNA/1	0	-	12802673	12802673	0,0,0	6	60,56,95,123,130,97	0,2981,57763,80756,83813,90090	1	circRNA	ENSRNOT00000023172	ENSRNOT00000023172	9,8,7,6,5,4	3:12783679-12802673|3:12892860-12898544
3	13510409	13513377	circular_RNA/1	1	+	13510409	13510409	0,0,0	2	328,90	0,2878	1	circRNA	ENSRNOT00000023889	ENSRNOT00000023889	2,3	3:13485352-13510409|3:13513377-13522380
3	13510409	13522529	circular_RNA/13	1	+	13510409	13510409	0,0,0	3	328,90,149	0,2878,11971	13	circRNA	ENSRNOT00000023889	ENSRNOT00000023889	2,3,4	3:13485352-13510409|3:13522529-13571652
3	13510409	13602354	circular_RNA/3	1	+	13510409	13510409	0,0,0	6	328,90,149,173,177,110	0,2878,11971,61243,77520,91835	3	circRNA	ENSRNOT00000023889	ENSRNOT00000023889	2,3,4,5,6,7	3:13485352-13510409|3:13602354-13645147
3	21721365	21756744	circular_RNA/1	1	+	21721365	21721365	0,0,0	12	199,223,205,175,158,111,67,103,170,175,94,151	0,2826,3835,6098,7566,10961,11396,13518,15394,24025,30144,35228	1	circRNA	ENSRNOT00000013378	ENSRNOT00000013378	2,3,4,5,6,7,8,9,10,11,12,13	3:21698218-21721365|3:21756744-21782078
3	33003597	33006797	circular_RNA/1	1	+	33003597	33003597	0,0,0	3	208,110,155	0,2749,3045	1	circRNA	ENSRNOT00000007404	ENSRNOT00000007404	2,3,4	3:32948041-33003597|3:33006797-33021452
3	33465219	33473531	circular_RNA/2	1	+	33465219	33465219	0,0,0	3	327,221,1209	0,2469,7103	2	circRNA	ENSRNOT00000034632	ENSRNOT00000034632	5,6,7	3:33452338-33465219|3:33473531-33491315
3	48801235	48815130	circular_RNA/1	1	-	48801235	48801235	0,0,0	4	215,24,21,429	0,8438,8888,13466	1	circRNA	ENSRNOT00000085246	ENSRNOT00000085246	5,4,3,2	3:48759058-48801235|3:48815130-48831260
3	51187490	51198927	circular_RNA/1	0	-	51187490	51187490	0,0,0	5	225,98,39,229,202	0,330,7108,8321,11235	1	circRNA	ENSRNOT00000001607	ENSRNOT00000001607	7,6,5,4,3	3:51165328-51187490|3:51198927-51211375
3	54509940	54566332	circular_RNA/1	1	-	54509940	54509940	0,0,0	9	66,49,134,102,110,56,142,109,113	0,182,7035,9277,9707,37305,38476,44446,56279	1	circRNA	ENSRNOT00000037133	ENSRNOT00000037133	10,9,8,7,6,5,4,3,2	3:54463443-54509940|3:54566332-54624770
3	54509940	54519757	circular_RNA/1	0	-	54509940	54509940	0,0,0	5	66,49,134,102,110	0,182,7035,9277,9707	1	circRNA	ENSRNOT00000037133	ENSRNOT00000037133	10,9,8,7,6	3:54463443-54509940|3:54519757-54547245
3	59648495	59680308	circular_RNA/1	0	-	59648495	59648495	0,0,0	3	197,193,1360	0,5415,30453	1	circRNA	ENSRNOT00000078752	ENSRNOT00000078752	5,4,3	3:59646331-59648495|3:59680308-59687513
3	59653910	59680308	circular_RNA/1	0	-	59653910	59653910	0,0,0	2	193,1360	0,25038	1	circRNA	ENSRNOT00000078752	ENSRNOT00000078752	4,3	3:59648692-59653910|3:59680308-59687513
3	64312161	64362882	circular_RNA/2	1	-	64312161	64312161	0,0,0	4	163,111,39,143	0,26299,31118,50578	2	circRNA	ENSRNOT00000089065	ENSRNOT00000089065	5,4,3,2	3:64275193-64312161|3:64362882-64363018
3	94639630	94653706	circular_RNA/1	1	-	94639630	94639630	0,0,0	4	221,121,133,187	0,6738,7913,13889	1	circRNA	ENSRNOT00000077484	ENSRNOT00000077484	5,4,3,2	3:94636424-94639630|3:94653706-94657271
3	94736243	94745177	circular_RNA/3	0	-	94736243	94736243	0,0,0	2	3666,107	0,8827	3	circRNA	ENSRNOT00000056808	ENSRNOT00000056808	3,2	3:94724521-94736243|3:94745177-94767170
3	104980954	104984877	circular_RNA/3	1	+	104980954	104980954	0,0,0	8	496,35,157,23,26,21,30,166	0,580,669,1434,1699,1961,2527,3757	3	circRNA	ENSRNOT00000042103	ENSRNOT00000042103	5,6,7,8,9,10,11,12	3:104936645-104980954|3:104984877-105017126
3	111212797	111260762	circular_RNA/1	0	-	111212797	111212797	0,0,0	24	95,128,226,141,172,94,68,134,168,86,118,85,143,30,30,96,81,210,68,196,204,54,215,121	0,4219,9727,15504,22186,23424,23820,24773,25086,26308,28949,29915,31242,32374,32405,36704,37626,38400,40371,41648,42936,44461,46522,47844	1	circRNA	ENSRNOT00000031672	ENSRNOT00000031672	28,27,26,25,24,23,22,21,20,19,18,17,16,15,14,13,12,11,10,9,8,7,6,5	3:111204228-111212797|3:111260762-111263330
3	113195875	113197193	circular_RNA/1	1	-	113195875	113195875	0,0,0	1	1318	0	1	circRNA	ENSRNOT00000019025	ENSRNOT00000019025	12	3:113190583-113195875|3:113197193-113202916
3	113854561	113862070	circular_RNA/1	0	+	113854561	113854561	0,0,0	4	142,81,99,171	0,765,6037,7338	1	circRNA	ENSRNOT00000044158	ENSRNOT00000044158	5,6,7,8	3:113851135-113854561|3:113862070-113877006
3	117360884	117382881	circular_RNA/2	1	-	117360884	117360884	0,0,0	14	52,209,72,99,69,51,102,64,50,154,192,95,60,209	0,199,1848,2196,2595,2943,4406,13486,13670,14139,14947,18943,20532,21788	2	circRNA	ENSRNOT00000081533	ENSRNOT00000081533	15,14,13,12,11,10,9,8,7,6,5,4,3,2	3:117354744-117360884|3:117382881-117389322
3	119263850	119265879	circular_RNA/1	0	-	119263850	119263850	0,0,0	4	206,83,284,66	0,345,525,1963	1	circRNA	ENSRNOT00000077398	ENSRNOT00000077398	37,36,35,34	3:119262272-119263850|3:119265879-119265957
3	120031371	120032307	circular_RNA/1	0	-	120031371	120031371	0,0,0	3	71,70,125	0,300,811	1	circRNA	ENSRNOT00000078994	ENSRNOT00000078994	5,4,3	3:120026865-120031371|3:120032307-120076084
3	160472800	160495240	circular_RNA/1	0	+	160472800	160472800	0,0,0	8	81,129,115,165,168,138,129,187	0,4956,7614,11492,18507,20385,21544,22253	1	circRNA	ENSRNOT00000066657	ENSRNOT00000066657	2,3,4,5,6,7,8,9	3:160467639-160472800|3:160495240-160512762
3	163592871	163600633	circular_RNA/2	1	+	163592871	163592871	0,0,0	4	147,180,256,69	0,1135,1928,7693	2	circRNA	ENSRNOT00000010054	ENSRNOT00000010054	4,5,6,7	3:163586741-163592871|3:163600633-163603651
2	3809212	3977804	circular_RNA/1	1	+	3809212	3809212	0,0,0	11	171,131,187,94,103,103,102,75,120,120,54	0,12003,25423,30370,46789,48593,49023,49591,51525,138743,168538	1	circRNA	ENSRNOT00000093593	ENSRNOT00000093593	7,8,9,10,11,12,13,14,15,16,17	2:3788653-3809212|2:3977804-4081149
2	3809212	3839676	circular_RNA/1	1	+	3809212	3809212	0,0,0	4	171,131,187,94	0,12003,25423,30370	1	circRNA	ENSRNOT00000093593	ENSRNOT00000093593	7,8,9,10	2:3788653-3809212|2:3839676-3856001
2	3809212	3860857	circular_RNA/1	1	+	3809212	3809212	0,0,0	9	171,131,187,94,103,103,102,75,120	0,12003,25423,30370,46789,48593,49023,49591,51525	1	circRNA	ENSRNOT00000093593	ENSRNOT00000093593	7,8,9,10,11,12,13,14,15	2:3788653-3809212|2:3860857-3947955
2	13644131	13658273	circular_RNA/2	1	-	13644131	13644131	0,0,0	8	79,151,53,32,118,71,136,153	0,3718,6344,10205,10912,11878,12841,13989	2	circRNA	ENSRNOT00000046251	ENSRNOT00000046251	9,8,7,6,5,4,3,2	2:13636464-13644131|2:13658273-13696019
2	20507149	20519067	circular_RNA/1	1	+	20507149	20507149	0,0,0	2	73,62	0,11856	1	circRNA	ENSRNOT00000021857	ENSRNOT00000021857	2,3	2:20431521-20507149|2:20519067-20531359
2	20507149	20531444	circular_RNA/2	0	+	20507149	20507149	0,0,0	3	73,62,85	0,11856,24210	2	circRNA	ENSRNOT00000021857	ENSRNOT00000021857	2,3,4	2:20431521-20507149|2:20531444-20626714
2	22781069	22792220	circular_RNA/2	1	-	22781069	22781069	0,0,0	6	79,92,115,238,90,174	0,1032,1202,9004,10676,10977	2	circRNA	ENSRNOT00000016135	ENSRNOT00000016135	7,6,5,4,3,2	2:22778612-22781069|2:22792220-22797914
2	22950022	22964734	circular_RNA/16	1	+	22950022	22950022	0,0,0	4	157,132,93,140	0,4702,7334,14572	16	circRNA	ENSRNOT00000073871	ENSRNOT00000073871	2,3,4,5	2:22910433-22950022|2:22964734-22997105
2	22954724	22964734	circular_RNA/1	1	+	22954724	22954724	0,0,0	3	132,93,140	0,2632,9870	1	circRNA	ENSRNOT00000073871	ENSRNOT00000073871	3,4,5	2:22950179-22954724|2:22964734-22997105
2	23399714	23410608	circular_RNA/4	1	+	23399714	23399714	0,0,0	3	187,191,208	0,3767,10686	4	circRNA	ENSRNOT00000014860	ENSRNOT00000014860	2,3,4	2:23385545-23399714|2:23410608-23458471
2	23399714	23458715	circular_RNA/9	1	+	23399714	23399714	0,0,0	4	187,191,208,244	0,3767,10686,58757	9	circRNA	ENSRNOT00000014860	ENSRNOT00000014860	2,3,4,5	2:23385545-23399714|2:23458715-23483916
2	24134221	24154613	circular_RNA/2	0	+	24134221	24134221	0,0,0	6	187,131,145,154,142,73	0,1137,5659,8211,11529,20319	2	circRNA	ENSRNOT00000089599	ENSRNOT00000089599	16,17,18,19,20,21	2:24126036-24134221|2:24154613-24161227
2	26252959	26280381	circular_RNA/2	0	-	26252959	26252959	0,0,0	8	164,125,161,164,88,179,114,68	0,8044,12534,16798,22456,24765,26542,27354	2	circRNA	ENSRNOT00000035017	ENSRNOT00000035017	13,12,11,10,9,8,7,6	2:26232226-26252959|2:26280381-26294876
2	28986098	29006321	circular_RNA/1	0	-	28986098	28986098	0,0,0	5	97,99,105,153,142	0,1475,8823,19843,20081	1	circRNA	ENSRNOT00000020692	ENSRNOT00000020692	8,7,6,5,4	2:28969941-28986098|2:29006321-29012762
2	54921902	54926986	circular_RNA/1	1	+	54921902	54921902	0,0,0	2	82,132	0,4952	1	circRNA	ENSRNOT00000017665	ENSRNOT00000017665	3,4	2:54903039-54921902|2:54926986-54938352
2	57320682	57324811	circular_RNA/1	1	+	57320682	57320682	0,0,0	4	937,108,8,167	0,2985,3786,3962	1	circRNA	ENSRNOT00000063899	ENSRNOT00000063899	25,26,27,28	2:57318633-57320682|2:57324811-57325352
2	57539192	57545068	circular_RNA/2	0	-	57539192	57539192	0,0,0	7	54,99,135,147,99,103,215	0,906,3624,4533,4771,5469,5661	2	circRNA	ENSRNOT00000083247	ENSRNOT00000083247	31,30,29,28,27,26,25	2:57532272-57539192|2:57545068-57545981
2	88402688	88408123	circular_RNA/1	1	-	88402688	88402688	0,0,0	5	149,148,197,201,176	0,841,2516,4960,5259	1	circRNA	ENSRNOT00000014762	ENSRNOT00000014762	9,8,7,6,5	2:88398717-88402688|2:88408123-88410463
2	94708674	94720889	circular_RNA/2	1	-	94708674	94708674	0,0,0	2	883,87	0,12128	2	circRNA	ENSRNOT00000081553	ENSRNOT00000081553	4,3	2:94697367-94708674|2:94720889-94729524
2	94716329	94720889	circular_RNA/1	1	-	94716329	94716329	0,0,0	2	883,87	0,4473	1	circRNA	ENSRNOT00000087598	ENSRNOT00000087598	6,5	2:94697367-94716329|2:94720889-94729524
2	104882049	104908155	circular_RNA/1	1	+	104882049	104882049	0,0,0	13	80,45,98,144,139,136,180,125,179,126,113,181,81	0,175,3825,8288,10231,14056,15728,21052,21851,23481,23981,24502,26025	1	circRNA	ENSRNOT00000064828	ENSRNOT00000064828	11,12,13,14,15,16,17,18,19,20,21,22,23	2:104873420-104882049|2:104908155-104912345
2	113177839	113233581	circular_RNA/2	1	-	113177839	113177839	0,0,0	7	54,139,60,152,59,291,244	0,2812,11934,14634,20115,51726,55498	2	circRNA	ENSRNOT00000034096	ENSRNOT00000034096	10,9,8,7,6,5,4	2:113161033-113177839|2:113233581-113247766
2	113229565	113233581	circular_RNA/1	1	-	113229565	113229565	0,0,0	2	291,244	0,3772	1	circRNA	ENSRNOT00000034096	ENSRNOT00000034096	5,4	2:113198013-113229565|2:113233581-113247766
2	115867934	115873982	circular_RNA/2	0	-	115867934	115867934	0,0,0	4	225,230,233,98	0,581,4036,5950	2	circRNA	ENSRNOT00000013191	ENSRNOT00000013191	7,6,5,4	2:115867058-115867934|2:115873982-115887606
2	116032461	116059895	circular_RNA/1	1	+	116032461	116032461	0,0,0	6	163,156,78,159,99,244	0,4531,8245,18853,21086,27190	1	circRNA	ENSRNOT00000089477	ENSRNOT00000089477	2,3,4,5,6,7	2:116028838-116032461|2:116059895-116064841
2	116051314	116070307	circular_RNA/1	1	+	116051314	116051314	0,0,0	7	159,99,244,449,153,48,154	0,2233,8337,13527,14249,14681,18839	1	circRNA	ENSRNOT00000089477	ENSRNOT00000089477	5,6,7,8,9,10,11	2:116040784-116051314|2:116070307-116074529
2	124187475	124205983	circular_RNA/1	1	+	124187475	124187475	0,0,0	4	210,54,80,127	0,11277,12958,18381	1	circRNA	ENSRNOT00000023584	ENSRNOT00000023584	11,12,13,14	2:124175321-124187475|2:124205983-124340786
2	127632147	127646485	circular_RNA/1	0	+	127632147	127632147	0,0,0	5	58,141,123,100,134	0,2453,10391,13793,14204	1	circRNA	ENSRNOT00000015474	ENSRNOT00000015474	3,4,5,6,7	2:127627242-127632147|2:127646485-127653299
2	128562841	128636642	circular_RNA/6	1	-	128562841	128562841	0,0,0	13	197,193,146,75,72,99,178,92,91,71,66,123,136	0,6453,11779,14347,17614,22542,27570,36253,40092,56232,61764,63524,73665	6	circRNA	ENSRNOT00000019256	ENSRNOT00000019256	18,17,16,15,14,13,12,11,10,9,8,7,6	2:128528306-128562841|2:128636642-128642779
2	128562841	128626488	circular_RNA/1	1	-	128562841	128562841	0,0,0	12	197,193,146,75,72,99,178,92,91,71,66,123	0,6453,11779,14347,17614,22542,27570,36253,40092,56232,61764,63524	1	circRNA	ENSRNOT00000019256	ENSRNOT00000019256	18,17,16,15,14,13,12,11,10,9,8,7	2:128528306-128562841|2:128626488-128636506
2	183520239	183555315	circular_RNA/2	1	-	183520239	183520239	0,0,0	7	175,158,222,113,75,109,102	0,5305,9042,14081,15547,21867,34974	2	circRNA	ENSRNOT00000014236	ENSRNOT00000014236	8,7,6,5,4,3,2	2:183505013-183520239|2:183555315-183582478
2	188269008	188286112	circular_RNA/1	1	+	188269008	188269008	0,0,0	2	516,4558	0,12546	1	circRNA	ENSRNOT00000027629	ENSRNOT00000027629	2,3	2:188253535-188269008|2:188286112-188301022
2	189723523	189726207	circular_RNA/2	1	+	189723523	189723523	0,0,0	3	132,171,316	0,1472,2368	2	circRNA	ENSRNOT00000021502	ENSRNOT00000021502	5,6,7	2:189722569-189723523|2:189726207-189728802
2	196028876	196030117	circular_RNA/4	1	+	196028876	196028876	0,0,0	2	107,338	0,903	4	circRNA	ENSRNOT00000082849	ENSRNOT00000082849	8,9	2:196023795-196028876|2:196030117-196031059
2	199925460	199967631	circular_RNA/1	1	-	199925460	199925460	0,0,0	12	82,171,195,180,138,114,159,213,93,120,132,118	0,247,4234,5444,6694,7261,8275,9754,10074,10398,11536,42053	1	circRNA	ENSRNOT00000087026	ENSRNOT00000087026	15,14,13,12,11,10,9,8,7,6,5,4	2:199924730-199925460|2:199967631-199967918
2	202986320	202998292	circular_RNA/1	1	-	202986320	202986320	0,0,0	6	81,119,52,24,18,256	0,2314,8233,8287,8313,11716	1	circRNA	ENSRNOT00000067000	ENSRNOT00000067000	7,6,5,4,3,2	2:202970894-202986320|2:202998292-203043182
2	205834851	205848593	circular_RNA/1	1	+	205834851	205834851	0,0,0	5	165,198,133,64,160	0,3533,9415,11411,13582	1	circRNA	ENSRNOT00000025600	ENSRNOT00000025600	10,11,12,13,14	2:205834075-205834851|2:205848593-205850280
2	219620158	219626341	circular_RNA/2	1	-	219620158	219620158	0,0,0	7	73,168,107,70,63,67,47	0,2675,3499,3736,4237,5939,6136	2	circRNA	ENSRNOT00000064484	ENSRNOT00000064484	8,7,6,5,4,3,2	2:219619678-219620158|2:219626341-219628653
2	223285166	223304322	circular_RNA/1	0	-	223285166	223285166	0,0,0	6	196,111,165,144,173,76	0,7032,7230,10776,11644,19080	1	circRNA	ENSRNOT00000015036	ENSRNOT00000015036	8,7,6,5,4,3	2:223269129-223285166|2:223304322-223320873
2	223292198	223304322	circular_RNA/1	0	-	223292198	223292198	0,0,0	5	111,165,144,173,76	0,198,3744,4612,12048	1	circRNA	ENSRNOT00000015036	ENSRNOT00000015036	7,6,5,4,3	2:223285362-223292198|2:223304322-223320873
2	226570540	226599301	circular_RNA/1	1	+	226570540	226570540	0,0,0	2	327,40	0,28721	1	circRNA	ENSRNOT00000065111	ENSRNOT00000065111	2,3	2:226563463-226570540|2:226599301-226655185
2	227814632	227847786	circular_RNA/2	1	-	227814632	227814632	0,0,0	4	129,186,155,88	0,3988,26076,33066	2	circRNA	ENSRNOT00000021335	ENSRNOT00000021335	5,4,3,2	2:227772176-227814632|2:227847786-227888943
2	258836958	258868235	circular_RNA/1	1	-	258836958	258836958	0,0,0	3	810,110,214	0,6840,31063	1	circRNA	ENSRNOT00000045905	ENSRNOT00000045905	4,3,2	2:258830770-258836958|2:258868235-258932027
6	14242133	14490352	circular_RNA/1	1	-	14242133	14242133	0,0,0	6	182,120,174,191,382,123	0,207958,215557,238356,239674,248096	1	circRNA	ENSRNOT00000071402	ENSRNOT00000071402	9,8,7,6,5,4	6:14087100-14242133|6:14490352-14513632
6	14450091	14490352	circular_RNA/1	1	-	14450091	14450091	0,0,0	5	120,174,191,382,123	0,7599,30398,31716,40138	1	circRNA	ENSRNOT00000071402	ENSRNOT00000071402	8,7,6,5,4	6:14242315-14450091|6:14490352-14513632
6	14457690	14490352	circular_RNA/2	1	-	14457690	14457690	0,0,0	4	174,191,382,123	0,22799,24117,32539	2	circRNA	ENSRNOT00000071402	ENSRNOT00000071402	7,6,5,4	6:14450211-14457690|6:14490352-14513632
6	14480489	14490352	circular_RNA/4	1	-	14480489	14480489	0,0,0	3	191,382,123	0,1318,9740	4	circRNA	ENSRNOT00000071402	ENSRNOT00000071402	6,5,4	6:14457864-14480489|6:14490352-14513632
6	19003637	19012898	circular_RNA/1	1	+	19003637	19003637	0,0,0	4	91,93,117,138	0,1748,7261,9123	1	circRNA	ENSRNOT00000090121	ENSRNOT00000090121	9,10,11,12	6:18989934-19003637|6:19012898-19021436
6	28022405	28051704	circular_RNA/5	1	+	28022405	28022405	0,0,0	4	86,155,106,167	0,19168,26306,29132	5	circRNA	ENSRNOT00000077830	ENSRNOT00000077830	5,6,7,8	6:28004718-28022405|6:28051704-28084524
6	48735639	48767368	circular_RNA/1	1	+	48735639	48735639	0,0,0	7	362,966,135,91,108,169,45	0,15490,20970,24998,26699,31514,31684	1	circRNA	ENSRNOT00000044310	ENSRNOT00000044310	9,10,11,12,13,14,15	6:48709049-48735639|6:48767368-48773611
6	48735639	48756744	circular_RNA/1	0	+	48735639	48735639	0,0,0	3	362,966,135	0,15490,20970	1	circRNA	ENSRNOT00000044310	ENSRNOT00000044310	9,10,11	6:48709049-48735639|6:48756744-48760637
6	54522273	54530157	circular_RNA/4	1	+	54522273	54522273	0,0,0	4	113,103,90,122	0,3900,6721,7762	4	circRNA	ENSRNOT00000084661	ENSRNOT00000084661	2,3,4,5	6:54488284-54522273|6:54530157-54539886
6	57821343	57852070	circular_RNA/3	1	+	57821343	57821343	0,0,0	4	75,86,90,161	0,16577,18316,30566	3	circRNA	ENSRNOT00000063874	ENSRNOT00000063874	17,18,19,20	6:57815140-57821343|6:57852070-57961173
6	76487879	76492176	circular_RNA/1	0	-	76487879	76487879	0,0,0	2	72,862	0,3435	1	circRNA	ENSRNOT00000010824	ENSRNOT00000010824	31,30	6:76461552-76487879|6:76492176-76500537
6	92154460	92158332	circular_RNA/1	0	-	92154460	92154460	0,0,0	1	3872	0	1	ciRNA	ENSRNOT00000006705	ENSRNOT00000006705	22	6:92154113-92158332
6	96060000	96079668	circular_RNA/2	1	+	96060000	96060000	0,0,0	5	153,74,104,141,126	0,2484,10496,13102,19542	2	circRNA	ENSRNOT00000010163	ENSRNOT00000010163	2,3,4,5,6	6:96007947-96060000|6:96079668-96107916
6	101729184	101795153	circular_RNA/1	0	+	101729184	101729184	0,0,0	7	138,93,56,120,59,154,122	0,22023,45561,54480,56501,57608,65847	1	circRNA	ENSRNOT00000075054	ENSRNOT00000075054	8,9,10,11,12,13,14	6:101691828-101729184|6:101795153-101831391
6	122817285	122855821	circular_RNA/2	0	-	122817285	122817285	0,0,0	13	142,128,112,203,101,94,106,187,119,107,168,213,257	0,4224,5315,6381,20395,21534,23957,30256,31473,31987,32691,36189,38279	2	circRNA	ENSRNOT00000057601	ENSRNOT00000057601	21,20,19,18,17,16,15,14,13,12,11,10,9	6:122812119-122817285|6:122855821-122859567
6	129864988	129890111	circular_RNA/1	1	+	129864988	129864988	0,0,0	10	165,56,70,88,109,93,133,121,59,179	0,6180,13428,14353,18330,18553,20390,21075,22023,24944	1	circRNA	ENSRNOT00000036035	ENSRNOT00000036035	2,3,4,5,6,7,8,9,10,11	6:129836208-129864988|6:129890111-129897946
9	1442053	1485363	circular_RNA/3	0	+	1442053	1442053	0,0,0	9	109,90,75,68,103,89,51,70,173	0,1472,1650,4013,31593,40122,41506,41660,43137	3	circRNA	ENSRNOT00000014171	ENSRNOT00000014171	5,6,7,8,9,10,11,12,13	9:1363362-1442053|9:1485363-1545229
9	7022982	7029397	circular_RNA/1	1	+	7022982	7022982	0,0,0	3	98,102,175	0,3946,6240	1	circRNA	ENSRNOT00000072796	ENSRNOT00000072796	4,5,6	9:7002330-7022982|9:7029397-7052917
9	11217253	11219449	circular_RNA/1	0	-	11217253	11217253	0,0,0	3	44,49,28	0,297,2168	1	circRNA	ENSRNOT00000082837	ENSRNOT00000082837	4,3,2	9:11209094-11217253|9:11219449-11339639
9	20826560	20856145	circular_RNA/1	1	+	20826560	20826560	0,0,0	12	188,79,95,105,37,63,166,143,113,102,176,64	0,2283,2721,4672,7004,8331,12404,13194,19302,20105,22644,29521	1	circRNA	ENSRNOT00000016291	ENSRNOT00000016291	6,7,8,9,10,11,12,13,14,15,16,17	9:20817197-20826560|9:20856145-20858340
9	28552020	28595563	circular_RNA/1	1	-	28552020	28552020	0,0,0	11	113,72,90,63,126,157,72,154,172,131,113	0,6753,23550,28221,29789,30617,35081,36146,36405,38302,43430	1	circRNA	ENSRNOT00000015453	ENSRNOT00000015453	23,22,21,20,19,18,17,16,15,14,13	9:28534987-28552020|9:28595563-28598927
9	31604267	31660864	circular_RNA/1	0	-	31604267	31604267	0,0,0	6	44,103,76,150,109,69	0,16050,27232,28193,53105,56528	1	circRNA	ENSRNOT00000016194	ENSRNOT00000016194	15,14,13,12,11,10	9:31442183-31604267|9:31660864-31693797
9	31620317	31660864	circular_RNA/1	0	-	31620317	31620317	0,0,0	5	103,76,150,109,69	0,11182,12143,37055,40478	1	circRNA	ENSRNOT00000016194	ENSRNOT00000016194	14,13,12,11,10	9:31604311-31620317|9:31660864-31693797
9	37085096	37117919	circular_RNA/1	0	-	37085096	37085096	0,0,0	8	139,132,117,305,184,316,1720,162	0,724,3436,13986,16630,19815,25426,32661	1	circRNA	ENSRNOT00000015638	ENSRNOT00000015638	10,9,8,7,6,5,4,3	9:37084044-37085096|9:37117919-37134324
9	53646696	53648288	circular_RNA/5	1	+	53646696	53646696	0,0,0	1	1592	0	5	circRNA	ENSRNOT00000031267	ENSRNOT00000031267	3	9:53627021-53646696|9:53648288-53678092
9	64777319	64799949	circular_RNA/3	1	+	64777319	64777319	0,0,0	5	109,50,247,207,136	0,3197,6221,20998,22494	3	circRNA	ENSRNOT00000081497	ENSRNOT00000081497	4,5,6,7,8	9:64754187-64777319|9:64799949-64821472
9	67248566	67277339	circular_RNA/1	1	+	67248566	67248566	0,0,0	5	98,147,122,159,174	0,3281,4037,8818,28599	1	circRNA	ENSRNOT00000050179	ENSRNOT00000050179	4,5,6,7,8	9:67242222-67248566|9:67277339-67281932
9	69854063	69860576	circular_RNA/1	1	-	69854063	69854063	0,0,0	2	109,731	0,5782	1	circRNA	ENSRNOT00000035879	ENSRNOT00000035879	5,4	9:69849129-69854063|9:69860576-69867955
9	69859845	69868399	circular_RNA/2	0	-	69859845	69859845	0,0,0	3	731,247,92	0,8110,8462	2	circRNA	ENSRNOT00000035879	ENSRNOT00000035879	4,3,2	9:69854172-69859845|9:69868399-69878604
9	73399272	73437304	circular_RNA/2	0	+	73399272	73399272	0,0,0	4	285,114,78,62	0,17207,19266,37970	2	circRNA	ENSRNOT00000092485	ENSRNOT00000092485	4,5,6,7	9:73378135-73399272|9:73437304-73444317
9	92360875	92382401	circular_RNA/1	1	-	92360875	92360875	0,0,0	7	96,84,137,106,60,656,126	0,939,6061,11917,19334,19481,21400	1	circRNA	ENSRNOT00000079452	ENSRNOT00000079452	8,7,6,5,4,3,2	9:92354195-92360875|9:92382401-92404972
9	94463646	94481167	circular_RNA/1	1	+	94463646	94463646	0,0,0	5	130,96,115,112,41	0,1057,11048,16482,17480	1	circRNA	ENSRNOT00000064965	ENSRNOT00000064965	4,5,6,7,8	9:94453653-94463646|9:94481167-94490103
9	94463646	94474809	circular_RNA/1	1	+	94463646	94463646	0,0,0	3	130,96,115	0,1057,11048	1	circRNA	ENSRNOT00000064965	ENSRNOT00000064965	4,5,6	9:94453653-94463646|9:94474809-94480128
9	112317484	112377503	circular_RNA/4	1	+	112317484	112317484	0,0,0	11	252,145,172,128,174,187,178,203,183,115,71	0,815,10781,24842,35983,42915,45770,49879,53179,57368,59948	4	circRNA	ENSRNOT00000020767	ENSRNOT00000020767	2,3,4,5,6,7,8,9,10,11,12	9:112294506-112317484|9:112377503-112406659
11	10066410	10125109	circular_RNA/1	1	+	10066410	10066410	0,0,0	18	206,82,169,167,122,232,122,172,198,27,43,155,336,108,145,249,407,153	0,1675,1902,2182,7725,8618,9930,13648,19476,23456,24890,32326,34807,37189,40329,44009,55064,58546	1	circRNA	ENSRNOT00000087080	ENSRNOT00000087080	9,10,11,12,13,14,15,16,17,18,19,20,21,22,23,24,25,26	11:10056641-10066410|11:10125109-10134403
11	30400932	30403930	circular_RNA/1	0	-	30400932	30400932	0,0,0	4	150,140,136,162	0,700,1333,2836	1	circRNA	ENSRNOT00000047741	ENSRNOT00000047741	7,6,5,4	11:30395824-30400932|11:30403930-30406464
11	31138386	31152507	circular_RNA/1	1	-	31138386	31138386	0,0,0	9	85,192,24,166,153,82,170,97,62	0,1763,4167,6452,8845,10997,12177,13246,14059	1	circRNA	ENSRNOT00000052033	ENSRNOT00000052033	14,13,12,11,10,9,8,7,6	11:31135102-31138386|11:31152507-31157103
11	34060061	34073206	circular_RNA/3	1	+	34060061	34060061	0,0,0	8	73,133,215,148,148,129,120,98	0,3027,3986,5825,7654,10620,11357,13047	3	circRNA	ENSRNOT00000076473	ENSRNOT00000076473	2,3,4,5,6,7,8,9	11:34052168-34060061|11:34073206-34078488
11	34065891	34070810	circular_RNA/2	0	+	34065891	34065891	0,0,0	2	143,129	0,4790	2	circRNA	ENSRNOT00000064751	ENSRNOT00000064751	5,6	11:34064262-34065891|11:34070810-34071418
11	44244978	44255568	circular_RNA/3	1	-	44244978	44244978	0,0,0	7	94,126,81,151,125,219,41	0,3811,4083,4951,8570,9403,10549	3	circRNA	ENSRNOT00000084060	ENSRNOT00000084060	15,14,13,12,11,10,9	11:44242925-44244978|11:44255568-44256647
11	53197530	53202367	circular_RNA/2	1	+	53197530	53197530	0,0,0	3	1006,136,149	0,1906,4688	2	circRNA	ENSRNOT00000002700	ENSRNOT00000002700	9,10,11	11:53178615-53197530|11:53202367-53215933
11	62059610	62067655	circular_RNA/3	0	-	62059610	62059610	0,0,0	4	188,164,49,100	0,553,5943,7945	3	circRNA	ENSRNOT00000081443	ENSRNOT00000081443	7,6,5,4	11:62027825-62059610|11:62067655-62172314
11	83135742	83203881	circular_RNA/1	1	-	83135742	83135742	0,0,0	12	54,166,170,81,83,88,104,43,90,148,47,90	0,15607,19765,23304,30212,30574,36589,39559,40358,44480,65835,68049	1	circRNA	ENSRNOT00000029255	ENSRNOT00000029255	41,40,39,38,37,36,35,34,33,32,31,30	11:83108589-83135742|11:83203881-83210609
10	13737925	13747119	circular_RNA/1	1	+	13737925	13737925	0,0,0	3	128,166,260	0,1151,8934	1	circRNA	ENSRNOT00000079700	ENSRNOT00000079700	3,4,5	10:13736936-13737925|10:13747119-13748949
10	16706377	16730140	circular_RNA/1	0	-	16706377	16706377	0,0,0	7	123,74,190,195,1090,126,195	0,1205,3612,5495,17684,21358,23568	1	circRNA	ENSRNOT00000079462	ENSRNOT00000079462	8,7,6,5,4,3,2	10:16699206-16706377|10:16730140-16752154
10	16724061	16725151	circular_RNA/4	1	-	16724061	16724061	0,0,0	1	1090	0	4	circRNA	ENSRNOT00000079462	ENSRNOT00000079462	4	10:16712067-16724061|10:16725151-16727735
10	16724061	16730140	circular_RNA/18	0	-	16724061	16724061	0,0,0	3	1090,126,195	0,3674,5884	18	circRNA	ENSRNOT00000079462	ENSRNOT00000079462	4,3,2	10:16712067-16724061|10:16730140-16752154
10	18415561	18435415	circular_RNA/1	0	-	18415561	18415561	0,0,0	4	66,167,91,147	0,9165,15262,19707	1	circRNA	ENSRNOT00000080021	ENSRNOT00000080021	5,4,3,2	10:18410314-18415561|10:18435415-18443890
10	21109520	21216881	circular_RNA/1	1	-	21109520	21109520	0,0,0	3	239,235,210	0,26828,107151	1	circRNA	ENSRNOT00000011922	ENSRNOT00000011922	4,3,2	10:21055914-21109520|10:21216881-21264945
10	29318808	29319752	circular_RNA/5	1	+	29318808	29318808	0,0,0	1	944	0	5	circRNA	ENSRNOT00000067013	ENSRNOT00000067013	2	10:29289736-29318808|10:29319752-29330336
10	30980708	30993573	circular_RNA/2	1	+	30980708	30980708	0,0,0	7	105,97,109,165,178,247,70	0,621,2795,3728,8022,11500,12795	2	circRNA	ENSRNOT00000035346	ENSRNOT00000035346	2,3,4,5,6,7,8	10:30834050-30980708|10:30993573-31000441
10	35877075	35877135	circular_RNA/3	1	+	35877075	35877075	0,0,0	1	60	0	3	circRNA	ENSRNOT00000078505	ENSRNOT00000078505	10	10:35876397-35877075|10:35877135-35877226
10	38712830	38720071	circular_RNA/1	0	+	38712830	38712830	0,0,0	3	127,780,45	0,3848,7196	1	circRNA	ENSRNOT00000009440	ENSRNOT00000009440	2,3,4	10:38692519-38712830|10:38720071-38724976
10	45426858	45428698	circular_RNA/1	0	-	45426858	45426858	0,0,0	2	276,276	0,1564	1	circRNA	ENSRNOT00000087926	ENSRNOT00000087926	21,20	10:45425098-45426858|10:45428698-45431655
10	48460655	48470732	circular_RNA/1	1	+	48460655	48460655	0,0,0	3	82,154,103	0,4661,9974	1	circRNA	ENSRNOT00000080682	ENSRNOT00000080682	10,11,12	10:48453602-48460655|10:48470732-48522781
10	52487182	52515877	circular_RNA/1	1	-	52487182	52487182	0,0,0	5	163,197,162,240,103	0,9007,14856,27900,28592	1	circRNA	ENSRNOT00000005583	ENSRNOT00000005583	44,43,42,41,40	10:52476674-52487182|10:52515877-52518328
10	57508984	57535424	circular_RNA/1	1	+	57508984	57508984	0,0,0	5	129,204,161,120,136	0,8695,11047,18564,26304	1	circRNA	ENSRNOT00000041443	ENSRNOT00000041443	2,3,4,5,6	10:57462526-57508984|10:57535424-57538128
10	61464685	61498597	circular_RNA/1	1	-	61464685	61464685	0,0,0	8	102,229,103,169,207,75,85,209	0,1286,2252,3216,12163,18834,19143,33703	1	circRNA	ENSRNOT00000092712	ENSRNOT00000092712	9,8,7,6,5,4,3,2	10:61461576-61464685|10:61498597-61576287
10	63099324	63128581	circular_RNA/1	1	+	63099324	63099324	0,0,0	5	91,57,129,208,109	0,22144,26528,28170,29148	1	circRNA	ENSRNOT00000030749	ENSRNOT00000030749	2,3,4,5,6	10:63098142-63099324|10:63128581-63130447
10	81736164	81775857	circular_RNA/1	1	+	81736164	81736164	0,0,0	6	71,95,151,208,100,122	0,14866,19524,36201,37180,39571	1	circRNA	ENSRNOT00000003777	ENSRNOT00000003777	3,4,5,6,7,8	10:81714733-81736164|10:81775857-81783626
10	81751030	81775857	circular_RNA/2	1	+	81751030	81751030	0,0,0	5	95,151,208,100,122	0,4658,21335,22314,24705	2	circRNA	ENSRNOT00000003777	ENSRNOT00000003777	4,5,6,7,8	10:81736235-81751030|10:81775857-81783626
10	93451476	93483645	circular_RNA/2	0	+	93451476	93451476	0,0,0	10	168,96,93,111,137,153,67,98,82,92	0,12897,14131,19139,19832,21706,24770,26542,28463,32077	2	circRNA	ENSRNOT00000066484	ENSRNOT00000066484	7,8,9,10,11,12,13,14,15,16	10:93441515-93451476|10:93483645-93492512
10	95265353	95268582	circular_RNA/2	1	-	95265353	95265353	0,0,0	4	226,83,464,229	0,404,2046,3000	2	circRNA	ENSRNOT00000085210	ENSRNOT00000085210	26,25,24,23	10:95262032-95265353|10:95268582-95274445
10	96759544	96793149	circular_RNA/2	1	+	96759544	96759544	0,0,0	5	48,78,87,100,119	0,300,19951,31292,33486	2	circRNA	ENSRNOT00000037067	ENSRNOT00000037067	7,8,9,10,11	10:96722491-96759544|10:96793149-96794636
10	96811459	96871716	circular_RNA/1	1	+	96811459	96811459	0,0,0	7	155,130,93,60,80,136,108	0,419,1182,2840,9600,42645,60149	1	circRNA	ENSRNOT00000037067	ENSRNOT00000037067	13,14,15,16,17,18,19	10:96794780-96811459|10:96871716-96893899
10	110495071	110500097	circular_RNA/1	1	+	110495071	110495071	0,0,0	3	195,148,147	0,2245,4879	1	circRNA	ENSRNOT00000054919	ENSRNOT00000054919	2,3,4	10:110469408-110495071|10:110500097-110505761
13	26366466	26377986	circular_RNA/1	0	+	26366466	26366466	0,0,0	3	163,131,105	0,7228,11415	1	circRNA	ENSRNOT00000003840	ENSRNOT00000003840	13,14,15	13:26362057-26366466|13:26377986-26387925
13	31186233	31209056	circular_RNA/1	1	+	31186233	31186233	0,0,0	5	254,137,122,118,252	0,17509,18464,19251,22571	1	circRNA	ENSRNOT00000041413	ENSRNOT00000041413	7,8,9,10,11	13:31163102-31186233|13:31209056-31227591
13	35748507	35784163	circular_RNA/2	1	-	35748507	35748507	0,0,0	7	173,64,89,88,121,53,45	0,3657,20911,24990,34679,35074,35611	2	circRNA	ENSRNOT00000003568	ENSRNOT00000003568	12,11,10,9,8,7,6	13:35736524-35748507|13:35784163-35789304
13	35748507	35789523	circular_RNA/1	0	-	35748507	35748507	0,0,0	9	173,64,89,88,121,53,45,79,43	0,3657,20911,24990,34679,35074,35611,40797,40973	1	circRNA	ENSRNOT00000003568	ENSRNOT00000003568	12,11,10,9,8,7,6,5,4	13:35736524-35748507|13:35789523-35806620
13	35769418	35784163	circular_RNA/2	1	-	35769418	35769418	0,0,0	5	89,88,121,53,45	0,4079,13768,14163,14700	2	circRNA	ENSRNOT00000003568	ENSRNOT00000003568	10,9,8,7,6	13:35752228-35769418|13:35784163-35789304
13	41892318	41907307	circular_RNA/1	1	+	41892318	41892318	0,0,0	6	63,82,191,82,88,65	0,5846,7883,10175,11879,14924	1	circRNA	ENSRNOT00000004581	ENSRNOT00000004581	5,6,7,8,9,10	13:41888924-41892318|13:41907307-41910905
13	49210803	49211192	circular_RNA/3	1	+	49210803	49210803	0,0,0	1	389	0	3	circRNA	ENSRNOT00000004810	ENSRNOT00000004810	2	13:49195658-49210803|13:49211192-49224917
13	50102721	50103381	circular_RNA/1	1	+	50102721	50102721	0,0,0	1	660	0	1	circRNA	ENSRNOT00000046273	ENSRNOT00000046273	2	13:50091722-50102721|13:50103381-50115930
13	60591301	60591406	circular_RNA/2	0	+	60591301	60591301	0,0,0	1	105	0	2	circRNA	ENSRNOT00000077153	ENSRNOT00000077153	5	13:60591221-60591301|13:60591406-60591486
13	73615096	73622224	circular_RNA/4	1	-	73615096	73615096	0,0,0	5	617,160,112,47,86	0,2924,4276,5473,7042	4	circRNA	ENSRNOT00000005195	ENSRNOT00000005195	6,5,4,3,2	13:73588335-73615096|13:73622224-73637713
13	78382227	78492542	circular_RNA/1	1	-	78382227	78382227	0,0,0	8	151,94,142,167,103,67,111,158	0,11144,60814,80383,81981,88502,108245,110157	1	circRNA	ENSRNOT00000003671	ENSRNOT00000003671	13,12,11,10,9,8,7,6	13:78227509-78382227|13:78492542-78502129
13	83601156	83607039	circular_RNA/2	0	-	83601156	83601156	0,0,0	4	322,69,116,118	0,537,1031,5765	2	circRNA	ENSRNOT00000004199	ENSRNOT00000004199	16,15,14,13	13:83595098-83601156|13:83607039-83616628
13	95120751	95208329	circular_RNA/1	0	-	95120751	95120751	0,0,0	7	129,123,69,66,132,145,112	0,7908,47067,48480,72257,75506,87466	1	circRNA	ENSRNOT00000085648	ENSRNOT00000085648	9,8,7,6,5,4,3	13:95105706-95120751|13:95208329-95230646
13	95167818	95208329	circular_RNA/1	0	-	95167818	95167818	0,0,0	5	69,66,132,145,112	0,1413,25190,28439,40399	1	circRNA	ENSRNOT00000085648	ENSRNOT00000085648	7,6,5,4,3	13:95128782-95167818|13:95208329-95230646
13	95169231	95230772	circular_RNA/1	1	-	95169231	95169231	0,0,0	5	66,132,145,112,126	0,23777,27026,38986,61415	1	circRNA	ENSRNOT00000085648	ENSRNOT00000085648	6,5,4,3,2	13:95167887-95169231|13:95230772-95250092
13	98386341	98403224	circular_RNA/1	0	+	98386341	98386341	0,0,0	7	248,106,125,106,149,92,77	0,5272,8187,10582,11043,13511,16806	1	circRNA	ENSRNOT00000003837	ENSRNOT00000003837	15,16,17,18,19,20,21	13:98375040-98386341|13:98403224-98408417
13	98386341	98408456	circular_RNA/3	0	+	98386341	98386341	0,0,0	8	248,106,125,106,149,92,77,39	0,5272,8187,10582,11043,13511,16806,22076	3	circRNA	ENSRNOT00000003837	ENSRNOT00000003837	15,16,17,18,19,20,21,22	13:98375040-98386341|13:98408456-98419148
13	99428706	99462113	circular_RNA/1	0	-	99428706	99428706	0,0,0	16	100,120,63,105,219,250,145,118,102,135,77,133,273,58,97,53	0,1542,3806,6424,8028,10810,14100,16710,21471,23305,24174,24416,29276,30684,33169,33354	1	circRNA	ENSRNOT00000004927	ENSRNOT00000004927	18,17,16,15,14,13,12,11,10,9,8,7,6,5,4,3	13:99418841-99428706|13:99462113-99466367
12	747928	763231	circular_RNA/1	1	+	747928	747928	0,0,0	4	116,106,161,124	0,3632,8796,15179	1	circRNA	ENSRNOT00000040830	ENSRNOT00000040830	17,18,19,20	12:746280-747928|12:763231-765765
12	8189806	8220963	circular_RNA/1	1	-	8189806	8189806	0,0,0	3	212,99,162	0,7961,30995	1	circRNA	ENSRNOT00000085869	ENSRNOT00000085869	7,6,5	12:8144289-8189806|12:8220963-8323967
12	9229551	9273272	circular_RNA/1	0	-	9229551	9229551	0,0,0	9	91,166,102,117,162,58,105,248,148	0,1136,3816,4004,4358,7505,8814,11011,43573	1	circRNA	ENSRNOT00000044134	ENSRNOT00000044134	14,13,12,11,10,9,8,7,6	12:9224845-9229551|12:9273272-9297690
12	9273124	9313769	circular_RNA/5	0	-	9273124	9273124	0,0,0	5	148,162,71,67,122	0,24566,36862,38396,40523	5	circRNA	ENSRNOT00000044134	ENSRNOT00000044134	6,5,4,3,2	12:9240810-9273124|12:9313769-9331109
12	28218156	28225010	circular_RNA/3	1	+	28218156	28218156	0,0,0	3	221,45,96	0,1944,6758	3	circRNA	ENSRNOT00000001182	ENSRNOT00000001182	3,4,5	12:28215855-28218156|12:28225010-28229416
12	29071002	29073065	circular_RNA/1	1	+	29071002	29071002	0,0,0	3	193,38,78	0,869,1985	1	circRNA	ENSRNOT00000085696	ENSRNOT00000085696	24,25,26	12:29070471-29071002|12:29073065-29073578
12	38066476	38075574	circular_RNA/1	0	-	38066476	38066476	0,0,0	5	117,109,723,116,89	0,2468,5149,8344,9009	1	circRNA	ENSRNOT00000057814	ENSRNOT00000057814	11,10,9,8,7	12:38059331-38066476|12:38075574-38080066
12	40269633	40270510	circular_RNA/1	0	-	40269633	40269633	0,0,0	2	228,146	0,731	1	circRNA	ENSRNOT00000001691	ENSRNOT00000001691	22,21	12:40267854-40269633|12:40270510-40275448
12	40915009	40923559	circular_RNA/1	1	+	40915009	40915009	0,0,0	5	123,195,193,117,114	0,3474,6332,7902,8436	1	circRNA	ENSRNOT00000046323	ENSRNOT00000046323	2,3,4,5,6	12:40895704-40915009|12:40923559-40930377
12	44595925	44619411	circular_RNA/1	1	-	44595925	44595925	0,0,0	7	368,49,73,42,169,125,68	0,2071,5530,6129,13622,18892,23418	1	circRNA	ENSRNOT00000071074	ENSRNOT00000071074	14,13,12,11,10,9,8	12:44555483-44595925|12:44619411-44633621
12	44761633	44825909	circular_RNA/1	0	-	44761633	44761633	0,0,0	3	514,151,141	0,59456,64135	1	circRNA	ENSRNOT00000071074	ENSRNOT00000071074	4,3,2	12:44688936-44761633|12:44825909-44910967
15	3233140	3239097	circular_RNA/1	0	-	3233140	3233140	0,0,0	2	109,173	0,5784	1	circRNA	ENSRNOT00000080274	ENSRNOT00000080274	6,5	15:3152981-3233140|15:3239097-3293834
15	19972054	19975401	circular_RNA/1	1	-	19972054	19972054	0,0,0	3	192,253,150	0,1012,3197	1	circRNA	ENSRNOT00000032704	ENSRNOT00000032704	11,10,9	15:19966137-19972054|15:19975401-19979327
15	23792823	23793342	circular_RNA/1	0	+	23792823	23792823	0,0,0	1	519	0	1	circRNA	ENSRNOT00000089226	ENSRNOT00000089226	3	15:23667191-23792823|15:23793342-23829794
15	41493484	41507648	circular_RNA/2	1	+	41493484	41493484	0,0,0	6	85,86,112,147,1495,92	0,1654,4621,10226,11709,14072	2	circRNA	ENSRNOT00000019551	ENSRNOT00000019551	4,5,6,7,8,9	15:41488412-41493484|15:41507648-41513479
15	105687770	105688392	circular_RNA/1	1	+	105687770	105687770	0,0,0	1	622	0	1	circRNA	ENSRNOT00000014300	ENSRNOT00000014300	2	15:105640329-105687770|15:105688392-105743544
15	109004697	109168413	circular_RNA/1	0	+	109004697	109004697	0,0,0	23	114,54,14,11,22,15,21,49,37,79,103,95,151,144,75,30,12,21,6,76,111,103,103	0,1924,20247,23875,38478,41447,47031,54653,59217,71691,83090,88065,89781,115634,116832,121015,122095,122412,122877,123009,130968,136768,163613	1	circRNA	ENSRNOT00000077482	ENSRNOT00000077482	5,6,7,8,9,10,11,12,13,14,15,16,17,18,19,20,21,22,23,24,25,26,27	15:108988130-109004697|15:109168413-109211422
14	2944121	2955913	circular_RNA/1	0	+	2944121	2944121	0,0,0	8	190,225,75,126,144,90,98,61	0,763,1861,6411,8434,9406,9588,11731	1	circRNA	ENSRNOT00000061630	ENSRNOT00000061630	3,4,5,6,7,8,9,10	14:2924865-2944121|14:2955913-2960527
14	10786398	10794860	circular_RNA/4	1	+	10786398	10786398	0,0,0	3	716,124,143	0,5606,8319	4	circRNA	ENSRNOT00000003006	ENSRNOT00000003006	1,2,3	None|14:10794860-10811034
14	10792004	10815860	circular_RNA/1	1	+	10792004	10792004	0,0,0	5	124,143,217,74,198	0,2713,19030,23245,23658	1	circRNA	ENSRNOT00000003006	ENSRNOT00000003006	2,3,4,5,6	14:10787114-10792004|14:10815860-10816617
14	37228631	37254001	circular_RNA/1	1	-	37228631	37228631	0,0,0	5	109,92,71,92,115	0,9873,12977,22654,25255	1	circRNA	ENSRNOT00000065458	ENSRNOT00000065458	8,7,6,5,4	14:37216464-37228631|14:37254001-37261801
14	39985574	40035210	circular_RNA/1	1	+	39985574	39985574	0,0,0	7	149,68,221,83,138,153,212	0,29724,40331,42145,46443,46704,49424	1	circRNA	ENSRNOT00000003240	ENSRNOT00000003240	2,3,4,5,6,7,8	14:39964790-39985574|14:40035210-40048844
14	63148825	63156487	circular_RNA/2	1	+	63148825	63148825	0,0,0	5	195,123,205,46,74	0,2339,3333,7433,7588	2	circRNA	ENSRNOT00000006071	ENSRNOT00000006071	3,4,5,6,7	14:63101084-63148825|14:63156487-63169851
14	106921498	107008241	circular_RNA/1	0	-	106921498	106921498	0,0,0	10	125,108,148,144,885,49,179,205,163,123	0,3655,9293,30278,35962,40801,41430,72682,82203,86620	1	circRNA	ENSRNOT00000012131	ENSRNOT00000012131	18,17,16,15,14,13,12,11,10,9	14:106919203-106921498|14:107008241-107008816
14	108332092	108358009	circular_RNA/1	1	-	108332092	108332092	0,0,0	12	74,29,92,100,33,100,146,153,124,111,87,161	0,243,1408,5719,7074,9413,11169,15781,18017,22461,22671,25756	1	circRNA	ENSRNOT00000088116	ENSRNOT00000088116	17,16,15,14,13,12,11,10,9,8,7,6	14:108331107-108332092|14:108358009-108359953
14	108347873	108358009	circular_RNA/1	1	-	108347873	108347873	0,0,0	5	153,124,111,87,161	0,2236,6680,6890,9975	1	circRNA	ENSRNOT00000088116	ENSRNOT00000088116	10,9,8,7,6	14:108343407-108347873|14:108358009-108359953
17	5429864	5451042	circular_RNA/1	1	-	5429864	5429864	0,0,0	10	107,60,179,115,84,51,44,67,168,75	0,3068,6715,9717,10509,11139,11835,11954,19885,21103	1	circRNA	ENSRNOT00000025096	ENSRNOT00000025096	14,13,12,11,10,9,8,7,6,5	17:5421904-5429864|17:5451042-5452364
17	5555490	5571375	circular_RNA/1	1	+	5555490	5555490	0,0,0	6	98,117,692,84,87,149	0,4166,8028,14256,15568,15736	1	circRNA	ENSRNOT00000025381	ENSRNOT00000025381	13,14,15,16,17,18	17:5548199-5555490|17:5571375-5582855
17	6169816	6189453	circular_RNA/3	1	-	6169816	6169816	0,0,0	6	100,98,36,306,133,137	0,5041,7331,17296,18480,19500	3	circRNA	ENSRNOT00000082611	ENSRNOT00000082611	12,11,10,9,8,7	17:6076050-6169816|17:6189453-6203225
17	6169816	6206746	circular_RNA/2	0	-	6169816	6169816	0,0,0	8	100,98,36,306,133,137,155,69	0,5041,7331,17296,18480,19500,33409,36861	2	circRNA	ENSRNOT00000082611	ENSRNOT00000082611	12,11,10,9,8,7,6,5	17:6076050-6169816|17:6206746-6211434
17	9613029	9614622	circular_RNA/2	1	+	9613029	9613029	0,0,0	2	232,388	0,1205	2	circRNA	ENSRNOT00000017349	ENSRNOT00000017349	4,5	17:9611511-9613029|17:9614622-9617326
17	9912157	9914708	circular_RNA/1	1	-	9912157	9912157	0,0,0	1	2551	0	1	circRNA	ENSRNOT00000060928	ENSRNOT00000060928	5	17:9897707-9912157|17:9914708-9920617
17	32195243	32208783	circular_RNA/3	1	+	32195243	32195243	0,0,0	5	175,153,118,143,156	0,2556,5727,9086,13384	3	circRNA	ENSRNOT00000024161	ENSRNOT00000024161	2,3,4,5,6	17:32190897-32195243|17:32208783-32209081
17	34787651	34799549	circular_RNA/1	1	+	34787651	34787651	0,0,0	3	67,117,142	0,3755,11756	1	circRNA	ENSRNOT00000092101	ENSRNOT00000092101	22,23,24	17:34785102-34787651|17:34799549-34828758
17	52378629	52555114	circular_RNA/4	1	-	52378629	52378629	0,0,0	6	202,147,206,106,243,165	0,4063,7304,32211,98702,176320	4	circRNA	ENSRNOT00000019396	ENSRNOT00000019396	7,6,5,4,3,2	17:52366900-52378629|17:52555114-52568861
17	53854377	53888201	circular_RNA/1	1	-	53854377	53854377	0,0,0	10	199,85,176,241,98,95,73,155,77,80	0,2811,20918,21600,24346,25476,27989,30696,32324,33744	1	circRNA	ENSRNOT00000010836	ENSRNOT00000010836	17,16,15,14,13,12,11,10,9,8	17:53844933-53854377|17:53888201-53890380
17	58127556	58157796	circular_RNA/1	0	-	58127556	58127556	0,0,0	3	182,169,152	0,18655,30088	1	circRNA	ENSRNOT00000083331	ENSRNOT00000083331	7,6,5	17:58108781-58127556|17:58157796-58161567
17	75579711	75616081	circular_RNA/1	1	+	75579711	75579711	0,0,0	6	49,135,80,159,64,135	0,9234,17227,20985,24631,36235	1	circRNA	ENSRNOT00000023436	ENSRNOT00000023436	4,5,6,7,8,9	17:75549932-75579711|17:75616081-75640959
17	76250433	76265943	circular_RNA/1	1	-	76250433	76250433	0,0,0	7	104,73,1,54,28,195,161	0,344,3224,5863,6726,10202,15349	1	circRNA	ENSRNOT00000058070	ENSRNOT00000058070	9,8,7,6,5,4,3	17:76245712-76250433|17:76265943-76277650
17	76260635	76281678	circular_RNA/1	0	-	76260635	76260635	0,0,0	4	195,161,780,380	0,5147,17015,20663	1	circRNA	ENSRNOT00000092452	ENSRNOT00000092452	5,4,3,2	None|17:76281678-76287138
17	76277650	76281678	circular_RNA/1	0	-	76277650	76277650	0,0,0	2	780,380	0,3648	1	circRNA	ENSRNOT00000092452	ENSRNOT00000092452	3,2	17:76265943-76277650|17:76281678-76287138
17	81475362	81513161	circular_RNA/1	1	+	81475362	81475362	0,0,0	8	170,175,173,150,108,67,159,188	0,2547,8325,25545,27001,29662,35450,37611	1	circRNA	ENSRNOT00000044313	ENSRNOT00000044313	5,6,7,8,9,10,11,12	17:81469588-81475362|17:81513161-81541188
17	85036936	85057912	circular_RNA/1	1	-	85036936	85036936	0,0,0	5	164,91,94,98,166	0,9092,18614,19551,20810	1	circRNA	ENSRNOT00000000162	ENSRNOT00000000162	8,7,6,5,4	17:85009997-85036936|17:85057912-85063955
17	87758881	87771508	circular_RNA/3	1	-	87758881	87758881	0,0,0	5	1894,30,55,79,93	0,3173,8234,10996,12534	3	circRNA	ENSRNOT00000068156	ENSRNOT00000068156	8,7,6,5,4	17:87750199-87758881|17:87771508-87795319
16	2138231	2171786	circular_RNA/1	0	-	2138231	2138231	0,0,0	11	60,81,60,169,138,141,72,96,63,37,73	0,282,4026,19879,22518,23742,25063,25440,28226,30146,33482	1	circRNA	ENSRNOT00000089377	ENSRNOT00000089377	14,13,12,11,10,9,8,7,6,5,4	16:2126628-2138231|16:2171786-2179093
16	3060712	3064512	circular_RNA/2	1	+	3060712	3060712	0,0,0	5	146,93,73,92,162	0,1475,2587,3037,3638	2	circRNA	ENSRNOT00000074069	ENSRNOT00000074069	2,3,4,5,6	16:3051986-3060712|16:3064512-3068021
16	3060712	3089983	circular_RNA/1	1	+	3060712	3060712	0,0,0	15	146,93,73,92,162,122,32,106,104,104,73,72,702,368,145	0,1475,2587,3037,3638,7309,9399,10031,11636,11826,22851,23010,24381,27408,29126	1	circRNA	ENSRNOT00000074069	ENSRNOT00000074069	2,3,4,5,6,7,8,9,10,11,12,13,14,15,16	16:3051986-3060712|16:3089983-3090994
16	3060712	3072642	circular_RNA/2	0	+	3060712	3060712	0,0,0	10	146,93,73,92,162,122,32,106,104,104	0,1475,2587,3037,3638,7309,9399,10031,11636,11826	2	circRNA	ENSRNOT00000074069	ENSRNOT00000074069	2,3,4,5,6,7,8,9,10,11	16:3051986-3060712|16:3072642-3083563
16	7146271	7158894	circular_RNA/2	1	+	7146271	7146271	0,0,0	4	280,106,643,212	0,3373,5699,12411	2	circRNA	ENSRNOT00000016581	ENSRNOT00000016581	18,19,20,21	16:7141752-7146271|16:7158894-7169421
16	7149644	7187526	circular_RNA/1	1	+	7149644	7149644	0,0,0	10	106,643,212,186,158,264,146,158,184,211	0,2326,9038,19777,21239,21950,24892,27246,36957,37671	1	circRNA	ENSRNOT00000016581	ENSRNOT00000016581	19,20,21,22,23,24,25,26,27,28	16:7146551-7149644|16:7187526-7188500
16	7438794	7463395	circular_RNA/1	1	+	7438794	7438794	0,0,0	12	109,158,68,201,87,127,86,94,147,107,121,145	0,3980,4977,7156,10067,12700,14403,15831,19208,20097,20973,24456	1	circRNA	ENSRNOT00000026323	ENSRNOT00000026323	2,3,4,5,6,7,8,9,10,11,12,13	16:7435888-7438794|16:7463395-7464233
16	7464233	7469429	circular_RNA/3	1	+	7464233	7464233	0,0,0	6	100,136,76,146,63,131	0,1010,1762,3611,4614,5065	3	circRNA	ENSRNOT00000026323	ENSRNOT00000026323	14,15,16,17,18,19	16:7463395-7464233|16:7469429-7470542
16	23487934	23492639	circular_RNA/1	1	+	23487934	23487934	0,0,0	2	1084,396	0,4309	1	circRNA	ENSRNOT00000068629	ENSRNOT00000068629	4,5	16:23448660-23487934|16:23492639-23555918
16	32120309	32121085	circular_RNA/2	1	-	32120309	32120309	0,0,0	2	96,276	0,500	2	circRNA	ENSRNOT00000013816	ENSRNOT00000013816	4,3	16:32105589-32120309|16:32121085-32225384
16	54080266	54100069	circular_RNA/1	1	-	54080266	54080266	0,0,0	13	359,172,191,146,220,198,191,141,130,143,227,155,174	0,2855,6127,6809,7061,8868,11385,12597,15133,15400,18639,18986,19629	1	circRNA	ENSRNOT00000014202	ENSRNOT00000014202	22,21,20,19,18,17,16,15,14,13,12,11,10	16:54067143-54080266|16:54100069-54100751
16	54792658	54826033	circular_RNA/2	1	+	54792658	54792658	0,0,0	6	123,163,158,129,135,133	0,1834,11392,22259,27687,33242	2	circRNA	ENSRNOT00000086899	ENSRNOT00000086899	2,3,4,5,6,7	16:54765418-54792658|16:54826033-54843062
16	54792658	54804208	circular_RNA/1	0	+	54792658	54792658	0,0,0	3	123,163,158	0,1834,11392	1	circRNA	ENSRNOT00000086899	ENSRNOT00000086899	2,3,4	16:54765418-54792658|16:54804208-54814917
19	38077417	38091369	circular_RNA/2	1	+	38077417	38077417	0,0,0	6	200,173,141,56,127,1005	0,2222,5035,6291,7483,12947	2	circRNA	ENSRNOT00000087491	ENSRNOT00000087491	4,5,6,7,8,9	19:38062193-38077417|19:38091369-38111339
19	39235161	39237139	circular_RNA/1	1	+	39235161	39235161	0,0,0	4	112,148,62,120	0,206,1695,1858	1	circRNA	ENSRNOT00000050612	ENSRNOT00000050612	2,3,4,5	19:39230263-39235161|19:39237139-39238733
1	27936931	27937132	circular_RNA/2	0	+	27936931	27936931	0,0,0	1	201	0	2	circRNA	ENSRNOT00000047224	ENSRNOT00000047224	4	1:27749867-27936931|1:27937132-28126268
1	57741999	57752486	circular_RNA/1	1	+	57741999	57741999	0,0,0	14	123,129,141,40,32,7,29,12,5,17,26,11,97,55	0,868,2108,2302,2761,3614,3954,4441,4932,5072,9036,9274,9445,10432	1	circRNA	ENSRNOT00000019358	ENSRNOT00000019358	28,29,30,31,32,33,34,35,36,37,38,39,40,41	1:57740161-57741999|1:57752486-57753752
1	72537391	72539371	circular_RNA/1	1	+	72537391	72537391	0,0,0	4	141,210,71,118	0,300,713,1862	1	circRNA	ENSRNOT00000022620	ENSRNOT00000022620	2,3,4,5	1:72524666-72537391|1:72539371-72544923
1	101028249	101029473	circular_RNA/1	0	-	101028249	101028249	0,0,0	3	482,134,117	0,832,1107	1	circRNA	ENSRNOT00000091711	ENSRNOT00000091711	9,8,7	1:101025922-101028249|1:101029473-101036794
1	104115788	104136053	circular_RNA/2	0	+	104115788	104115788	0,0,0	12	123,78,145,65,163,126,134,101,125,63,94,84	0,2044,3544,5641,6990,7394,9208,11998,17047,17995,18720,20181	2	circRNA	ENSRNOT00000019175	ENSRNOT00000019175	3,4,5,6,7,8,9,10,11,12,13,14	1:104112672-104115788|1:104136053-104139844
1	104908966	104917283	circular_RNA/1	1	+	104908966	104908966	0,0,0	3	173,154,163	0,6980,8154	1	circRNA	ENSRNOT00000046529	ENSRNOT00000046529	26,27,28	1:104905814-104908966|1:104917283-104918159
1	123959920	123970510	circular_RNA/4	1	-	123959920	123959920	0,0,0	2	110,45	0,10545	4	circRNA	ENSRNOT00000082487	ENSRNOT00000082487	3,2	1:123914251-123959920|1:123970510-124038824
1	134831133	134848903	circular_RNA/1	0	-	134831133	134831133	0,0,0	8	101,226,134,141,108,62,87,232	0,1056,2554,4175,6719,12026,13757,17538	1	circRNA	ENSRNOT00000076300	ENSRNOT00000076300	10,9,8,7,6,5,4,3	1:134830193-134831133|1:134848903-134870193
1	144710108	144726484	circular_RNA/2	1	+	144710108	144710108	0,0,0	3	132,148,980	0,4940,15396	2	circRNA	ENSRNOT00000047408	ENSRNOT00000047408	16,17,18	1:144652882-144710108|1:144726484-144735282
1	157470070	157490006	circular_RNA/5	1	-	157470070	157470070	0,0,0	14	36,93,156,184,106,120,100,1553,91,181,1118,195,189,126	0,475,981,1950,3177,3692,8001,11466,13986,14174,15136,17560,18059,19810	5	circRNA	ENSRNOT00000013552	ENSRNOT00000013552	15,14,13,12,11,10,9,8,7,6,5,4,3,2	1:157468854-157470070|1:157490006-157493619
1	162639899	162649918	circular_RNA/1	1	+	162639899	162639899	0,0,0	4	1775,207,105,80	0,3683,8649,9939	1	circRNA	ENSRNOT00000037050	ENSRNOT00000037050	6,7,8,9	1:162629583-162639899|1:162649918-162653856
1	185233418	185252682	circular_RNA/1	0	+	185233418	185233418	0,0,0	2	1129,104	0,19160	1	circRNA	ENSRNOT00000055120	ENSRNOT00000055120	3,4	1:185211770-185233418|1:185252682-185261105
1	185267561	185267832	circular_RNA/1	0	+	185267561	185267561	0,0,0	2	80,64	0,207	1	circRNA	ENSRNOT00000055120	ENSRNOT00000055120	8,9	1:185264972-185267561|1:185267832-185289448
1	188425562	188427210	circular_RNA/2	1	+	188425562	188425562	0,0,0	1	1648	0	2	circRNA	ENSRNOT00000037870	ENSRNOT00000037870	5	1:188422562-188425562|1:188427210-188429816
1	192952649	192955267	circular_RNA/6	0	+	192952649	192952649	0,0,0	5	104,338,97,79,55	0,229,2166,2392,2563	6	circRNA	ENSRNOT00000035770	ENSRNOT00000035770	9,10,11,12,13	1:192951628-192952649|1:192955267-192957675
1	214562894	214581660	circular_RNA/1	0	+	214562894	214562894	0,0,0	5	69,143,194,130,102	0,11512,12835,16155,18664	1	circRNA	ENSRNOT00000064254	ENSRNOT00000064254	2,3,4,5,6	1:214534430-214562894|1:214581660-214586252
1	235653120	235656288	circular_RNA/2	0	-	235653120	235653120	0,0,0	4	147,105,396,283	0,254,764,2885	2	circRNA	ENSRNOT00000014800	ENSRNOT00000014800	50,49,48,47	None|1:235656288-235660610
1	235750192	235780409	circular_RNA/1	0	-	235750192	235750192	0,0,0	13	115,187,143,95,130,63,172,107,128,58,81,60,60	0,200,7456,7886,9098,9671,11455,13737,14026,21566,27749,28090,30157	1	circRNA	ENSRNOT00000014800	ENSRNOT00000014800	19,18,17,16,15,14,13,12,11,10,9,8,7	1:235737635-235750192|1:235780409-235789222
1	235759863	235764346	circular_RNA/1	0	-	235759863	235759863	0,0,0	4	63,172,107,128	0,1784,4066,4355	1	circRNA	ENSRNOT00000014800	ENSRNOT00000014800	14,13,12,11	1:235759420-235759863|1:235764346-235771758
1	244714473	244757847	circular_RNA/2	1	+	244714473	244714473	0,0,0	5	164,228,78,219,218	0,4287,9032,13525,43156	2	circRNA	ENSRNOT00000080124	ENSRNOT00000080124	24,25,26,27,28	1:244708705-244714473|1:244757847-244776560
1	256263403	256337357	circular_RNA/1	1	+	256263403	256263403	0,0,0	15	205,156,69,84,47,121,72,98,106,110,112,135,180,142,74	0,2254,5896,7667,8967,9143,11343,13793,18990,21471,23216,24251,35693,60718,73880	1	circRNA	ENSRNOT00000054748	ENSRNOT00000054748	6,7,8,9,10,11,12,13,14,15,16,17,18,19,20	1:256258733-256263403|1:256337357-256366921
1	259450672	259469398	circular_RNA/1	1	-	259450672	259450672	0,0,0	4	173,142,113,27	0,8726,18463,18699	1	circRNA	ENSRNOT00000021289	ENSRNOT00000021289	6,5,4,3	1:259448512-259450672|1:259469398-259479326
1	260484265	260507970	circular_RNA/4	0	-	260484265	260484265	0,0,0	8	131,95,167,132,78,161,123,196	0,2763,6598,8416,13876,15073,16300,23509	4	circRNA	ENSRNOT00000018043	ENSRNOT00000018043	9,8,7,6,5,4,3,2	1:260479043-260484265|1:260507970-260517028
1	260791755	260801171	circular_RNA/1	1	+	260791755	260791755	0,0,0	3	133,288,94	0,6433,9322	1	circRNA	ENSRNOT00000076842	ENSRNOT00000076842	5,6,7	1:260775166-260791755|1:260801171-260803931
1	264674064	264684424	circular_RNA/1	1	+	264674064	264674064	0,0,0	5	44,734,55,968,71	0,683,3883,8329,10289	1	circRNA	ENSRNOT00000034814	ENSRNOT00000034814	3,4,5,6,7	1:264671209-264674064|1:264684424-264688841
1	264674064	264692492	circular_RNA/1	1	+	264674064	264674064	0,0,0	8	44,734,55,968,71,123,168,103	0,683,3883,8329,10289,14777,15673,18325	1	circRNA	ENSRNOT00000034814	ENSRNOT00000034814	3,4,5,6,7,8,9,10	1:264671209-264674064|1:264692492-264702480
1	267378100	267409237	circular_RNA/1	1	+	267378100	267378100	0,0,0	16	165,49,150,73,195,82,129,1353,131,124,180,130,125,189,126,114	0,2675,3041,7819,8029,8974,11721,12157,14749,15082,18727,27577,28390,29262,29953,31023	1	circRNA	ENSRNOT00000015495	ENSRNOT00000015495	2,3,4,5,6,7,8,9,10,11,12,13,14,15,16,17	1:267360124-267378100|1:267409237-267412459
1	274328312	274333440	circular_RNA/1	0	+	274328312	274328312	0,0,0	6	118,176,81,165,122,214	0,949,1636,2073,2485,4914	1	circRNA	ENSRNOT00000019560	ENSRNOT00000019560	8,9,10,11,12,13	1:274326724-274328312|1:274333440-274337837
1	274700622	274718538	circular_RNA/1	1	+	274700622	274700622	0,0,0	2	912,138	0,17778	1	circRNA	ENSRNOT00000020580	ENSRNOT00000020580	2,3	1:274688687-274700622|1:274718538-274731564
1	278679021	278749829	circular_RNA/1	1	+	278679021	278679021	0,0,0	7	94,53,95,79,158,62,79	0,8249,19290,21163,22687,52672,70729	1	circRNA	ENSRNOT00000023414	ENSRNOT00000023414	20,21,22,23,24,25,26	1:278661960-278679021|1:278749829-278812161
