20	26797652	26823720	circular_RNA/2	1	+	26797652	26797652	0,0,0	11	60,112,190,173,120,24,99,168,144,167,67	0,391,1180,2744,13232,18107,20864,22065,22692,25615,26001	2	circRNA	ENSRNOT00000083017	ENSRNOT00000083017	12,13,14,15,16,17,18,19,20,21,22	20:26796427-26797652|20:26823720-26828445
4	8223839	8239403	circular_RNA/2	1	-	8223839	8223839	0,0,0	4	81,230,115,185	0,3074,5052,15379	2	circRNA	ENSRNOT00000076583	ENSRNOT00000076583	5,4,3,2	4:8217614-8223839|4:8239403-8255222
4	10878543	10905678	circular_RNA/1	1	+	10878543	10878543	0,0,0	7	57,70,159,166,165,187,156	0,6114,8144,10326,11633,23968,26979	1	circRNA	ENSRNOT00000066739	ENSRNOT00000066739	3,4,5,6,7,8,9	4:10848046-10878543|4:10905678-10912558
4	11098245	11152065	circular_RNA/1	0	-	11098245	11098245	0,0,0	8	144,196,178,186,249,193,92,42	0,1446,7466,9593,34567,42079,47938,53778	1	circRNA	ENSRNOT00000066643	ENSRNOT00000066643	18,17,16,15,14,13,12,11	4:11054158-11098245|4:11152065-11161057
4	17032160	17053486	circular_RNA/1	1	-	17032160	17032160	0,0,0	2	1463,1459	0,19867	1	circRNA	ENSRNOT00000093412	ENSRNOT00000093412	3,2	4:16669365-17032160|4:17053486-17058517
4	17032160	17033623	circular_RNA/9	0	-	17032160	17032160	0,0,0	1	1463	0	9	circRNA	ENSRNOT00000093412	ENSRNOT00000093412	3	4:16669365-17032160|4:17033623-17052027
4	27509135	27593839	circular_RNA/1	1	+	27509135	27509135	0,0,0	19	273,301,183,118,209,89,145,167,89,131,135,87,67,146,179,52,115,134,133	0,3425,15568,28665,40039,41483,44745,48595,54675,64668,70755,72138,72454,74124,75179,76165,83203,84166,84571	1	circRNA	ENSRNOT00000079571	ENSRNOT00000079571	2,3,4,5,6,7,8,9,10,11,12,13,14,15,16,17,18,19,20	4:27473706-27509135|4:27593839-27594148
4	27509135	27524886	circular_RNA/2	1	+	27509135	27509135	0,0,0	3	273,301,183	0,3425,15568	2	circRNA	ENSRNOT00000007940	ENSRNOT00000007940	2,3,4	4:27473706-27509135|4:27524886-27537800
4	27509135	27537918	circular_RNA/2	1	+	27509135	27509135	0,0,0	4	273,301,183,118	0,3425,15568,28665	2	circRNA	ENSRNOT00000007940	ENSRNOT00000007940	2,3,4,5	4:27473706-27509135|4:27537918-27549174
4	28474638	28514174	circular_RNA/1	1	+	28474638	28474638	0,0,0	9	43,99,141,133,92,95,99,91,177	0,1179,4062,13398,15718,20012,20402,36264,39359	1	circRNA	ENSRNOT00000067087	ENSRNOT00000067087	10,11,12,13,14,15,16,17,18	4:28467072-28474638|4:28514174-28517027
4	28494650	28520904	circular_RNA/1	1	+	28494650	28494650	0,0,0	6	95,99,91,177,119,107	0,390,16252,19347,22377,26147	1	circRNA	ENSRNOT00000067087	ENSRNOT00000067087	15,16,17,18,19,20	4:28490448-28494650|4:28520904-28533249
4	38263239	38264003	circular_RNA/5	1	+	38263239	38263239	0,0,0	1	764	0	5	circRNA	ENSRNOT00000047029	ENSRNOT00000047029	6	4:38256132-38263239|4:38264003-38271536
4	41450789	41784957	circular_RNA/1	1	+	41450789	41450789	0,0,0	4	147,94,178,90	0,129029,241521,334078	1	circRNA	ENSRNOT00000087146	ENSRNOT00000087146	2,3,4,5	4:41364823-41450789|4:41784957-41874672
4	58420809	58485447	circular_RNA/1	0	-	58420809	58420809	0,0,0	4	56,757,101,72	0,15310,48515,64566	1	circRNA	ENSRNOT00000090651	ENSRNOT00000090651	4,3,2,1	4:58408977-58420809|None
4	58714646	58725647	circular_RNA/6	1	+	58714646	58714646	0,0,0	5	70,143,89,110,193	0,5047,6428,9029,10808	6	circRNA	ENSRNOT00000081707	ENSRNOT00000081707	2,3,4,5,6	4:58693481-58714646|4:58725647-58737814
4	66172554	66219277	circular_RNA/2	1	+	66172554	66172554	0,0,0	14	93,102,138,104,490,71,130,119,114,144,51,43,51,1545	0,8308,21176,22681,23235,28012,34935,37141,37850,38449,39491,41988,44092,45178	2	circRNA	ENSRNOT00000064175	ENSRNOT00000064175	2,3,4,5,6,7,8,9,10,11,12,13,14,15	4:66166514-66172554|4:66219277-66226187
4	66195235	66207619	circular_RNA/4	1	+	66195235	66195235	0,0,0	4	104,490,71,130	0,554,5331,12254	4	circRNA	ENSRNOT00000064175	ENSRNOT00000064175	5,6,7,8	4:66193868-66195235|4:66207619-66209695
4	66214542	66219277	circular_RNA/3	1	+	66214542	66214542	0,0,0	3	43,51,1545	0,2104,3190	3	circRNA	ENSRNOT00000064175	ENSRNOT00000064175	13,14,15	4:66212096-66214542|4:66219277-66226187
4	82783678	82821185	circular_RNA/3	0	+	82783678	82783678	0,0,0	15	169,103,188,159,149,91,186,225,147,127,104,126,72,175,143	0,5675,10203,14227,17821,18054,20508,23635,24463,26007,28625,32629,33176,36712,37364	3	circRNA	ENSRNOT00000011371	ENSRNOT00000011371	2,3,4,5,6,7,8,9,10,11,12,13,14,15,16	4:82776822-82783678|4:82821185-82831173
4	115104273	115106428	circular_RNA/2	0	-	115104273	115104273	0,0,0	1	2155	0	2	circRNA	ENSRNOT00000015296	ENSRNOT00000015296	4	4:115085477-115104273|4:115106428-115142051
4	115636560	115649056	circular_RNA/2	0	+	115636560	115636560	0,0,0	6	39,170,275,147,123,56	0,1543,3108,4878,6580,12440	2	circRNA	ENSRNOT00000019617	ENSRNOT00000019617	4,5,6,7,8,9	4:115631257-115636560|4:115649056-115649226
4	130390406	130403303	circular_RNA/1	0	+	130390406	130390406	0,0,0	5	228,84,96,118,75	0,1251,3188,10709,12822	1	circRNA	ENSRNOT00000051121	ENSRNOT00000051121	3,4,5,6,7	4:130342875-130390406|4:130403303-130414372
4	170529502	170545401	circular_RNA/1	1	+	170529502	170529502	0,0,0	6	66,74,89,636,65,79	0,2450,5632,9278,12487,15820	1	circRNA	ENSRNOT00000011803	ENSRNOT00000011803	5,6,7,8,9,10	4:170526305-170529502|4:170545401-170548044
8	508993	509712	circular_RNA/8	1	+	508993	508993	0,0,0	1	719	0	8	circRNA	ENSRNOT00000046058	ENSRNOT00000046058	4	8:456940-508993|8:509712-759957
8	5246847	5272492	circular_RNA/1	1	-	5246847	5246847	0,0,0	5	210,117,105,209,76	0,13732,20712,22247,25569	1	circRNA	ENSRNOT00000044174	ENSRNOT00000044174	92,91,90,89,88	8:5240572-5246847|8:5272492-5276795
8	6904478	6904874	circular_RNA/1	0	+	6904478	6904478	0,0,0	1	396	0	1	ciRNA	ENSRNOT00000008905	ENSRNOT00000008905	7	8:6904478-6905603
8	23035954	23048640	circular_RNA/2	0	-	23035954	23035954	0,0,0	5	39,226,154,104,220	0,1264,1588,12155,12466	2	circRNA	ENSRNOT00000018416	ENSRNOT00000018416	6,5,4,3,2	8:23031061-23035954|8:23048640-23062967
8	23851918	23884848	circular_RNA/2	1	+	23851918	23851918	0,0,0	6	103,105,141,96,173,153	0,2491,12691,16491,26346,32777	2	circRNA	ENSRNOT00000020481	ENSRNOT00000020481	8,9,10,11,12,13	8:23846962-23851918|8:23884848-23985278
8	33279133	33335423	circular_RNA/1	1	+	33279133	33279133	0,0,0	7	85,87,138,93,123,78,82	0,17325,33187,35742,36983,38498,56208	1	circRNA	ENSRNOT00000011589	ENSRNOT00000011589	5,6,7,8,9,10,11	8:33278802-33279133|8:33335423-33368676
8	47335865	47339341	circular_RNA/1	1	-	47335865	47335865	0,0,0	3	57,86,24	0,1989,3452	1	circRNA	ENSRNOT00000059868	ENSRNOT00000059868	4,3,2	8:47322526-47335865|8:47339341-47393010
8	58945410	58988846	circular_RNA/1	1	-	58945410	58945410	0,0,0	21	122,87,63,118,202,86,131,179,249,131,77,192,1070,265,166,98,170,111,1677,228,120	0,202,1163,5128,6098,6660,7609,11112,17574,19492,21268,22979,23917,27246,29070,29681,30847,33296,37143,41553,43316	1	circRNA	ENSRNOT00000066197	ENSRNOT00000066197	36,35,34,33,32,31,30,29,28,27,26,25,24,23,22,21,20,19,18,17,16	8:58942784-58945410|8:58988846-58993741
8	58945410	58952156	circular_RNA/3	0	-	58945410	58945410	0,0,0	6	122,87,63,118,202,86	0,202,1163,5128,6098,6660	3	circRNA	ENSRNOT00000066197	ENSRNOT00000066197	36,35,34,33,32,31	8:58942784-58945410|8:58952156-58953019
8	58964902	58970397	circular_RNA/1	0	-	58964902	58964902	0,0,0	4	131,77,192,1070	0,1776,3487,4425	1	circRNA	ENSRNOT00000066197	ENSRNOT00000066197	27,26,25,24	8:58963233-58964902|8:58970397-58972656
8	60441496	60471827	circular_RNA/1	0	-	60441496	60441496	0,0,0	10	108,153,82,143,156,141,112,118,76,171	0,637,2128,10591,11791,19015,28022,28351,29421,30160	1	circRNA	ENSRNOT00000009169	ENSRNOT00000009169	19,18,17,16,15,14,13,12,11,10	8:60408869-60441496|8:60471827-60482534
8	64635063	64648503	circular_RNA/1	0	+	64635063	64635063	0,0,0	5	98,127,90,117,135	0,2491,6595,9174,13305	1	circRNA	ENSRNOT00000083558	ENSRNOT00000083558	7,8,9,10,11	8:64624646-64635063|8:64648503-64657512
8	64724415	64749357	circular_RNA/2	1	+	64724415	64724415	0,0,0	8	113,143,224,117,189,48,112,62	0,9921,14986,15635,16071,17118,21714,24880	2	circRNA	ENSRNOT00000083558	ENSRNOT00000083558	28,29,30,31,32,33,34,35	8:64713495-64724415|8:64749357-64759570
8	72135914	72148728	circular_RNA/1	1	+	72135914	72135914	0,0,0	3	199,161,117	0,2963,12697	1	circRNA	ENSRNOT00000089336	ENSRNOT00000089336	39,40,41	8:72134229-72135914|8:72148728-72149221
8	72138877	72148728	circular_RNA/2	1	+	72138877	72138877	0,0,0	2	161,117	0,9734	2	circRNA	ENSRNOT00000089336	ENSRNOT00000089336	40,41	8:72136113-72138877|8:72148728-72149221
8	73720945	73729461	circular_RNA/1	1	+	73720945	73720945	0,0,0	6	60,81,58,128,107,172	0,1813,2673,4778,6690,8344	1	circRNA	ENSRNOT00000057522	ENSRNOT00000057522	10,11,12,13,14,15	8:73718648-73720945|8:73729461-73732788
8	78908445	78910847	circular_RNA/3	1	+	78908445	78908445	0,0,0	3	135,308,141	0,1835,2261	3	circRNA	ENSRNOT00000089335	ENSRNOT00000089335	14,15,16	8:78902225-78908445|8:78910847-78921275
8	83114506	83114891	circular_RNA/1	1	+	83114506	83114506	0,0,0	2	81,108	0,277	1	circRNA	ENSRNOT00000014926	ENSRNOT00000014926	2,3	8:83070708-83114506|8:83114891-83131455
8	84434783	84461546	circular_RNA/1	1	-	84434783	84434783	0,0,0	5	129,45,45,60,66	0,8832,18500,26348,26697	1	circRNA	ENSRNOT00000064754	ENSRNOT00000064754	6,5,4,3,2	None|8:84461546-84505935
8	84453283	84496011	circular_RNA/1	0	-	84453283	84453283	0,0,0	5	45,60,66,72,1467	0,7848,8197,29345,41261	1	circRNA	ENSRNOT00000076213	ENSRNOT00000076213	7,6,5,4,3	8:84443660-84453283|8:84496011-84505935
8	90958619	90962468	circular_RNA/1	0	-	90958619	90958619	0,0,0	2	530,369	0,3480	1	circRNA	ENSRNOT00000044931	ENSRNOT00000044931	4,3	8:90937527-90958619|8:90962468-90983705
8	104152336	104168030	circular_RNA/2	1	+	104152336	104152336	0,0,0	5	163,144,69,152,167	0,2352,5138,11562,15527	2	circRNA	ENSRNOT00000081204	ENSRNOT00000081204	8,9,10,11,12	8:104148511-104152336|8:104168030-104175036
8	115811799	115835862	circular_RNA/3	0	-	115811799	115811799	0,0,0	4	155,42,85,149	0,719,12105,23914	3	circRNA	ENSRNOT00000019867	ENSRNOT00000019867	9,8,7,6	8:115788488-115811799|8:115835862-115870140
8	117318622	117334586	circular_RNA/1	1	+	117318622	117318622	0,0,0	5	330,1032,178,155,115	0,5371,13588,14323,15849	1	circRNA	ENSRNOT00000064571	ENSRNOT00000064571	3,4,5,6,7	8:117308527-117318622|8:117334586-117343253
8	118821728	118830279	circular_RNA/4	0	+	118821728	118821728	0,0,0	3	4283,132,129	0,5466,8422	4	circRNA	ENSRNOT00000087154	ENSRNOT00000087154	3,4,5	8:118819424-118821728|8:118830279-118834399
8	130762664	130768360	circular_RNA/7	1	+	130762664	130762664	0,0,0	2	51,696	0,5000	7	circRNA	ENSRNOT00000079273	ENSRNOT00000079273	2,3	8:130749952-130762664|8:130768360-130792977
7	30714505	30735182	circular_RNA/4	0	+	30714505	30714505	0,0,0	5	297,76,102,117,167	0,12972,14158,17095,20510	4	circRNA	ENSRNOT00000059269	ENSRNOT00000059269	7,8,9,10,11	7:30712706-30714505|7:30735182-30824947
7	30727477	30735182	circular_RNA/1	0	+	30727477	30727477	0,0,0	4	76,102,117,167	0,1186,4123,7538	1	circRNA	ENSRNOT00000059269	ENSRNOT00000059269	8,9,10,11	7:30714802-30727477|7:30735182-30824947
7	30824947	31374263	circular_RNA/1	0	+	30824947	30824947	0,0,0	9	144,166,137,181,587,73,107,99,153	0,104835,165722,206629,369162,371395,440745,514972,549163	1	circRNA	ENSRNOT00000059269	ENSRNOT00000059269	12,13,14,15,16,17,18,19,20	7:30735182-30824947|7:31374263-31605669
7	31605669	31658885	circular_RNA/2	1	+	31605669	31605669	0,0,0	7	108,180,129,72,12,87,138	0,2097,25822,28040,44625,45760,53078	2	circRNA	ENSRNOT00000059269	ENSRNOT00000059269	21,22,23,24,25,26,27	7:31374263-31605669|7:31658885-31677259
7	37158391	37164007	circular_RNA/1	1	+	37158391	37158391	0,0,0	5	156,140,331,102,195	0,2087,3935,4432,5421	1	circRNA	ENSRNOT00000087297	ENSRNOT00000087297	18,19,20,21,22	7:37156088-37158391|7:37164007-37166266
7	50218838	50232687	circular_RNA/1	0	-	50218838	50218838	0,0,0	4	168,168,123,185	0,3132,7944,13664	1	circRNA	ENSRNOT00000088950	ENSRNOT00000088950	5,4,3,2	7:50173810-50218838|7:50232687-50278664
7	70760398	70773499	circular_RNA/1	1	+	70760398	70760398	0,0,0	9	42,87,127,79,60,141,109,96,32	0,748,2641,5271,6008,6757,7396,10161,13069	1	circRNA	ENSRNOT00000045964	ENSRNOT00000045964	3,4,5,6,7,8,9,10,11	7:70753299-70760398|7:70773499-70780073
7	73684649	73748233	circular_RNA/1	1	-	73684649	73684649	0,0,0	4	176,193,126,138	0,13178,46301,63446	1	circRNA	ENSRNOT00000065722	ENSRNOT00000065722	10,9,8,7	7:73619884-73684649|7:73748233-73808150
7	78432826	78520474	circular_RNA/3	1	+	78432826	78432826	0,0,0	6	180,110,42,101,173,242	0,1034,20907,29461,49427,87406	3	circRNA	ENSRNOT00000050753	ENSRNOT00000050753	19,20,21,22,23,24	7:78421708-78432826|7:78520474-78574168
7	78462287	78520474	circular_RNA/1	1	+	78462287	78462287	0,0,0	3	101,173,242	0,19966,57945	1	circRNA	ENSRNOT00000050753	ENSRNOT00000050753	22,23,24	7:78453775-78462287|7:78520474-78574168
7	86947613	86998962	circular_RNA/2	0	-	86947613	86947613	0,0,0	4	117,195,188,139	0,25908,47281,51210	2	circRNA	ENSRNOT00000093026	ENSRNOT00000093026	19,18,17,16	7:86871306-86947613|7:86998962-87006334
7	109071776	109171920	circular_RNA/1	0	-	109071776	109071776	0,0,0	11	139,89,174,150,88,233,1439,151,186,231,177	0,29072,47183,50038,51452,55820,56825,61670,64089,88090,99967	1	circRNA	ENSRNOT00000068291	ENSRNOT00000068291	12,11,10,9,8,7,6,5,4,3,2	7:109063114-109071776|7:109171920-109205175
7	123709340	123715127	circular_RNA/1	1	-	123709340	123709340	0,0,0	1	5787	0	1	circRNA	ENSRNOT00000012699	ENSRNOT00000012699	2	7:123685161-123709340|7:123715127-123767649
X	29581743	29588435	circular_RNA/1	1	+	29581743	29581743	0,0,0	6	120,74,92,190,131,112	0,1399,2759,4625,5849,6580	1	circRNA	ENSRNOT00000006074	ENSRNOT00000006074	10,11,12,13,14,15	X:29579205-29581743|X:29588435-29591399
X	29581743	29597395	circular_RNA/2	0	+	29581743	29581743	0,0,0	10	120,74,92,190,131,112,612,172,101,114	0,1399,2759,4625,5849,6580,9656,10591,12647,15538	2	circRNA	ENSRNOT00000006074	ENSRNOT00000006074	10,11,12,13,14,15,16,17,18,19	X:29579205-29581743|X:29597395-29600759
X	33946312	33991867	circular_RNA/1	1	+	33946312	33946312	0,0,0	3	70,54,62	0,1440,45493	1	circRNA	ENSRNOT00000079365	ENSRNOT00000079365	12,13,14	X:33939889-33946312|X:33991867-34034665
X	35665037	35709726	circular_RNA/2	1	+	35665037	35665037	0,0,0	11	137,121,60,91,190,81,152,967,102,106,124	0,4882,7049,9670,13829,22566,28382,34058,38816,39189,44565	2	circRNA	ENSRNOT00000072627	ENSRNOT00000072627	4,5,6,7,8,9,10,11,12,13,14	X:35654948-35665037|X:35709726-35716513
X	39860824	39885483	circular_RNA/1	0	+	39860824	39860824	0,0,0	4	134,212,90,215	0,3310,22893,24444	1	circRNA	ENSRNOT00000080512	ENSRNOT00000080512	10,11,12,13	X:39850968-39860824|X:39885483-39907521
X	52134151	52323791	circular_RNA/1	1	+	52134151	52134151	0,0,0	17	135,150,162,111,174,156,171,180,129,171,123,138,153,183,195,173,148	0,2382,24643,37425,37853,40996,46810,60576,61397,63563,77723,80285,83244,84266,110008,128626,189492	1	circRNA	ENSRNOT00000035692	ENSRNOT00000035692	28,29,30,31,32,33,34,35,36,37,38,39,40,41,42,43,44	X:52122260-52134151|X:52323791-52581091
X	63177768	63182385	circular_RNA/1	1	-	63177768	63177768	0,0,0	2	570,90	0,4527	1	circRNA	ENSRNOT00000065194	ENSRNOT00000065194	4,3	X:63166092-63177768|X:63182385-63195504
X	76876633	76881868	circular_RNA/2	0	-	76876633	76876633	0,0,0	5	222,103,94,174,137	0,914,1866,4521,5098	2	circRNA	ENSRNOT00000091284	ENSRNOT00000091284	15,14,13,12,11	X:76872749-76876633|X:76881868-76892397
X	104429942	104487794	circular_RNA/2	0	-	104429942	104429942	0,0,0	3	173,59,328	0,7628,57524	2	circRNA	ENSRNOT00000064458	ENSRNOT00000064458	4,3,2	X:104393055-104429942|X:104487794-104491567
X	123718251	123720910	circular_RNA/1	0	-	123718251	123718251	0,0,0	2	161,183	0,2476	1	circRNA	ENSRNOT00000032618	ENSRNOT00000032618	8,7	X:123717432-123718251|X:123720910-123721314
X	143419759	143443355	circular_RNA/2	0	-	143419759	143419759	0,0,0	5	129,108,81,90,120	0,7720,11257,13561,23476	2	circRNA	ENSRNOT00000051319	ENSRNOT00000051319	6,5,4,3,2	X:143409318-143419759|X:143443355-143453390
X	153866969	153867830	circular_RNA/4	0	-	153866969	153866969	0,0,0	1	861	0	4	circRNA	ENSRNOT00000087617	ENSRNOT00000087617	3	X:153726002-153866969|X:153867830-153878676
X	153866969	153878809	circular_RNA/4	0	-	153866969	153866969	0,0,0	2	861,133	0,11707	4	circRNA	ENSRNOT00000087617	ENSRNOT00000087617	3,2	X:153726002-153866969|X:153878809-154050664
18	1307305	1325294	circular_RNA/1	0	-	1307305	1307305	0,0,0	7	247,92,136,49,89,61,160	0,335,2054,7427,11434,14614,17829	1	circRNA	ENSRNOT00000061777	ENSRNOT00000061777	16,15,14,13,12,11,10	18:1302708-1307305|18:1325294-1337227
18	5191057	5194413	circular_RNA/2	0	-	5191057	5191057	0,0,0	1	3356	0	2	circRNA	ENSRNOT00000022637	ENSRNOT00000022637	3	18:5158144-5191057|18:5194413-5285045
18	28472289	28490227	circular_RNA/1	0	-	28472289	28472289	0,0,0	5	173,110,107,186,146	0,1220,2279,5315,17792	1	circRNA	ENSRNOT00000027194	ENSRNOT00000027194	7,6,5,4,3	18:28467112-28472289|18:28490227-28493583
18	36645538	36651229	circular_RNA/1	0	+	36645538	36645538	0,0,0	5	120,75,165,105,189	0,1265,1459,5290,5502	1	circRNA	ENSRNOT00000036613	ENSRNOT00000036613	15,16,17,18,19	18:36643921-36645538|18:36651229-36654691
18	59321160	59345667	circular_RNA/1	1	+	59321160	59321160	0,0,0	5	187,118,150,83,100	0,13754,15862,16516,24407	1	circRNA	ENSRNOT00000025325	ENSRNOT00000025325	22,23,24,25,26	18:59283798-59321160|18:59345667-59387336
18	66559672	66603887	circular_RNA/1	1	-	66559672	66559672	0,0,0	6	213,156,117,227,163,66	0,6637,21943,27062,37380,44149	1	circRNA	ENSRNOT00000064947	ENSRNOT00000064947	26,25,24,23,22,21	18:66526627-66559672|18:66603887-66622850
18	69634005	69657373	circular_RNA/1	0	-	69634005	69634005	0,0,0	9	169,184,51,117,120,213,30,175,377	0,835,8124,9446,9654,13496,20499,21136,22991	1	circRNA	ENSRNOT00000082484	ENSRNOT00000082484	10,9,8,7,6,5,4,3,2	18:69629556-69634005|18:69657373-69671137
18	71102025	71149287	circular_RNA/3	1	+	71102025	71102025	0,0,0	7	126,143,180,179,126,114,95	0,2252,34010,39356,43389,45746,47167	3	circRNA	ENSRNOT00000024950	ENSRNOT00000024950	7,8,9,10,11,12,13	18:71086703-71102025|18:71149287-71221089
18	71136035	71149287	circular_RNA/1	1	+	71136035	71136035	0,0,0	5	180,179,126,114,95	0,5346,9379,11736,13157	1	circRNA	ENSRNOT00000024950	ENSRNOT00000024950	9,10,11,12,13	18:71104420-71136035|18:71149287-71221089
18	71141381	71149287	circular_RNA/1	1	+	71141381	71141381	0,0,0	4	179,126,114,95	0,4033,6390,7811	1	circRNA	ENSRNOT00000024950	ENSRNOT00000024950	10,11,12,13	18:71136215-71141381|18:71149287-71221089
18	87581349	87607738	circular_RNA/1	0	+	87581349	87581349	0,0,0	14	55,40,124,46,81,100,78,67,56,46,64,54,57,130	0,3030,5003,6573,7873,10454,11204,13668,14098,14933,19533,19771,21057,26259	1	circRNA	ENSRNOT00000070984	ENSRNOT00000070984	2,3,4,5,6,7,8,9,10,11,12,13,14,15	18:87580478-87581349|18:87607738-87609050
5	62081719	62093458	circular_RNA/1	1	+	62081719	62081719	0,0,0	5	150,123,229,125,70	0,3622,8329,10014,11669	1	circRNA	ENSRNOT00000012478	ENSRNOT00000012478	3,4,5,6,7	5:62071559-62081719|5:62093458-62094192
5	101648418	101663967	circular_RNA/3	1	+	101648418	101648418	0,0,0	5	144,136,175,191,132	0,4682,7934,12324,15417	3	circRNA	ENSRNOT00000076825	ENSRNOT00000076825	2,3,4,5,6	5:101639595-101648418|None
5	106109623	106121498	circular_RNA/3	0	-	106109623	106109623	0,0,0	5	72,72,100,130,76	0,1364,7210,9771,11799	3	circRNA	ENSRNOT00000015094	ENSRNOT00000015094	8,7,6,5,4	5:106103737-106109623|5:106121498-106171073
5	106171073	106171781	circular_RNA/3	1	-	106171073	106171073	0,0,0	1	708	0	3	circRNA	ENSRNOT00000015094	ENSRNOT00000015094	3	5:106121498-106171073|5:106171781-106202419
5	122569105	122593611	circular_RNA/1	0	-	122569105	122569105	0,0,0	6	122,158,152,87,224,195	0,645,10908,12799,16812,24311	1	circRNA	ENSRNOT00000046691	ENSRNOT00000046691	13,12,11,10,9,8	5:122560581-122569105|5:122593611-122605824
5	122580013	122621317	circular_RNA/3	1	-	122580013	122580013	0,0,0	9	152,87,224,195,129,140,157,116,185	0,1891,5904,13403,25811,32637,35089,40207,41119	3	circRNA	ENSRNOT00000046691	ENSRNOT00000046691	11,10,9,8,7,6,5,4,3	5:122569908-122580013|5:122621317-122626880
5	128714470	128733959	circular_RNA/2	1	-	128714470	128714470	0,0,0	9	160,105,91,51,20,5,5,48,96	0,3235,4299,15733,16985,17244,18121,18187,19393	2	circRNA	ENSRNOT00000065280	ENSRNOT00000065280	13,12,11,10,9,8,7,6,5	5:128705550-128714470|5:128733959-128767625
5	135173505	135197087	circular_RNA/1	0	-	135173505	135173505	0,0,0	4	79,21,76,92	0,3230,6759,23490	1	circRNA	ENSRNOT00000088261	ENSRNOT00000088261	9,8,7,6	5:135170550-135173505|5:135197087-135216498
5	144367259	144380803	circular_RNA/1	0	-	144367259	144367259	0,0,0	6	102,135,195,91,160,185	0,1949,2796,5692,7324,13359	1	circRNA	ENSRNOT00000042371	ENSRNOT00000042371	17,16,15,14,13,12	5:144365623-144367259|5:144380803-144382491
5	147363510	147368505	circular_RNA/2	1	-	147363510	147363510	0,0,0	4	92,83,791,117	0,1523,3115,4878	2	circRNA	ENSRNOT00000009436	ENSRNOT00000009436	5,4,3,2	5:147340996-147363510|5:147368505-147374889
5	151944768	151947717	circular_RNA/9	0	-	151944768	151944768	0,0,0	3	117,456,213	0,1378,2736	9	circRNA	ENSRNOT00000009173	ENSRNOT00000009173	4,3,2	5:151921981-151944768|5:151947717-151976770
5	161794860	161804292	circular_RNA/1	1	-	161794860	161794860	0,0,0	2	4381,111	0,9321	1	circRNA	ENSRNOT00000041175	ENSRNOT00000041175	8,7	5:161773899-161794860|5:161804292-161823393
5	167516580	167547741	circular_RNA/3	1	+	167516580	167516580	0,0,0	4	106,97,105,49	0,2220,9590,31112	3	circRNA	ENSRNOT00000024443	ENSRNOT00000024443	5,6,7,8	5:167486126-167516580|5:167547741-167557022
5	168985429	168991261	circular_RNA/4	0	-	168985429	168985429	0,0,0	2	119,70	0,5762	4	circRNA	ENSRNOT00000067481	ENSRNOT00000067481	3,2	5:168947498-168985429|5:168991261-169017197
3	13510409	13522529	circular_RNA/8	1	+	13510409	13510409	0,0,0	3	328,90,149	0,2878,11971	8	circRNA	ENSRNOT00000023889	ENSRNOT00000023889	2,3,4	3:13485352-13510409|3:13522529-13571652
3	13510409	13602354	circular_RNA/1	1	+	13510409	13510409	0,0,0	6	328,90,149,173,177,110	0,2878,11971,61243,77520,91835	1	circRNA	ENSRNOT00000023889	ENSRNOT00000023889	2,3,4,5,6,7	3:13485352-13510409|3:13602354-13645147
3	13510409	13571825	circular_RNA/2	0	+	13510409	13510409	0,0,0	4	328,90,149,173	0,2878,11971,61243	2	circRNA	ENSRNOT00000023889	ENSRNOT00000023889	2,3,4,5	3:13485352-13510409|3:13571825-13587929
3	54455978	54519757	circular_RNA/3	0	-	54455978	54455978	0,0,0	9	68,63,30,123,66,49,134,102,110	0,1928,7219,7342,53962,54144,60997,63239,63669	3	circRNA	ENSRNOT00000037133	ENSRNOT00000037133	14,13,12,11,10,9,8,7,6	3:54414158-54455978|3:54519757-54547245
3	54509940	54519757	circular_RNA/1	0	-	54509940	54509940	0,0,0	5	66,49,134,102,110	0,182,7035,9277,9707	1	circRNA	ENSRNOT00000037133	ENSRNOT00000037133	10,9,8,7,6	3:54463443-54509940|3:54519757-54547245
3	54547245	54566332	circular_RNA/2	1	-	54547245	54547245	0,0,0	4	56,142,109,113	0,1171,7141,18974	2	circRNA	ENSRNOT00000037133	ENSRNOT00000037133	5,4,3,2	3:54519757-54547245|3:54566332-54624770
3	59653910	59680308	circular_RNA/1	0	-	59653910	59653910	0,0,0	2	193,1360	0,25038	1	circRNA	ENSRNOT00000078752	ENSRNOT00000078752	4,3	3:59648692-59653910|3:59680308-59687513
3	59678948	59680308	circular_RNA/1	0	-	59678948	59678948	0,0,0	1	1360	0	1	circRNA	ENSRNOT00000078752	ENSRNOT00000078752	3	3:59654103-59678948|3:59680308-59687513
3	80670137	80677335	circular_RNA/2	1	+	80670137	80670137	0,0,0	6	254,59,184,173,67,1457	0,626,1208,2505,4396,5741	2	circRNA	ENSRNOT00000045644	ENSRNOT00000045644	2,3,4,5,6,7	3:80634715-80670137|3:80677335-80713737
3	104980954	104984877	circular_RNA/1	1	+	104980954	104980954	0,0,0	8	496,35,157,23,26,21,30,166	0,580,669,1434,1699,1961,2527,3757	1	circRNA	ENSRNOT00000042103	ENSRNOT00000042103	5,6,7,8,9,10,11,12	3:104936645-104980954|3:104984877-105017126
3	111713472	111723079	circular_RNA/1	0	+	111713472	111713472	0,0,0	7	940,79,96,132,105,668,346	0,2852,3033,4820,5182,6650,9261	1	circRNA	ENSRNOT00000067865	ENSRNOT00000067865	2,3,4,5,6,7,8	3:111700147-111713472|3:111723079-111728535
3	113854561	113862070	circular_RNA/1	0	+	113854561	113854561	0,0,0	4	142,81,99,171	0,765,6037,7338	1	circRNA	ENSRNOT00000044158	ENSRNOT00000044158	5,6,7,8	3:113851135-113854561|3:113862070-113877006
3	161474538	161487731	circular_RNA/1	0	-	161474538	161474538	0,0,0	4	127,137,324,67	0,1196,3025,13126	1	circRNA	ENSRNOT00000024214	ENSRNOT00000024214	5,4,3,2	3:161469578-161474538|3:161487731-161498710
2	3809212	3977804	circular_RNA/1	1	+	3809212	3809212	0,0,0	11	171,131,187,94,103,103,102,75,120,120,54	0,12003,25423,30370,46789,48593,49023,49591,51525,138743,168538	1	circRNA	ENSRNOT00000093593	ENSRNOT00000093593	7,8,9,10,11,12,13,14,15,16,17	2:3788653-3809212|2:3977804-4081149
2	3809212	3839676	circular_RNA/2	1	+	3809212	3809212	0,0,0	4	171,131,187,94	0,12003,25423,30370	2	circRNA	ENSRNOT00000093593	ENSRNOT00000093593	7,8,9,10	2:3788653-3809212|2:3839676-3856001
2	3809212	3860857	circular_RNA/1	1	+	3809212	3809212	0,0,0	9	171,131,187,94,103,103,102,75,120	0,12003,25423,30370,46789,48593,49023,49591,51525	1	circRNA	ENSRNOT00000093593	ENSRNOT00000093593	7,8,9,10,11,12,13,14,15	2:3788653-3809212|2:3860857-3947955
2	13599772	13608846	circular_RNA/2	0	+	13599772	13599772	0,0,0	4	74,211,164,71	0,1155,6003,9003	2	circRNA	ENSRNOT00000049423	ENSRNOT00000049423	4,5,6,7	2:13594785-13599772|2:13608846-13612357
2	20507149	20519067	circular_RNA/1	1	+	20507149	20507149	0,0,0	2	73,62	0,11856	1	circRNA	ENSRNOT00000021857	ENSRNOT00000021857	2,3	2:20431521-20507149|2:20519067-20531359
2	20507149	20531444	circular_RNA/3	0	+	20507149	20507149	0,0,0	3	73,62,85	0,11856,24210	3	circRNA	ENSRNOT00000021857	ENSRNOT00000021857	2,3,4	2:20431521-20507149|2:20531444-20626714
2	22751319	22761447	circular_RNA/1	0	-	22751319	22751319	0,0,0	3	92,137,44	0,4212,10084	1	circRNA	ENSRNOT00000016135	ENSRNOT00000016135	13,12,11	2:22748974-22751319|2:22761447-22775245
2	22950022	22964734	circular_RNA/6	1	+	22950022	22950022	0,0,0	4	157,132,93,140	0,4702,7334,14572	6	circRNA	ENSRNOT00000073871	ENSRNOT00000073871	2,3,4,5	2:22910433-22950022|2:22964734-22997105
2	23399714	23410608	circular_RNA/1	1	+	23399714	23399714	0,0,0	3	187,191,208	0,3767,10686	1	circRNA	ENSRNOT00000014860	ENSRNOT00000014860	2,3,4	2:23385545-23399714|2:23410608-23458471
2	23399714	23458715	circular_RNA/1	1	+	23399714	23399714	0,0,0	4	187,191,208,244	0,3767,10686,58757	1	circRNA	ENSRNOT00000014860	ENSRNOT00000014860	2,3,4,5	2:23385545-23399714|2:23458715-23483916
2	23864072	23881389	circular_RNA/2	1	-	23864072	23864072	0,0,0	3	118,160,129	0,13056,17188	2	circRNA	ENSRNOT00000084729	ENSRNOT00000084729	7,6,5	2:23860681-23864072|2:23881389-23884045
2	24740103	24746356	circular_RNA/2	0	-	24740103	24740103	0,0,0	5	199,136,46,165,77	0,1052,1578,4759,6176	2	circRNA	ENSRNOT00000044087	ENSRNOT00000044087	17,16,15,14,13	2:24728098-24740103|2:24746356-24748924
2	28968524	28969941	circular_RNA/1	1	-	28968524	28968524	0,0,0	3	25,73,45	0,632,1372	1	circRNA	ENSRNOT00000020692	ENSRNOT00000020692	11,10,9	2:28961690-28968524|2:28969941-28986098
2	37974028	38014366	circular_RNA/2	1	-	37974028	37974028	0,0,0	10	85,6,20,13,34,8,18,122,114,96	0,7404,9959,10556,19263,22645,30763,32874,39350,40242	2	circRNA	ENSRNOT00000072212	ENSRNOT00000072212	41,40,39,38,37,36,35,34,33,32	2:37954325-37974028|2:38014366-38029437
2	57516419	57527096	circular_RNA/2	1	-	57516419	57516419	0,0,0	7	147,201,108,191,174,91,155	0,4470,5091,6835,7343,9523,10522	2	circRNA	ENSRNOT00000083247	ENSRNOT00000083247	42,41,40,39,38,37,36	2:57514768-57516419|2:57527096-57527594
2	119374435	119405809	circular_RNA/1	1	-	119374435	119374435	0,0,0	6	96,97,124,195,112,105	0,11462,12735,13953,21730,31269	1	circRNA	ENSRNOT00000015200	ENSRNOT00000015200	7,6,5,4,3,2	2:119337771-119374435|2:119405809-119537678
2	123698201	123700718	circular_RNA/1	0	+	123698201	123698201	0,0,0	2	239,245	0,2272	1	circRNA	ENSRNOT00000075947	ENSRNOT00000075947	52,53	2:123696686-123698201|2:123700718-123704052
2	128624605	128668115	circular_RNA/1	0	-	128624605	128624605	0,0,0	7	66,123,136,56,73,59,68	0,1760,11901,18174,28608,29169,43442	1	circRNA	ENSRNOT00000019256	ENSRNOT00000019256	8,7,6,5,4,3,2	2:128619144-128624605|2:128668115-128675167
2	188269008	188286112	circular_RNA/2	1	+	188269008	188269008	0,0,0	2	516,4558	0,12546	2	circRNA	ENSRNOT00000027629	ENSRNOT00000027629	2,3	2:188253535-188269008|2:188286112-188301022
2	189723523	189729005	circular_RNA/2	1	+	189723523	189723523	0,0,0	4	132,171,316,203	0,1472,2368,5279	2	circRNA	ENSRNOT00000021502	ENSRNOT00000021502	5,6,7,8	2:189722569-189723523|2:189729005-189730278
2	189723523	189726207	circular_RNA/1	1	+	189723523	189723523	0,0,0	3	132,171,316	0,1472,2368	1	circRNA	ENSRNOT00000021502	ENSRNOT00000021502	5,6,7	2:189722569-189723523|2:189726207-189728802
2	202986320	202998292	circular_RNA/1	1	-	202986320	202986320	0,0,0	6	81,119,52,24,18,256	0,2314,8233,8287,8313,11716	1	circRNA	ENSRNOT00000067000	ENSRNOT00000067000	7,6,5,4,3,2	2:202970894-202986320|2:202998292-203043182
2	205825087	205838582	circular_RNA/1	1	+	205825087	205825087	0,0,0	7	117,115,147,118,275,165,198	0,3461,5916,6599,8713,9764,13297	1	circRNA	ENSRNOT00000025600	ENSRNOT00000025600	5,6,7,8,9,10,11	2:205815848-205825087|2:205838582-205844266
2	209443236	209446148	circular_RNA/1	1	+	209443236	209443236	0,0,0	2	1471,270	0,2642	1	circRNA	ENSRNOT00000024036	ENSRNOT00000024036	2,3	2:209433322-209443236|2:209446148-209446908
2	223292198	223304322	circular_RNA/6	0	-	223292198	223292198	0,0,0	5	111,165,144,173,76	0,198,3744,4612,12048	6	circRNA	ENSRNOT00000015036	ENSRNOT00000015036	7,6,5,4,3	2:223285362-223292198|2:223304322-223320873
2	240685747	240701716	circular_RNA/1	1	+	240685747	240685747	0,0,0	6	95,106,171,124,176,111	0,2758,3589,9981,14246,15858	1	circRNA	ENSRNOT00000087371	ENSRNOT00000087371	2,3,4,5,6,7	2:240668404-240685747|2:240701716-240724511
6	3116548	3130068	circular_RNA/1	1	-	3116548	3116548	0,0,0	7	117,173,118,163,120,223,104	0,320,5054,6395,10788,11977,13416	1	circRNA	ENSRNOT00000009359	ENSRNOT00000009359	19,18,17,16,15,14,13	6:3115085-3116548|6:3130068-3130380
6	14450091	14490352	circular_RNA/14	1	-	14450091	14450091	0,0,0	5	120,174,191,382,123	0,7599,30398,31716,40138	14	circRNA	ENSRNOT00000071402	ENSRNOT00000071402	8,7,6,5,4	6:14242315-14450091|6:14490352-14513632
6	14755037	14758647	circular_RNA/1	1	-	14755037	14755037	0,0,0	3	162,24,302	0,1167,3308	1	circRNA	ENSRNOT00000092654	ENSRNOT00000092654	7,6,5	None|6:14758647-15082850
6	28004504	28112938	circular_RNA/1	1	+	28004504	28004504	0,0,0	7	214,86,155,106,167,125,78	0,17901,37069,44207,47033,80020,108356	1	circRNA	ENSRNOT00000077830	ENSRNOT00000077830	4,5,6,7,8,9,10	6:27999062-28004504|6:28112938-28126626
6	28707250	28733354	circular_RNA/1	0	-	28707250	28707250	0,0,0	7	102,315,169,118,181,1330,148	0,3068,3586,5724,20177,23396,25956	1	circRNA	ENSRNOT00000091659	ENSRNOT00000091659	16,15,14,13,12,11,10	6:28698905-28707250|6:28733354-28742444
6	29032001	29038377	circular_RNA/1	1	+	29032001	29032001	0,0,0	6	152,48,154,103,109,117	0,1798,2239,3945,5148,6259	1	circRNA	ENSRNOT00000085612	ENSRNOT00000085612	2,3,4,5,6,7	6:29012496-29032001|6:29038377-29043820
6	38617367	38641066	circular_RNA/1	1	+	38617367	38617367	0,0,0	6	114,158,90,165,114,85	0,1152,2133,19711,23221,23614	1	circRNA	ENSRNOT00000009779	ENSRNOT00000009779	33,34,35,36,37,38	6:38610650-38617367|6:38641066-38651279
6	49198512	49218570	circular_RNA/2	1	-	49198512	49198512	0,0,0	3	128,92,88	0,9867,19970	2	circRNA	ENSRNOT00000066904	ENSRNOT00000066904	5,4,3	6:49184030-49198512|6:49218570-49254887
6	86729141	86739150	circular_RNA/1	1	+	86729141	86729141	0,0,0	6	157,135,297,263,239,98	0,1699,4155,5856,6729,9911	1	circRNA	ENSRNOT00000059271	ENSRNOT00000059271	2,3,4,5,6,7	6:86715854-86729141|6:86739150-86743336
6	86842053	86843095	circular_RNA/2	1	+	86842053	86842053	0,0,0	2	87,185	0,857	2	circRNA	ENSRNOT00000086081	ENSRNOT00000086081	8,9	6:86840957-86842053|6:86843095-86844528
6	86846325	86859273	circular_RNA/1	1	+	86846325	86846325	0,0,0	6	205,152,156,1876,86,63	0,2609,3633,5203,12700,12885	1	circRNA	ENSRNOT00000086081	ENSRNOT00000086081	11,12,13,14,15,16	6:86844735-86846325|6:86859273-86860847
6	109729889	109745287	circular_RNA/1	1	+	109729889	109729889	0,0,0	5	70,85,102,92,108	0,990,12480,14301,15290	1	circRNA	ENSRNOT00000012895	ENSRNOT00000012895	5,6,7,8,9	6:109723730-109729889|6:109745287-109754640
6	129864988	129890111	circular_RNA/1	1	+	129864988	129864988	0,0,0	10	165,56,70,88,109,93,133,121,59,179	0,6180,13428,14353,18330,18553,20390,21075,22023,24944	1	circRNA	ENSRNOT00000036035	ENSRNOT00000036035	2,3,4,5,6,7,8,9,10,11	6:129836208-129864988|6:129890111-129897946
9	1442053	1485363	circular_RNA/1	0	+	1442053	1442053	0,0,0	9	109,90,75,68,103,89,51,70,173	0,1472,1650,4013,31593,40122,41506,41660,43137	1	circRNA	ENSRNOT00000014171	ENSRNOT00000014171	5,6,7,8,9,10,11,12,13	9:1363362-1442053|9:1485363-1545229
9	1875551	1880538	circular_RNA/2	1	-	1875551	1875551	0,0,0	2	204,2487	0,2500	2	circRNA	ENSRNOT00000018146	ENSRNOT00000018146	4,3	9:1816060-1875551|9:1880538-1983866
9	16465571	16488771	circular_RNA/3	1	+	16465571	16465571	0,0,0	10	46,49,69,1674,118,101,59,146,95,103	0,510,638,5278,16402,17998,20063,21159,22317,23097	3	circRNA	ENSRNOT00000091809	ENSRNOT00000091809	2,3,4,5,6,7,8,9,10,11	9:16427682-16465571|9:16488771-16492080
9	18653894	18660843	circular_RNA/1	0	+	18653894	18653894	0,0,0	2	157,105	0,6844	1	circRNA	ENSRNOT00000061014	ENSRNOT00000061014	4,5	9:18643984-18653894|9:18660843-18718031
9	20838964	20849380	circular_RNA/1	1	+	20838964	20838964	0,0,0	5	166,143,113,102,176	0,790,6898,7701,10240	1	circRNA	ENSRNOT00000016291	ENSRNOT00000016291	12,13,14,15,16	9:20834954-20838964|9:20849380-20856081
9	20839754	20849380	circular_RNA/1	1	+	20839754	20839754	0,0,0	4	143,113,102,176	0,6108,6911,9450	1	circRNA	ENSRNOT00000016291	ENSRNOT00000016291	13,14,15,16	9:20839130-20839754|9:20849380-20856081
9	31604267	31660864	circular_RNA/1	0	-	31604267	31604267	0,0,0	6	44,103,76,150,109,69	0,16050,27232,28193,53105,56528	1	circRNA	ENSRNOT00000016194	ENSRNOT00000016194	15,14,13,12,11,10	9:31442183-31604267|9:31660864-31693797
9	37110522	37117919	circular_RNA/1	0	-	37110522	37110522	0,0,0	2	1720,162	0,7235	1	circRNA	ENSRNOT00000015638	ENSRNOT00000015638	4,3	9:37105227-37110522|9:37117919-37134324
9	50930809	50942793	circular_RNA/3	1	+	50930809	50930809	0,0,0	6	116,87,61,144,208,1068	0,649,2776,5895,7951,10916	3	circRNA	ENSRNOT00000076248	ENSRNOT00000076248	3,4,5,6,7,8	9:50929814-50930809|9:50942793-50954873
9	53646696	53648288	circular_RNA/1	1	+	53646696	53646696	0,0,0	1	1592	0	1	circRNA	ENSRNOT00000031267	ENSRNOT00000031267	3	9:53627021-53646696|9:53648288-53678092
9	53646696	53678190	circular_RNA/1	1	+	53646696	53646696	0,0,0	2	1592,98	0,31396	1	circRNA	ENSRNOT00000031267	ENSRNOT00000031267	3,4	9:53627021-53646696|9:53678190-53703867
9	67242045	67252725	circular_RNA/1	1	+	67242045	67242045	0,0,0	4	177,98,147,122	0,6521,9802,10558	1	circRNA	ENSRNOT00000050179	ENSRNOT00000050179	3,4,5,6	9:67234748-67242045|9:67252725-67257384
9	73662850	73663990	circular_RNA/1	1	+	73662850	73662850	0,0,0	1	1140	0	1	ciRNA	ENSRNOT00000032430	ENSRNOT00000032430	44	9:73662850-73665155
9	84367942	84370769	circular_RNA/2	0	-	84367942	84367942	0,0,0	3	109,151,116	0,1232,2711	2	circRNA	ENSRNOT00000019685	ENSRNOT00000019685	7,6,5	9:84366111-84367942|9:84370769-84372620
9	94463646	94474809	circular_RNA/1	1	+	94463646	94463646	0,0,0	3	130,96,115	0,1057,11048	1	circRNA	ENSRNOT00000064965	ENSRNOT00000064965	4,5,6	9:94453653-94463646|9:94474809-94480128
9	100575891	100588953	circular_RNA/1	0	-	100575891	100575891	0,0,0	8	108,207,216,207,216,158,113,65	0,804,1648,1997,7823,9070,11444,12997	1	circRNA	ENSRNOT00000051155	ENSRNOT00000051155	9,8,7,6,5,4,3,2	9:100574823-100575891|9:100588953-100624564
9	110798322	110908742	circular_RNA/2	0	-	110798322	110798322	0,0,0	3	131,108,132	0,20240,110288	2	circRNA	ENSRNOT00000064431	ENSRNOT00000064431	6,5,4	9:110665317-110798322|9:110908742-110921907
9	111272718	111280928	circular_RNA/2	1	+	111272718	111272718	0,0,0	3	73,141,126	0,6759,8084	2	circRNA	ENSRNOT00000076729	ENSRNOT00000076729	12,13,14	9:111268997-111272718|9:111280928-111284517
9	112317484	112377503	circular_RNA/1	1	+	112317484	112317484	0,0,0	11	252,145,172,128,174,187,178,203,183,115,71	0,815,10781,24842,35983,42915,45770,49879,53179,57368,59948	1	circRNA	ENSRNOT00000020767	ENSRNOT00000020767	2,3,4,5,6,7,8,9,10,11,12	9:112294506-112317484|9:112377503-112406659
9	118920874	119127222	circular_RNA/2	0	+	118920874	118920874	0,0,0	7	215,178,241,30,371,92,422	0,65606,70382,130748,184199,189171,205926	2	circRNA	ENSRNOT00000022351	ENSRNOT00000022351	4,5,6,7,8,9,10	9:118843862-118920874|9:119127222-119148395
9	119105073	119110137	circular_RNA/3	1	+	119105073	119105073	0,0,0	2	371,92	0,4972	3	circRNA	ENSRNOT00000022351	ENSRNOT00000022351	8,9	9:119051652-119105073|9:119110137-119126800
9	121831707	121843361	circular_RNA/1	1	+	121831707	121831707	0,0,0	7	273,100,99,104,150,156,180	0,4553,7848,8838,9033,11156,11474	1	circRNA	ENSRNOT00000086534	ENSRNOT00000086534	2,3,4,5,6,7,8	9:121802867-121831707|9:121843361-121854965
11	34060061	34073206	circular_RNA/2	1	+	34060061	34060061	0,0,0	8	73,133,215,148,148,129,120,98	0,3027,3986,5825,7654,10620,11357,13047	2	circRNA	ENSRNOT00000076473	ENSRNOT00000076473	2,3,4,5,6,7,8,9	11:34052168-34060061|11:34073206-34078488
11	34612626	34631134	circular_RNA/1	1	+	34612626	34612626	0,0,0	10	155,43,151,88,54,121,86,95,63,55	0,433,872,1425,3475,4203,6236,7754,8814,18453	1	circRNA	ENSRNOT00000065600	ENSRNOT00000065600	2,3,4,5,6,7,8,9,10,11	11:34598537-34612626|11:34631134-34636145
11	34612626	34614139	circular_RNA/1	0	+	34612626	34612626	0,0,0	4	155,43,151,88	0,433,872,1425	1	circRNA	ENSRNOT00000065600	ENSRNOT00000065600	2,3,4,5	11:34598537-34612626|11:34614139-34616101
11	34668090	34722272	circular_RNA/2	0	+	34668090	34668090	0,0,0	7	165,1024,66,169,13,3,105	0,25194,27427,50868,51395,54005,54077	2	circRNA	ENSRNOT00000065600	ENSRNOT00000065600	32,33,34,35,36,37,38	11:34664446-34668090|11:34722272-34724336
11	47165425	47169764	circular_RNA/3	1	+	47165425	47165425	0,0,0	2	754,76	0,4263	3	circRNA	ENSRNOT00000002191	ENSRNOT00000002191	9,10	11:47162537-47165425|11:47169764-47173552
11	51077791	51088607	circular_RNA/1	1	-	51077791	51077791	0,0,0	2	186,204	0,10612	1	circRNA	ENSRNOT00000077220	ENSRNOT00000077220	11,10	11:51076279-51077791|11:51088607-51098165
11	62059610	62067655	circular_RNA/1	0	-	62059610	62059610	0,0,0	4	188,164,49,100	0,553,5943,7945	1	circRNA	ENSRNOT00000081443	ENSRNOT00000081443	7,6,5,4	11:62027825-62059610|11:62067655-62172314
10	16724061	16725151	circular_RNA/1	1	-	16724061	16724061	0,0,0	1	1090	0	1	circRNA	ENSRNOT00000079462	ENSRNOT00000079462	4	10:16712067-16724061|10:16725151-16727735
10	16724061	16727861	circular_RNA/1	0	-	16724061	16724061	0,0,0	2	1090,126	0,3674	1	circRNA	ENSRNOT00000079462	ENSRNOT00000079462	4,3	10:16712067-16724061|10:16727861-16729945
10	16724061	16730140	circular_RNA/8	0	-	16724061	16724061	0,0,0	3	1090,126,195	0,3674,5884	8	circRNA	ENSRNOT00000079462	ENSRNOT00000079462	4,3,2	10:16712067-16724061|10:16730140-16752154
10	29318808	29319752	circular_RNA/3	1	+	29318808	29318808	0,0,0	1	944	0	3	circRNA	ENSRNOT00000067013	ENSRNOT00000067013	2	10:29289736-29318808|10:29319752-29330336
10	30980708	30993573	circular_RNA/1	1	+	30980708	30980708	0,0,0	7	105,97,109,165,178,247,70	0,621,2795,3728,8022,11500,12795	1	circRNA	ENSRNOT00000035346	ENSRNOT00000035346	2,3,4,5,6,7,8	10:30834050-30980708|10:30993573-31000441
10	35455048	35457781	circular_RNA/1	1	+	35455048	35455048	0,0,0	2	124,73	0,2660	1	circRNA	ENSRNOT00000059277	ENSRNOT00000059277	12,13	10:35451184-35455048|10:35457781-35458538
10	37166066	37178344	circular_RNA/1	0	-	37166066	37166066	0,0,0	6	121,207,56,119,113,110	0,1333,2601,6587,9387,12168	1	circRNA	ENSRNOT00000090475	ENSRNOT00000090475	14,13,12,11,10,9	10:37164366-37166066|10:37178344-37180937
10	38712830	38725063	circular_RNA/1	1	+	38712830	38712830	0,0,0	4	127,780,45,87	0,3848,7196,12146	1	circRNA	ENSRNOT00000009440	ENSRNOT00000009440	2,3,4,5	10:38692519-38712830|10:38725063-38740168
10	48659694	48705799	circular_RNA/1	1	-	48659694	48659694	0,0,0	15	144,169,101,102,118,161,196,130,547,127,95,215,125,102,55	0,1898,3681,5105,5301,11690,19056,20963,24038,29113,34840,36156,40115,44611,46050	1	circRNA	ENSRNOT00000081409	ENSRNOT00000081409	27,26,25,24,23,22,21,20,19,18,17,16,15,14,13	10:48655580-48659694|10:48705799-48707154
10	52636799	52637511	circular_RNA/1	0	-	52636799	52636799	0,0,0	2	425,197	0,515	1	circRNA	ENSRNOT00000005583	ENSRNOT00000005583	17,16	10:52626314-52636799|10:52637511-52647254
10	64302751	64335912	circular_RNA/1	1	-	64302751	64302751	0,0,0	6	120,116,87,67,50,81	0,1743,3678,25636,28122,33080	1	circRNA	ENSRNOT00000010010	ENSRNOT00000010010	7,6,5,4,3,2	10:64290560-64302751|10:64335912-64340846
10	66812206	66822005	circular_RNA/2	1	+	66812206	66812206	0,0,0	5	159,98,147,147,111	0,1037,2792,4704,9688	2	circRNA	ENSRNOT00000046262	ENSRNOT00000046262	31,32,33,34,35	10:66802718-66812206|10:66822005-66889959
10	73705448	73708421	circular_RNA/1	1	-	73705448	73705448	0,0,0	2	101,174	0,2799	1	circRNA	ENSRNOT00000035280	ENSRNOT00000035280	28,27	10:73703036-73705448|10:73708421-73709815
10	73832769	73857079	circular_RNA/1	1	-	73832769	73832769	0,0,0	11	78,63,108,91,91,101,58,148,69,121,50	0,343,1226,2102,2348,5014,6503,8734,21442,22897,24260	1	circRNA	ENSRNOT00000005226	ENSRNOT00000005226	12,11,10,9,8,7,6,5,4,3,2	10:73829261-73832769|10:73857079-73865202
10	74338951	74360926	circular_RNA/1	0	-	74338951	74338951	0,0,0	6	60,134,90,119,46,136	0,4178,7326,7903,19139,21839	1	circRNA	ENSRNOT00000079311	ENSRNOT00000079311	9,8,7,6,5,4	10:74336703-74338951|10:74360926-74364740
10	74489898	74517563	circular_RNA/2	1	+	74489898	74489898	0,0,0	9	180,115,219,137,86,195,309,123,190	0,4188,4853,6541,8969,17609,21822,26623,27475	2	circRNA	ENSRNOT00000090921	ENSRNOT00000090921	13,14,15,16,17,18,19,20,21	10:74480363-74489898|10:74517563-74525528
10	81793532	81801844	circular_RNA/1	1	+	81793532	81793532	0,0,0	7	130,90,168,172,219,196,126	0,573,1034,1614,5398,5859,8186	1	circRNA	ENSRNOT00000003777	ENSRNOT00000003777	15,16,17,18,19,20,21	10:81792407-81793532|10:81801844-81802803
10	85158202	85166817	circular_RNA/1	0	-	85158202	85158202	0,0,0	5	220,135,140,64,110	0,1633,4166,6565,8505	1	circRNA	ENSRNOT00000031045	ENSRNOT00000031045	17,16,15,14,13	10:85153421-85158202|10:85166817-85169571
10	86116049	86122643	circular_RNA/1	0	-	86116049	86116049	0,0,0	6	119,125,112,90,74,75	0,591,1433,2401,5812,6519	1	circRNA	ENSRNOT00000067901	ENSRNOT00000067901	13,12,11,10,9,8	10:86113831-86116049|10:86122643-86124065
10	91140958	91159440	circular_RNA/1	1	+	91140958	91140958	0,0,0	10	109,145,119,92,117,171,109,171,168,138	0,3192,7302,8197,9435,10399,11211,12980,17418,18344	1	circRNA	ENSRNOT00000004046	ENSRNOT00000004046	2,3,4,5,6,7,8,9,10,11	10:91127198-91140958|10:91159440-91160365
10	93439728	93471445	circular_RNA/1	0	+	93439728	93439728	0,0,0	8	70,44,96,168,96,93,111,137	0,920,1691,11748,24645,25879,30887,31580	1	circRNA	ENSRNOT00000066484	ENSRNOT00000066484	4,5,6,7,8,9,10,11	10:93438786-93439728|10:93471445-93473182
10	93451476	93465700	circular_RNA/1	0	+	93451476	93451476	0,0,0	3	168,96,93	0,12897,14131	1	circRNA	ENSRNOT00000066484	ENSRNOT00000066484	7,8,9	10:93441515-93451476|10:93465700-93470615
10	96759544	96894082	circular_RNA/3	1	+	96759544	96759544	0,0,0	14	48,78,87,100,119,144,155,130,93,60,80,136,108,183	0,300,19951,31292,33486,35092,51915,52334,53097,54755,61515,94560,112064,134355	3	circRNA	ENSRNOT00000037067	ENSRNOT00000037067	7,8,9,10,11,12,13,14,15,16,17,18,19,20	10:96722491-96759544|10:96894082-96943094
13	25990209	26002412	circular_RNA/1	1	+	25990209	25990209	0,0,0	7	113,95,84,58,136,65,95	0,4369,6849,8428,10187,11691,12108	1	circRNA	ENSRNOT00000003870	ENSRNOT00000003870	5,6,7,8,9,10,11	13:25983919-25990209|13:26002412-26006507
13	35597461	35608096	circular_RNA/1	0	-	35597461	35597461	0,0,0	4	65,129,98,164	0,2154,4862,10471	1	circRNA	ENSRNOT00000042862	ENSRNOT00000042862	18,17,16,15	13:35586949-35597461|13:35608096-35626137
13	35748507	35784163	circular_RNA/1	1	-	35748507	35748507	0,0,0	7	173,64,89,88,121,53,45	0,3657,20911,24990,34679,35074,35611	1	circRNA	ENSRNOT00000003568	ENSRNOT00000003568	12,11,10,9,8,7,6	13:35736524-35748507|13:35784163-35789304
13	39449611	39490483	circular_RNA/2	0	-	39449611	39449611	0,0,0	6	55,195,70,99,48,122	0,851,20083,20260,39396,40750	2	circRNA	ENSRNOT00000003527	ENSRNOT00000003527	17,16,15,14,13,12	13:39441496-39449611|13:39490483-39495461
13	44973523	44975133	circular_RNA/2	1	+	44973523	44973523	0,0,0	2	55,165	0,1445	2	circRNA	ENSRNOT00000004878	ENSRNOT00000004878	7,8	13:44971786-44973523|13:44975133-44978032
13	57241244	57343934	circular_RNA/1	1	+	57241244	57241244	0,0,0	10	49,60,75,84,95,181,165,137,64,109	0,2615,15001,16165,24897,67365,68621,71485,74078,102581	1	circRNA	ENSRNOT00000017884	ENSRNOT00000017884	4,5,6,7,8,9,10,11,12,13	13:57229182-57241244|13:57343934-57380034
13	67647509	67655894	circular_RNA/1	1	+	67647509	67647509	0,0,0	10	148,138,132,131,208,144,199,206,62,209	0,1019,1257,2750,4009,5189,5510,6925,7327,8176	1	circRNA	ENSRNOT00000063833	ENSRNOT00000063833	28,29,30,31,32,33,34,35,36,37	13:67646700-67647509|13:67655894-67658184
13	67655685	67658457	circular_RNA/1	1	+	67655685	67655685	0,0,0	2	209,273	0,2499	1	circRNA	ENSRNOT00000063833	ENSRNOT00000063833	37,38	13:67654898-67655685|13:67658457-67659301
13	68731138	68765604	circular_RNA/1	0	-	68731138	68731138	0,0,0	12	65,67,132,185,149,139,164,146,94,189,102,139	0,5593,9455,14628,18501,21028,23105,25437,29914,31721,32916,34327	1	circRNA	ENSRNOT00000044255	ENSRNOT00000044255	19,18,17,16,15,14,13,12,11,10,9,8	13:68729153-68731138|13:68765604-68768023
13	68736731	68756721	circular_RNA/1	1	-	68736731	68736731	0,0,0	7	67,132,185,149,139,164,146	0,3862,9035,12908,15435,17512,19844	1	circRNA	ENSRNOT00000044255	ENSRNOT00000044255	18,17,16,15,14,13,12	13:68731203-68736731|13:68756721-68761052
13	74485161	74520636	circular_RNA/1	1	-	74485161	74485161	0,0,0	7	127,93,90,84,51,105,143	0,5207,6482,7116,27184,28198,35332	1	circRNA	ENSRNOT00000036200	ENSRNOT00000036200	8,7,6,5,4,3,2	13:74450825-74485161|13:74520636-74564108
13	74485161	74513464	circular_RNA/2	0	-	74485161	74485161	0,0,0	6	127,93,90,84,51,105	0,5207,6482,7116,27184,28198	2	circRNA	ENSRNOT00000077169	ENSRNOT00000077169	7,6,5,4,3,2	13:74450825-74485161|13:74513464-74520493
13	78443041	78470796	circular_RNA/2	0	-	78443041	78443041	0,0,0	4	142,167,103,67	0,19569,21167,27688	2	circRNA	ENSRNOT00000003671	ENSRNOT00000003671	11,10,9,8	13:78393465-78443041|13:78470796-78490472
13	83587207	83607039	circular_RNA/1	0	-	83587207	83587207	0,0,0	8	89,157,139,42,322,69,116,118	0,1433,3035,7849,13949,14486,14980,19714	1	circRNA	ENSRNOT00000004199	ENSRNOT00000004199	20,19,18,17,16,15,14,13	13:83584200-83587207|13:83607039-83616628
13	89211388	89229970	circular_RNA/1	0	-	89211388	89211388	0,0,0	6	221,204,127,101,88,77	0,8185,9181,14084,17051,18505	1	circRNA	ENSRNOT00000029202	ENSRNOT00000029202	7,6,5,4,3,2	13:89196798-89211388|13:89229970-89242338
13	98386341	98399944	circular_RNA/1	1	+	98386341	98386341	0,0,0	6	248,106,125,106,149,92	0,5272,8187,10582,11043,13511	1	circRNA	ENSRNOT00000003837	ENSRNOT00000003837	15,16,17,18,19,20	13:98375040-98386341|13:98399944-98403147
13	99457982	99462113	circular_RNA/1	0	-	99457982	99457982	0,0,0	4	273,58,97,53	0,1408,3893,4078	1	circRNA	ENSRNOT00000004927	ENSRNOT00000004927	6,5,4,3	13:99453255-99457982|13:99462113-99466367
13	103324752	103354754	circular_RNA/1	1	+	103324752	103324752	0,0,0	13	85,60,111,137,208,113,118,360,234,263,52,210,73	0,1073,7137,8380,9410,10493,11268,14469,20011,20528,28470,29390,29929	1	circRNA	ENSRNOT00000085214	ENSRNOT00000085214	11,12,13,14,15,16,17,18,19,20,21,22,23	13:103323482-103324752|13:103354754-103355722
12	8189806	8220963	circular_RNA/1	1	-	8189806	8189806	0,0,0	3	212,99,162	0,7961,30995	1	circRNA	ENSRNOT00000085869	ENSRNOT00000085869	7,6,5	12:8144289-8189806|12:8220963-8323967
12	9233367	9240810	circular_RNA/1	1	-	9233367	9233367	0,0,0	6	102,117,162,58,105,248	0,188,542,3689,4998,7195	1	circRNA	ENSRNOT00000044134	ENSRNOT00000044134	12,11,10,9,8,7	12:9230853-9233367|12:9240810-9273124
12	39627015	39635912	circular_RNA/5	0	-	39627015	39627015	0,0,0	3	154,112,120	0,668,8777	5	circRNA	ENSRNOT00000001729	ENSRNOT00000001729	5,4,3	12:39625019-39627015|12:39635912-39636571
15	4152544	4178770	circular_RNA/2	1	+	4152544	4152544	0,0,0	11	150,169,171,132,378,232,134,168,120,196,1397	0,2478,4342,8369,8634,9240,12935,16986,20822,21879,24829	2	circRNA	ENSRNOT00000083467	ENSRNOT00000083467	9,10,11,12,13,14,15,16,17,18,19	15:4149809-4152544|15:4178770-4183233
15	17816932	17882722	circular_RNA/1	1	+	17816932	17816932	0,0,0	8	138,137,163,117,123,332,204,62	0,15271,17559,19015,20201,24234,55906,65728	1	circRNA	ENSRNOT00000061169	ENSRNOT00000061169	4,5,6,7,8,9,10,11	15:17791300-17816932|15:17882722-17910295
15	36923422	36934600	circular_RNA/1	1	+	36923422	36923422	0,0,0	6	156,831,97,252,126,89	0,2672,5369,7322,10892,11089	1	circRNA	ENSRNOT00000090573	ENSRNOT00000090573	15,16,17,18,19,20	15:36919125-36923422|15:36934600-36937340
15	37202181	37211807	circular_RNA/1	0	+	37202181	37202181	0,0,0	8	177,2,26,146,35,130,116,172	0,233,296,3730,3912,7309,8623,9454	1	circRNA	ENSRNOT00000011684	ENSRNOT00000011684	10,11,12,13,14,15,16,17	15:37198284-37202181|15:37211807-37214013
15	82138854	82331705	circular_RNA/1	0	-	82138854	82138854	0,0,0	10	69,144,148,152,135,136,173,156,153,116	0,522,4361,12793,79407,80927,93014,93596,146515,192735	1	circRNA	ENSRNOT00000011926	ENSRNOT00000011926	11,10,9,8,7,6,5,4,3,2	15:82099193-82138854|15:82331705-82481833
15	83592390	83608877	circular_RNA/1	1	+	83592390	83592390	0,0,0	4	166,151,91,103	0,5873,6934,16384	1	circRNA	ENSRNOT00000036350	ENSRNOT00000036350	10,11,12,13	15:83552917-83592390|15:83608877-83627129
14	2595786	2607696	circular_RNA/1	1	-	2595786	2595786	0,0,0	4	97,129,107,159	0,1816,6285,11751	1	circRNA	ENSRNOT00000036442	ENSRNOT00000036442	5,4,3,2	14:2592085-2595786|14:2607696-2610191
14	4178530	4182331	circular_RNA/1	1	+	4178530	4178530	0,0,0	3	2213,711,606	0,2309,3195	1	circRNA	ENSRNOT00000002882	ENSRNOT00000002882	6,7,8	14:4154670-4178530|14:4182331-4197678
14	25672665	25673329	circular_RNA/3	1	+	25672665	25672665	0,0,0	1	664	0	3	circRNA	ENSRNOT00000043938	ENSRNOT00000043938	6	14:25622035-25672665|14:25673329-25791640
14	60581950	60586776	circular_RNA/1	0	-	60581950	60581950	0,0,0	4	154,132,201,137	0,1714,2340,4689	1	circRNA	ENSRNOT00000005349	ENSRNOT00000005349	5,4,3,2	14:60580533-60581950|14:60586776-60594488
14	71043280	71052446	circular_RNA/1	1	+	71043280	71043280	0,0,0	3	173,123,84	0,6606,9082	1	circRNA	ENSRNOT00000083871	ENSRNOT00000083871	3,4,5	14:70912028-71043280|14:71052446-71103851
14	106153574	106161579	circular_RNA/2	1	+	106153574	106153574	0,0,0	4	156,206,79,35	0,1265,5478,7970	2	circRNA	ENSRNOT00000010264	ENSRNOT00000010264	1,2,3,4	None|14:106161579-106164959
14	106164959	106186748	circular_RNA/2	0	+	106164959	106164959	0,0,0	7	132,386,127,108,56,97,341	0,2598,14001,15010,17751,20215,21448	2	circRNA	ENSRNOT00000010264	ENSRNOT00000010264	5,6,7,8,9,10,11	14:106161579-106164959|14:106186748-106191740
14	108181453	108206737	circular_RNA/2	1	+	108181453	108181453	0,0,0	12	87,201,83,41,125,153,105,56,121,184,161,66	0,8075,10393,14438,14619,16127,17050,19192,19339,21104,21679,25218	2	circRNA	ENSRNOT00000090003	ENSRNOT00000090003	20,21,22,23,24,25,26,27,28,29,30,31	14:108179553-108181453|14:108206737-108209753
14	108214908	108223923	circular_RNA/1	1	+	108214908	108214908	0,0,0	9	173,154,79,54,96,65,76,48,66	0,2970,5304,5829,5989,8424,8576,8744,8949	1	circRNA	ENSRNOT00000090003	ENSRNOT00000090003	36,37,38,39,40,41,42,43,44	14:108210640-108214908|14:108223923-108226063
14	108446848	108456923	circular_RNA/1	1	+	108446848	108446848	0,0,0	5	46,65,86,126,57	0,1559,3686,4592,10018	1	circRNA	ENSRNOT00000083763	ENSRNOT00000083763	7,8,9,10,11	14:108446317-108446848|14:108456923-108461393
17	5524116	5571375	circular_RNA/1	1	+	5524116	5524116	0,0,0	15	125,68,64,147,132,94,38,209,178,98,117,692,84,87,149	0,3176,4873,5842,8040,13330,18933,22290,23905,31374,35540,39402,45630,46942,47110	1	circRNA	ENSRNOT00000025381	ENSRNOT00000025381	4,5,6,7,8,9,10,11,12,13,14,15,16,17,18	17:5514081-5524116|17:5571375-5582855
17	5555490	5571375	circular_RNA/3	1	+	5555490	5555490	0,0,0	6	98,117,692,84,87,149	0,4166,8028,14256,15568,15736	3	circRNA	ENSRNOT00000025381	ENSRNOT00000025381	13,14,15,16,17,18	17:5548199-5555490|17:5571375-5582855
17	5590512	5604275	circular_RNA/1	1	+	5590512	5590512	0,0,0	4	181,130,132,177	0,948,7739,13586	1	circRNA	ENSRNOT00000025381	ENSRNOT00000025381	22,23,24,25	17:5589619-5590512|17:5604275-5606342
17	9912157	9929565	circular_RNA/1	0	-	9912157	9912157	0,0,0	3	2551,173,136	0,8460,17272	1	circRNA	ENSRNOT00000060928	ENSRNOT00000060928	5,4,3	17:9897707-9912157|17:9929565-9951410
17	15992059	16003404	circular_RNA/1	1	+	15992059	15992059	0,0,0	10	156,192,540,294,50,169,117,171,46,120	0,540,1877,5757,6511,7352,7589,10342,10626,11225	1	circRNA	ENSRNOT00000050696	ENSRNOT00000050696	9,10,11,12,13,14,15,16,17,18	17:15989064-15992059|17:16003404-16009329
17	16124899	16143144	circular_RNA/1	0	+	16124899	16124899	0,0,0	4	247,83,129,97	0,4083,16578,18148	1	circRNA	ENSRNOT00000060568	ENSRNOT00000060568	2,3,4,5	17:16106610-16124899|17:16143144-16152640
17	42202533	42213446	circular_RNA/1	1	-	42202533	42202533	0,0,0	6	93,88,98,99,190,776	0,2308,3428,5049,9415,10137	1	circRNA	ENSRNOT00000024536	ENSRNOT00000024536	8,7,6,5,4,3	17:42200561-42202533|17:42213446-42215632
17	84166940	84230293	circular_RNA/1	1	-	84166940	84166940	0,0,0	17	105,93,93,93,105,111,111,111,111,111,108,105,105,114,102,102,111	0,1250,4265,11038,13020,15083,15308,19096,22574,26137,31142,33997,38787,43753,52986,53711,63242	1	circRNA	ENSRNOT00000082549	ENSRNOT00000082549	22,21,20,19,18,17,16,15,14,13,12,11,10,9,8,7,6	17:84166072-84166940|17:84230293-84236498
17	85036936	85057912	circular_RNA/1	1	-	85036936	85036936	0,0,0	5	164,91,94,98,166	0,9092,18614,19551,20810	1	circRNA	ENSRNOT00000000162	ENSRNOT00000000162	8,7,6,5,4	17:85009997-85036936|17:85057912-85063955
16	2289438	2314973	circular_RNA/1	0	+	2289438	2289438	0,0,0	14	39,43,113,81,106,80,54,56,123,96,95,66,65,90	0,136,8468,9297,11852,13232,14376,15381,16646,17097,20831,23827,24143,25445	1	circRNA	ENSRNOT00000016233	ENSRNOT00000016233	2,3,4,5,6,7,8,9,10,11,12,13,14,15	16:2278976-2289438|16:2314973-2322108
16	3060712	3064512	circular_RNA/2	1	+	3060712	3060712	0,0,0	5	146,93,73,92,162	0,1475,2587,3037,3638	2	circRNA	ENSRNOT00000074069	ENSRNOT00000074069	2,3,4,5,6	16:3051986-3060712|16:3064512-3068021
16	7438794	7463395	circular_RNA/2	1	+	7438794	7438794	0,0,0	12	109,158,68,201,87,127,86,94,147,107,121,145	0,3980,4977,7156,10067,12700,14403,15831,19208,20097,20973,24456	2	circRNA	ENSRNOT00000026323	ENSRNOT00000026323	2,3,4,5,6,7,8,9,10,11,12,13	16:7435888-7438794|16:7463395-7464233
16	25055831	25086279	circular_RNA/2	1	-	25055831	25055831	0,0,0	2	181,80	0,30368	2	circRNA	ENSRNOT00000032289	ENSRNOT00000032289	3,2	16:25014763-25055831|16:25086279-25192618
16	32364097	32424339	circular_RNA/1	0	-	32364097	32364097	0,0,0	19	129,96,78,84,103,164,75,48,60,60,152,61,201,55,87,68,21,6,54	0,5875,6673,7104,22288,30600,36009,36225,36355,37020,44702,47317,51763,55824,56823,57030,60159,60181,60188	1	circRNA	ENSRNOT00000043100	ENSRNOT00000043100	23,22,21,20,19,18,17,16,15,14,13,12,11,10,9,8,7,6,5	16:32361399-32364097|16:32424339-32428434
16	49282947	49310785	circular_RNA/2	0	-	49282947	49282947	0,0,0	4	107,151,269,1097	0,1020,15007,26741	2	circRNA	ENSRNOT00000045721	ENSRNOT00000045721	5,4,3,2	16:49280366-49282947|16:49310785-49318255
16	54792658	54826033	circular_RNA/2	1	+	54792658	54792658	0,0,0	6	123,163,158,129,135,133	0,1834,11392,22259,27687,33242	2	circRNA	ENSRNOT00000086899	ENSRNOT00000086899	2,3,4,5,6,7	16:54765418-54792658|16:54826033-54843062
16	54792658	54804208	circular_RNA/1	0	+	54792658	54792658	0,0,0	3	123,163,158	0,1834,11392	1	circRNA	ENSRNOT00000086899	ENSRNOT00000086899	2,3,4	16:54765418-54792658|16:54804208-54814917
19	17330547	17341848	circular_RNA/1	0	-	17330547	17330547	0,0,0	6	187,65,161,129,65,201	0,1343,1513,3648,8063,11100	1	circRNA	ENSRNOT00000017361	ENSRNOT00000017361	8,7,6,5,4,3	19:17327607-17330547|19:17341848-17343774
19	17431000	17440665	circular_RNA/1	0	-	17431000	17431000	0,0,0	5	177,244,122,138,87	0,3538,6910,8634,9578	1	circRNA	ENSRNOT00000078786	ENSRNOT00000078786	12,11,10,9,8	19:17428783-17431000|19:17440665-17445978
19	19872832	19874612	circular_RNA/1	0	-	19872832	19872832	0,0,0	4	137,83,158,91	0,1132,1412,1689	1	circRNA	ENSRNOT00000020793	ENSRNOT00000020793	11,10,9,8	19:19868985-19872832|19:19874612-19881334
19	21245663	21247348	circular_RNA/1	0	+	21245663	21245663	0,0,0	1	1685	0	1	circRNA	ENSRNOT00000049285	ENSRNOT00000049285	2	19:21218538-21245663|19:21247348-21256613
1	3900407	3920698	circular_RNA/1	1	-	3900407	3900407	0,0,0	9	152,126,179,221,41,68,148,73,155	0,2064,8233,8849,14486,14758,15045,18900,20136	1	circRNA	ENSRNOT00000049699	ENSRNOT00000049699	18,17,16,15,14,13,12,11,10	1:3890933-3900407|1:3920698-3932428
1	25216048	25284394	circular_RNA/1	1	+	25216048	25216048	0,0,0	3	175,111,221	0,58476,68125	1	circRNA	ENSRNOT00000016518	ENSRNOT00000016518	3,4,5	1:25174965-25216048|1:25284394-25295851
1	37516584	37621662	circular_RNA/2	1	+	37516584	37516584	0,0,0	15	159,133,177,44,81,70,98,85,138,120,170,85,159,147,108	0,1110,2835,5885,9406,16143,18935,52687,70314,76567,79802,90760,96381,103122,104970	2	circRNA	ENSRNOT00000047627	ENSRNOT00000047627	4,5,6,7,8,9,10,11,12,13,14,15,16,17,18	1:37515169-37516584|1:37621662-37687635
1	37532727	37596556	circular_RNA/1	1	+	37532727	37532727	0,0,0	6	70,98,85,138,120,170	0,2792,36544,54171,60424,63659	1	circRNA	ENSRNOT00000047627	ENSRNOT00000047627	9,10,11,12,13,14	1:37526071-37532727|1:37596556-37607344
1	78369711	78370333	circular_RNA/1	0	+	78369711	78369711	0,0,0	2	220,111	0,511	1	circRNA	ENSRNOT00000020509	ENSRNOT00000020509	2,3	1:78355113-78369711|1:78370333-78372926
1	113204013	113229405	circular_RNA/2	1	+	113204013	113204013	0,0,0	3	221,83,138	0,21954,25254	2	circRNA	ENSRNOT00000081831	ENSRNOT00000081831	4,5,6	1:113034616-113204013|1:113229405-113251990
1	123959920	123970510	circular_RNA/2	1	-	123959920	123959920	0,0,0	2	110,45	0,10545	2	circRNA	ENSRNOT00000082487	ENSRNOT00000082487	3,2	1:123914251-123959920|1:123970510-124038824
1	142849915	142852148	circular_RNA/2	0	+	142849915	142849915	0,0,0	1	2233	0	2	circRNA	ENSRNOT00000091569	ENSRNOT00000091569	2	1:142834268-142849915|1:142852148-142856058
1	144154618	144169172	circular_RNA/1	0	+	144154618	144154618	0,0,0	5	69,73,144,134,159	0,7002,9288,11752,14395	1	circRNA	ENSRNOT00000026870	ENSRNOT00000026870	2,3,4,5,6	1:144070033-144154618|1:144169172-144176482
1	157470070	157490006	circular_RNA/7	1	-	157470070	157470070	0,0,0	14	36,93,156,184,106,120,100,1553,91,181,1118,195,189,126	0,475,981,1950,3177,3692,8001,11466,13986,14174,15136,17560,18059,19810	7	circRNA	ENSRNOT00000013552	ENSRNOT00000013552	15,14,13,12,11,10,9,8,7,6,5,4,3,2	1:157468854-157470070|1:157490006-157493619
1	161668655	161681442	circular_RNA/1	1	+	161668655	161668655	0,0,0	3	256,99,236	0,11241,12551	1	circRNA	ENSRNOT00000015181	ENSRNOT00000015181	5,6,7	1:161523421-161668655|1:161681442-161705912
1	167254584	167269761	circular_RNA/1	0	-	167254584	167254584	0,0,0	4	117,188,134,141	0,5773,9291,15036	1	circRNA	ENSRNOT00000027575	ENSRNOT00000027575	15,14,13,12	1:167251491-167254584|1:167269761-167276450
1	174609599	174613577	circular_RNA/1	1	-	174609599	174609599	0,0,0	4	139,105,94,129	0,966,1749,3849	1	circRNA	ENSRNOT00000016224	ENSRNOT00000016224	6,5,4,3	1:174607362-174609599|1:174613577-174615319
1	176896626	176919983	circular_RNA/1	1	+	176896626	176896626	0,0,0	12	80,150,96,153,168,132,77,56,113,105,208,116	0,2318,8351,8532,11667,16385,17006,17768,19943,20739,21492,23241	1	circRNA	ENSRNOT00000065712	ENSRNOT00000065712	7,8,9,10,11,12,13,14,15,16,17,18	1:176895621-176896626|1:176919983-176921563
1	184041763	184061174	circular_RNA/1	1	+	184041763	184041763	0,0,0	7	211,74,140,138,112,114,200	0,878,8635,9823,11928,13678,19211	1	circRNA	ENSRNOT00000015498	ENSRNOT00000015498	6,7,8,9,10,11,12	1:184017761-184041763|1:184061174-184071506
1	185263913	185303567	circular_RNA/1	1	+	185263913	185263913	0,0,0	13	121,112,80,64,144,46,211,123,168,112,146,189,94	0,947,3648,3855,25535,27464,27589,30575,31559,33611,34403,38256,39560	1	circRNA	ENSRNOT00000055120	ENSRNOT00000055120	6,7,8,9,10,11,12,13,14,15,16,17,18	1:185261263-185263913|1:185303567-185303884
1	192938630	192948640	circular_RNA/1	0	+	192938630	192938630	0,0,0	6	100,37,45,89,100,140	0,2906,7256,9223,9427,9870	1	circRNA	ENSRNOT00000035770	ENSRNOT00000035770	2,3,4,5,6,7	1:192933904-192938630|1:192948640-192951455
1	192952649	192953216	circular_RNA/2	1	+	192952649	192952649	0,0,0	2	104,338	0,229	2	circRNA	ENSRNOT00000035770	ENSRNOT00000035770	9,10	1:192951628-192952649|1:192953216-192954815
1	192952649	192955267	circular_RNA/1	0	+	192952649	192952649	0,0,0	5	104,338,97,79,55	0,229,2166,2392,2563	1	circRNA	ENSRNOT00000035770	ENSRNOT00000035770	9,10,11,12,13	1:192951628-192952649|1:192955267-192957675
1	214562894	214581660	circular_RNA/1	0	+	214562894	214562894	0,0,0	5	69,143,194,130,102	0,11512,12835,16155,18664	1	circRNA	ENSRNOT00000064254	ENSRNOT00000064254	2,3,4,5,6	1:214534430-214562894|1:214581660-214586252
1	247711958	247742042	circular_RNA/2	1	+	247711958	247711958	0,0,0	5	108,80,108,143,137	0,7527,24877,29682,29947	2	circRNA	ENSRNOT00000021783	ENSRNOT00000021783	2,3,4,5,6	1:247688946-247711958|1:247742042-247743813
1	247944244	247945662	circular_RNA/2	1	-	247944244	247944244	0,0,0	1	1418	0	2	circRNA	ENSRNOT00000039428	ENSRNOT00000039428	3	1:247931405-247944244|1:247945662-247960352
1	247944244	247960553	circular_RNA/1	1	-	247944244	247944244	0,0,0	2	1418,201	0,16108	1	circRNA	ENSRNOT00000039428	ENSRNOT00000039428	3,2	1:247931405-247944244|1:247960553-247977846
1	255636890	255637533	circular_RNA/1	1	+	255636890	255636890	0,0,0	2	78,130	0,513	1	circRNA	ENSRNOT00000081786	ENSRNOT00000081786	29,30	1:255635515-255636890|1:255637533-255640000
1	256277196	256299276	circular_RNA/1	0	+	256277196	256277196	0,0,0	6	98,106,110,112,135,180	0,5197,7678,9423,10458,21900	1	circRNA	ENSRNOT00000054748	ENSRNOT00000054748	13,14,15,16,17,18	1:256274818-256277196|1:256299276-256324121
1	259448448	259459540	circular_RNA/1	1	-	259448448	259448448	0,0,0	4	64,173,30,142	0,2224,7289,10950	1	circRNA	ENSRNOT00000021114	ENSRNOT00000021114	8,7,6,5	1:259446814-259448448|1:259459540-259462867
1	260798188	260801171	circular_RNA/1	1	+	260798188	260798188	0,0,0	2	288,94	0,2889	1	circRNA	ENSRNOT00000076842	ENSRNOT00000076842	6,7	1:260791888-260798188|1:260801171-260803931
1	264674064	264702556	circular_RNA/2	1	+	264674064	264674064	0,0,0	9	44,734,55,968,71,123,168,103,76	0,683,3883,8329,10289,14777,15673,18325,28416	2	circRNA	ENSRNOT00000034814	ENSRNOT00000034814	3,4,5,6,7,8,9,10,11	1:264671209-264674064|1:264702556-264708644
1	270073074	270093865	circular_RNA/1	0	-	270073074	270073074	0,0,0	4	147,180,90,119	0,11865,18405,20672	1	circRNA	ENSRNOT00000015979	ENSRNOT00000015979	10,9,8,7	1:270057428-270073074|1:270093865-270119920
1	281825347	281857037	circular_RNA/1	0	-	281825347	281825347	0,0,0	5	139,103,96,103,127	0,8808,11114,30651,31563	1	circRNA	ENSRNOT00000050617	ENSRNOT00000050617	6,5,4,3,2	1:281818954-281825347|1:281857037-281873867
Y	1126683	1128138	circular_RNA/5	0	-	1126683	1126683	0,0,0	2	127,94	0,1361	5	circRNA	ENSRNOT00000093013	ENSRNOT00000093013	11,10	Y:1052508-1126683|Y:1128138-1142576
