20	44890494	44931228	circular_RNA/1	0	+	44890494	44890494	0,0,0	14	120,238,143,4147,932,83,126,193,112,116,119,119,142,245	0,3712,7516,8123,14866,17985,19458,24645,26807,28487,34585,36948,39954,40489	1	circRNA	ENSRNOT00000057227	ENSRNOT00000057227	10,11,12,13,14,15,16,17,18,19,20,21,22,23	20:44882680-44890494|20:44931228-44932326
20	48142270	48161171	circular_RNA/3	1	+	48142270	48142270	0,0,0	3	174,132,33	0,1801,18868	3	circRNA	ENSRNOT00000067169	ENSRNOT00000067169	5,6,7	20:48119235-48142270|20:48161171-48191944
4	606539	632464	circular_RNA/1	1	+	606539	606539	0,0,0	7	79,49,77,313,120,172,209	0,4997,8817,9366,12685,20122,25716	1	circRNA	ENSRNOT00000033377	ENSRNOT00000033377	2,3,4,5,6,7,8	4:594924-606539|4:632464-635803
4	6164582	6187455	circular_RNA/1	0	+	6164582	6164582	0,0,0	6	198,149,110,163,172,115	0,3728,4858,15673,20865,22758	1	circRNA	ENSRNOT00000093625	ENSRNOT00000093625	4,5,6,7,8,9	4:6159151-6164582|4:6187455-6197290
4	6219911	6222632	circular_RNA/1	1	+	6219911	6219911	0,0,0	2	129,120	0,2601	1	circRNA	ENSRNOT00000093625	ENSRNOT00000093625	23,24	4:6218885-6219911|4:6222632-6225084
4	8162129	8166216	circular_RNA/1	0	+	8162129	8162129	0,0,0	4	166,26,247,468	0,1254,2484,3619	1	circRNA	ENSRNOT00000063994	ENSRNOT00000063994	7,8,9,10	4:8149019-8162129|4:8166216-8172049
4	8163383	8166216	circular_RNA/1	0	+	8163383	8163383	0,0,0	3	26,247,468	0,1230,2365	1	circRNA	ENSRNOT00000063994	ENSRNOT00000063994	8,9,10	4:8162295-8163383|4:8166216-8172049
4	11098245	11146275	circular_RNA/1	1	-	11098245	11098245	0,0,0	7	144,196,178,186,249,193,92	0,1446,7466,9593,34567,42079,47938	1	circRNA	ENSRNOT00000066643	ENSRNOT00000066643	18,17,16,15,14,13,12	4:11054158-11098245|4:11146275-11152023
4	16596780	16608452	circular_RNA/1	0	-	16596780	16596780	0,0,0	3	91,137,2188	0,4892,9484	1	circRNA	ENSRNOT00000093412	ENSRNOT00000093412	8,7,6	4:16574841-16596780|4:16608452-16647212
4	17032160	17033623	circular_RNA/2	0	-	17032160	17032160	0,0,0	1	1463	0	2	circRNA	ENSRNOT00000093412	ENSRNOT00000093412	3	4:16669365-17032160|4:17033623-17052027
4	27509135	27524886	circular_RNA/1	1	+	27509135	27509135	0,0,0	3	273,301,183	0,3425,15568	1	circRNA	ENSRNOT00000007940	ENSRNOT00000007940	2,3,4	4:27473706-27509135|4:27524886-27537800
4	27509135	27537918	circular_RNA/1	1	+	27509135	27509135	0,0,0	4	273,301,183,118	0,3425,15568,28665	1	circRNA	ENSRNOT00000007940	ENSRNOT00000007940	2,3,4,5	4:27473706-27509135|4:27537918-27549174
4	27509135	27557897	circular_RNA/5	1	+	27509135	27509135	0,0,0	8	273,301,183,118,209,89,145,167	0,3425,15568,28665,40039,41483,44745,48595	5	circRNA	ENSRNOT00000007940	ENSRNOT00000007940	2,3,4,5,6,7,8,9	4:27473706-27509135|4:27557897-27563810
4	27509135	27563899	circular_RNA/2	0	+	27509135	27509135	0,0,0	9	273,301,183,118,209,89,145,167,89	0,3425,15568,28665,40039,41483,44745,48595,54675	2	circRNA	ENSRNOT00000007940	ENSRNOT00000007940	2,3,4,5,6,7,8,9,10	4:27473706-27509135|4:27563899-27573803
4	28457540	28495139	circular_RNA/1	1	+	28457540	28457540	0,0,0	14	123,72,54,71,118,36,83,43,99,141,133,92,95,99	0,1217,3787,4734,6569,8046,9449,17098,18277,21160,30496,32816,37110,37500	1	circRNA	ENSRNOT00000067087	ENSRNOT00000067087	3,4,5,6,7,8,9,10,11,12,13,14,15,16	4:28447680-28457540|4:28495139-28510902
4	28510902	28520904	circular_RNA/3	1	+	28510902	28510902	0,0,0	4	91,177,119,107	0,3095,6125,9895	3	circRNA	ENSRNOT00000067087	ENSRNOT00000067087	17,18,19,20	4:28495139-28510902|4:28520904-28533249
4	34586896	34602713	circular_RNA/2	1	+	34586896	34586896	0,0,0	4	87,114,153,211	0,8921,12722,15606	2	circRNA	ENSRNOT00000011138	ENSRNOT00000011138	6,7,8,9	4:34570100-34586896|4:34602713-34610174
4	38263239	38264003	circular_RNA/1	1	+	38263239	38263239	0,0,0	1	764	0	1	circRNA	ENSRNOT00000047029	ENSRNOT00000047029	6	4:38256132-38263239|4:38264003-38271536
4	58714646	58748928	circular_RNA/2	1	+	58714646	58714646	0,0,0	8	70,143,89,110,193,78,66,113	0,5047,6428,9029,10808,23168,25178,34169	2	circRNA	ENSRNOT00000081707	ENSRNOT00000081707	2,3,4,5,6,7,8,9	4:58693481-58714646|4:58748928-58765340
4	66172554	66200637	circular_RNA/2	0	+	66172554	66172554	0,0,0	6	93,102,138,104,490,71	0,8308,21176,22681,23235,28012	2	circRNA	ENSRNOT00000064175	ENSRNOT00000064175	2,3,4,5,6,7	4:66166514-66172554|4:66200637-66207489
4	66214542	66219277	circular_RNA/2	1	+	66214542	66214542	0,0,0	3	43,51,1545	0,2104,3190	2	circRNA	ENSRNOT00000064175	ENSRNOT00000064175	13,14,15	4:66212096-66214542|4:66219277-66226187
4	115636560	115643263	circular_RNA/1	1	+	115636560	115636560	0,0,0	5	39,170,275,147,123	0,1543,3108,4878,6580	1	circRNA	ENSRNOT00000019617	ENSRNOT00000019617	4,5,6,7,8	4:115631257-115636560|4:115643263-115649000
4	117422679	117446827	circular_RNA/3	1	+	117422679	117422679	0,0,0	6	230,126,156,135,90,1151	0,2403,8538,13498,20159,22997	3	circRNA	ENSRNOT00000045735	ENSRNOT00000045735	11,12,13,14,15,16	4:117412408-117422679|4:117446827-117464556
4	131439625	131453028	circular_RNA/3	1	-	131439625	131439625	0,0,0	4	205,160,90,138	0,6608,12122,13265	3	circRNA	ENSRNOT00000013271	ENSRNOT00000013271	7,6,5,4	4:131415509-131439625|4:131453028-131511427
4	145055395	145059845	circular_RNA/1	0	+	145055395	145055395	0,0,0	4	59,179,243,149	0,366,3600,4301	1	circRNA	ENSRNOT00000066723	ENSRNOT00000066723	7,8,9,10	4:145055058-145055395|4:145059845-145060173
4	174700909	174721159	circular_RNA/1	1	+	174700909	174700909	0,0,0	8	84,121,105,73,101,116,18,468	0,1182,1793,3782,9671,13024,13428,19782	1	circRNA	ENSRNOT00000042291	ENSRNOT00000042291	4,5,6,7,8,9,10,11	4:174608047-174700909|4:174721159-174727984
4	181939149	181983344	circular_RNA/1	1	+	181939149	181939149	0,0,0	5	161,204,105,78,108	0,1596,3501,32676,44087	1	circRNA	ENSRNOT00000002527	ENSRNOT00000002527	4,5,6,7,8	4:181913546-181939149|4:181983344-181996987
4	182648930	182688038	circular_RNA/1	0	-	182648930	182648930	0,0,0	4	109,144,114,168	0,17994,29268,38940	1	circRNA	ENSRNOT00000064320	ENSRNOT00000064320	13,12,11,10	4:182636381-182648930|4:182688038-182699762
8	508993	509712	circular_RNA/4	1	+	508993	508993	0,0,0	1	719	0	4	circRNA	ENSRNOT00000046058	ENSRNOT00000046058	4	8:456940-508993|8:509712-759957
8	7874227	7953107	circular_RNA/1	0	-	7874227	7874227	0,0,0	5	150,159,121,176,128	0,4757,31872,76838,78752	1	circRNA	ENSRNOT00000009418	ENSRNOT00000009418	17,16,15,14,13	8:7859923-7874227|8:7953107-8087412
8	14746836	14747151	circular_RNA/1	1	-	14746836	14746836	0,0,0	1	315	0	1	circRNA	ENSRNOT00000015977	ENSRNOT00000015977	2	8:14581802-14746836|8:14747151-14877355
8	22672028	22672306	circular_RNA/1	0	+	22672028	22672028	0,0,0	1	278	0	1	ciRNA	ENSRNOT00000013165	ENSRNOT00000013165	8	8:22672028-22673968
8	23851918	23884848	circular_RNA/2	1	+	23851918	23851918	0,0,0	6	103,105,141,96,173,153	0,2491,12691,16491,26346,32777	2	circRNA	ENSRNOT00000020481	ENSRNOT00000020481	8,9,10,11,12,13	8:23846962-23851918|8:23884848-23985278
8	33279133	33335423	circular_RNA/13	1	+	33279133	33279133	0,0,0	7	85,87,138,93,123,78,82	0,17325,33187,35742,36983,38498,56208	13	circRNA	ENSRNOT00000011589	ENSRNOT00000011589	5,6,7,8,9,10,11	8:33278802-33279133|8:33335423-33368676
8	49754716	49757732	circular_RNA/1	1	+	49754716	49754716	0,0,0	2	318,147	0,2869	1	circRNA	ENSRNOT00000022476	ENSRNOT00000022476	2,3	8:49738017-49754716|8:49757732-49964759
8	57791872	57801077	circular_RNA/1	1	-	57791872	57791872	0,0,0	4	469,89,88,102	0,3261,5637,9103	1	circRNA	ENSRNOT00000017683	ENSRNOT00000017683	13,12,11,10	8:57719106-57791872|8:57801077-57811491
8	58968389	58970397	circular_RNA/1	0	-	58968389	58968389	0,0,0	2	192,1070	0,938	1	circRNA	ENSRNOT00000066197	ENSRNOT00000066197	25,24	8:58966755-58968389|8:58970397-58972656
8	64445797	64446459	circular_RNA/3	1	+	64445797	64445797	0,0,0	1	662	0	3	ciRNA	ENSRNOT00000058339	ENSRNOT00000058339	4	8:64445797-64446459
8	67801799	67812158	circular_RNA/1	0	-	67801799	67801799	0,0,0	5	106,135,91,48,85	0,7080,7999,10016,10274	1	circRNA	ENSRNOT00000066009	ENSRNOT00000066009	7,6,5,4,3	8:67791524-67801799|8:67812158-67841242
8	67801799	67841687	circular_RNA/1	0	-	67801799	67801799	0,0,0	6	106,135,91,48,85,445	0,7080,7999,10016,10274,39443	1	circRNA	ENSRNOT00000066009	ENSRNOT00000066009	7,6,5,4,3,2	8:67791524-67801799|8:67841687-67868979
8	70339050	70367391	circular_RNA/2	1	+	70339050	70339050	0,0,0	12	67,59,145,176,101,219,146,134,136,207,129,142	0,1388,3644,4070,7854,12664,13768,25601,27126,27528,27823,28199	2	circRNA	ENSRNOT00000016260	ENSRNOT00000016260	8,9,10,11,12,13,14,15,16,17,18,19	8:70334443-70339050|8:70367391-70371301
8	70524345	70547228	circular_RNA/2	0	+	70524345	70524345	0,0,0	11	134,273,113,174,169,111,129,62,101,178,160	0,2091,6762,8296,11209,16290,18004,18744,21396,21808,22723	2	circRNA	ENSRNOT00000025873	ENSRNOT00000025873	2,3,4,5,6,7,8,9,10,11,12	8:70522198-70524345|8:70547228-70551337
8	72138877	72148728	circular_RNA/1	1	+	72138877	72138877	0,0,0	2	161,117	0,9734	1	circRNA	ENSRNOT00000089336	ENSRNOT00000089336	40,41	8:72136113-72138877|8:72148728-72149221
8	72231560	72261300	circular_RNA/1	0	-	72231560	72231560	0,0,0	8	114,114,83,82,84,119,19,61	0,2485,4002,5662,7318,21697,21818,29679	1	circRNA	ENSRNOT00000080319	ENSRNOT00000080319	9,8,7,6,5,4,3,2	8:72224730-72231560|8:72261300-72284677
8	78876352	78925364	circular_RNA/1	0	+	78876352	78876352	0,0,0	16	147,66,140,118,171,110,224,158,101,147,135,308,141,63,119,37	0,2596,2757,12467,16410,16978,21489,23846,24655,25726,32093,33928,34354,44923,48709,48975	1	circRNA	ENSRNOT00000089335	ENSRNOT00000089335	4,5,6,7,8,9,10,11,12,13,14,15,16,17,18,19	8:78872634-78876352|8:78925364-78938375
8	82113464	82125991	circular_RNA/1	1	+	82113464	82113464	0,0,0	7	144,54,228,9,101,199,94	0,359,1445,3135,4758,8690,12433	1	circRNA	ENSRNOT00000082288	ENSRNOT00000082288	27,28,29,30,31,32,33	8:82106936-82113464|8:82125991-82139709
8	84434783	84496086	circular_RNA/2	0	-	84434783	84434783	0,0,0	7	129,45,45,60,66,72,1542	0,8832,18500,26348,26697,47845,59761	2	circRNA	ENSRNOT00000076942	ENSRNOT00000076942	9,8,7,6,5,4,3	None|8:84496086-84505935
8	84443615	84461546	circular_RNA/1	1	-	84443615	84443615	0,0,0	4	45,45,60,66	0,9668,17516,17865	1	circRNA	ENSRNOT00000064754	ENSRNOT00000064754	5,4,3,2	8:84434912-84443615|8:84461546-84505935
8	84461131	84496011	circular_RNA/1	0	-	84461131	84461131	0,0,0	4	60,66,72,1467	0,349,21497,33413	1	circRNA	ENSRNOT00000076213	ENSRNOT00000076213	6,5,4,3	8:84453328-84461131|8:84496011-84505935
8	87503725	87531662	circular_RNA/3	1	+	87503725	87503725	0,0,0	9	94,58,146,105,21,71,143,388,230	0,2256,6697,7735,12464,17340,21800,25137,27707	3	circRNA	ENSRNOT00000015741	ENSRNOT00000015741	2,3,4,5,6,7,8,9,10	8:87486697-87503725|8:87531662-87537536
8	103809556	103818262	circular_RNA/3	1	+	103809556	103809556	0,0,0	5	121,99,104,132,163	0,213,4307,7271,8543	3	circRNA	ENSRNOT00000014481	ENSRNOT00000014481	17,18,19,20,21	8:103807454-103809556|8:103818262-103820559
8	104075538	104148511	circular_RNA/2	1	+	104075538	104075538	0,0,0	5	106,67,104,122,48	0,9044,52936,69900,72925	2	circRNA	ENSRNOT00000081204	ENSRNOT00000081204	3,4,5,6,7	8:104046495-104075538|8:104148511-104152336
8	111711646	111712363	circular_RNA/2	0	-	111711646	111711646	0,0,0	1	717	0	2	ciRNA	ENSRNOT00000012725	ENSRNOT00000012725	8	8:111711603-111712363
8	117318622	117334586	circular_RNA/1	1	+	117318622	117318622	0,0,0	5	330,1032,178,155,115	0,5371,13588,14323,15849	1	circRNA	ENSRNOT00000064571	ENSRNOT00000064571	3,4,5,6,7	8:117308527-117318622|8:117334586-117343253
8	130762664	130768360	circular_RNA/6	1	+	130762664	130762664	0,0,0	2	51,696	0,5000	6	circRNA	ENSRNOT00000079273	ENSRNOT00000079273	2,3	8:130749952-130762664|8:130768360-130792977
7	14239163	14242298	circular_RNA/1	1	-	14239163	14239163	0,0,0	4	111,296,200,210	0,1067,1884,2925	1	circRNA	ENSRNOT00000008963	ENSRNOT00000008963	11,10,9,8	7:14230533-14239163|7:14242298-14246802
7	30714505	30735182	circular_RNA/4	0	+	30714505	30714505	0,0,0	5	297,76,102,117,167	0,12972,14158,17095,20510	4	circRNA	ENSRNOT00000059269	ENSRNOT00000059269	7,8,9,10,11	7:30712706-30714505|7:30735182-30824947
7	50518923	50519024	circular_RNA/1	1	-	50518923	50518923	0,0,0	1	101	0	1	circRNA	ENSRNOT00000048880	ENSRNOT00000048880	2	7:50436526-50518923|7:50519024-50638636
7	52258463	52258952	circular_RNA/2	1	-	52258463	52258463	0,0,0	1	489	0	2	circRNA	ENSRNOT00000082100	ENSRNOT00000082100	14	7:52254576-52258463|7:52258952-52260712
7	57341119	57374386	circular_RNA/1	1	-	57341119	57341119	0,0,0	6	56,134,89,188,66,66	0,167,10234,14060,15154,33201	1	circRNA	ENSRNOT00000007461	ENSRNOT00000007461	13,12,11,10,9,8	7:57298656-57341119|7:57374386-57413012
7	60397573	60408823	circular_RNA/2	1	-	60397573	60397573	0,0,0	8	190,154,116,505,174,146,104,210	0,2957,4208,4621,5790,6751,9434,11040	2	circRNA	ENSRNOT00000008193	ENSRNOT00000008193	9,8,7,6,5,4,3,2	7:60391158-60397573|7:60408823-60416827
7	78347123	78375555	circular_RNA/1	0	+	78347123	78347123	0,0,0	10	68,120,100,124,47,113,48,131,172,154	0,1956,3923,4998,7393,10184,16104,19309,25912,28278	1	circRNA	ENSRNOT00000050753	ENSRNOT00000050753	5,6,7,8,9,10,11,12,13,14	7:78333592-78347123|7:78375555-78404131
7	78347123	78433970	circular_RNA/1	0	+	78347123	78347123	0,0,0	16	68,120,100,124,47,113,48,131,172,154,69,157,111,66,180,110	0,1956,3923,4998,7393,10184,16104,19309,25912,28278,57008,66794,68111,74519,85703,86737	1	circRNA	ENSRNOT00000050753	ENSRNOT00000050753	5,6,7,8,9,10,11,12,13,14,15,16,17,18,19,20	7:78333592-78347123|7:78433970-78453733
7	83640309	83666224	circular_RNA/2	1	-	83640309	83640309	0,0,0	3	198,217,78	0,23771,25837	2	circRNA	ENSRNOT00000005584	ENSRNOT00000005584	4,3,2	7:83611547-83640309|7:83666224-83670009
7	87543251	87572022	circular_RNA/3	1	-	87543251	87543251	0,0,0	3	88,78,300	0,5406,28471	3	circRNA	ENSRNOT00000092909	ENSRNOT00000092909	8,7,6	7:87495743-87543251|7:87572022-87618791
7	114496179	114507068	circular_RNA/1	0	-	114496179	114496179	0,0,0	4	101,85,98,57	0,2894,8516,10832	1	circRNA	ENSRNOT00000011219	ENSRNOT00000011219	16,15,14,13	7:114494442-114496179|7:114507068-114523675
X	15478441	15478997	circular_RNA/1	0	-	15478441	15478441	0,0,0	3	149,157,65	0,246,491	1	circRNA	ENSRNOT00000006233	ENSRNOT00000006233	7,6,5	X:15474416-15478441|X:15478997-15489283
X	20351429	20352081	circular_RNA/1	1	+	20351429	20351429	0,0,0	1	652	0	1	circRNA	ENSRNOT00000082177	ENSRNOT00000082177	2	X:20317020-20351429|X:20352081-20363118
X	39825712	39885483	circular_RNA/1	0	+	39825712	39825712	0,0,0	8	120,60,69,147,134,212,90,215	0,5015,9861,25109,35112,38422,58005,59556	1	circRNA	ENSRNOT00000080512	ENSRNOT00000080512	6,7,8,9,10,11,12,13	X:39800248-39825712|X:39885483-39907521
X	65040103	65041605	circular_RNA/1	1	+	65040103	65040103	0,0,0	2	90,761	0,741	1	circRNA	ENSRNOT00000076903	ENSRNOT00000076903	1,2	None|X:65041605-65068641
X	82944976	82946086	circular_RNA/1	0	-	82944976	82944976	0,0,0	1	1110	0	1	circRNA	ENSRNOT00000077587	ENSRNOT00000077587	3	X:82933021-82944976|X:82946086-82955301
X	123718251	123720910	circular_RNA/1	0	-	123718251	123718251	0,0,0	2	161,183	0,2476	1	circRNA	ENSRNOT00000032618	ENSRNOT00000032618	8,7	X:123717432-123718251|X:123720910-123721314
X	135375301	135377128	circular_RNA/2	1	-	135375301	135375301	0,0,0	2	138,323	0,1504	2	circRNA	ENSRNOT00000044435	ENSRNOT00000044435	13,12	X:135373760-135375301|X:135377128-135380715
18	1307305	1325294	circular_RNA/2	0	-	1307305	1307305	0,0,0	7	247,92,136,49,89,61,160	0,335,2054,7427,11434,14614,17829	2	circRNA	ENSRNOT00000061777	ENSRNOT00000061777	16,15,14,13,12,11,10	18:1302708-1307305|18:1325294-1337227
18	1337227	1346489	circular_RNA/1	0	-	1337227	1337227	0,0,0	7	92,139,145,85,176,138,101	0,2162,2999,5468,7033,8519,9161	1	circRNA	ENSRNOT00000061777	ENSRNOT00000061777	9,8,7,6,5,4,3	18:1325294-1337227|18:1346489-1354746
18	1803204	1819028	circular_RNA/2	1	-	1803204	1803204	0,0,0	5	144,90,132,115,64	0,2484,9693,12815,15760	2	circRNA	ENSRNOT00000033312	ENSRNOT00000033312	7,6,5,4,3	18:1796908-1803204|18:1819028-1821034
18	1803204	1821146	circular_RNA/1	0	-	1803204	1803204	0,0,0	6	144,90,132,115,64,112	0,2484,9693,12815,15760,17830	1	circRNA	ENSRNOT00000033312	ENSRNOT00000033312	7,6,5,4,3,2	18:1796908-1803204|18:1821146-1826609
18	5191057	5285225	circular_RNA/1	0	-	5191057	5191057	0,0,0	2	3356,180	0,93988	1	circRNA	ENSRNOT00000022637	ENSRNOT00000022637	3,2	18:5158144-5191057|18:5285225-5314463
18	16165013	16169938	circular_RNA/1	1	+	16165013	16165013	0,0,0	3	208,171,118	0,2949,4807	1	circRNA	ENSRNOT00000022117	ENSRNOT00000022117	4,5,6	18:16160017-16165013|18:16169938-16172335
18	17404076	17625862	circular_RNA/1	1	+	17404076	17404076	0,0,0	7	143,95,130,114,674,182,109	0,5184,24074,92726,145894,208723,221677	1	circRNA	ENSRNOT00000045150	ENSRNOT00000045150	2,3,4,5,6,7,8	18:17403440-17404076|18:17625862-17674944
18	24470648	24477655	circular_RNA/3	0	+	24470648	24470648	0,0,0	1	7007	0	3	ciRNA	ENSRNOT00000022761	ENSRNOT00000022761	15	18:24470648-24477656
18	28026847	28048198	circular_RNA/1	1	+	28026847	28026847	0,0,0	6	81,153,93,157,201,152	0,1197,12238,15944,20431,21199	1	circRNA	ENSRNOT00000008041	ENSRNOT00000008041	8,9,10,11,12,13	18:27984766-28026847|18:28048198-28051526
18	28149465	28223932	circular_RNA/2	0	-	28149465	28149465	0,0,0	3	100,121,139	0,7330,74328	2	circRNA	ENSRNOT00000026895	ENSRNOT00000026895	5,4,3	18:28133075-28149465|18:28223932-28242548
18	31992038	32094303	circular_RNA/2	0	-	31992038	31992038	0,0,0	11	37,79,95,101,130,105,111,102,72,62,96	0,55853,72492,77578,79328,80795,86696,88201,96853,100341,102169	2	circRNA	ENSRNOT00000090882	ENSRNOT00000090882	12,11,10,9,8,7,6,5,4,3,2	18:31969734-31992038|18:32094303-32207327
18	32047891	32072938	circular_RNA/1	0	-	32047891	32047891	0,0,0	5	79,95,101,130,105	0,16639,21725,23475,24942	1	circRNA	ENSRNOT00000090882	ENSRNOT00000090882	11,10,9,8,7	18:31992075-32047891|18:32072938-32078734
18	36608608	36626620	circular_RNA/1	0	+	36608608	36608608	0,0,0	7	119,125,92,194,261,294,135	0,3998,10553,11264,12305,13804,17877	1	circRNA	ENSRNOT00000036613	ENSRNOT00000036613	2,3,4,5,6,7,8	18:36596832-36608608|18:36626620-36634087
18	36640588	36645658	circular_RNA/5	1	+	36640588	36640588	0,0,0	4	154,297,144,120	0,1163,3189,4950	5	circRNA	ENSRNOT00000036613	ENSRNOT00000036613	12,13,14,15	18:36639900-36640588|18:36645658-36646803
18	36869586	36882190	circular_RNA/1	1	+	36869586	36869586	0,0,0	4	90,119,151,165	0,5660,8880,12439	1	circRNA	ENSRNOT00000025467	ENSRNOT00000025467	14,15,16,17	18:36868811-36869586|18:36882190-36882603
18	59172891	59283798	circular_RNA/1	0	+	59172891	59172891	0,0,0	8	215,770,89,93,119,124,114,222	0,17149,19445,32128,34592,36816,72197,110685	1	circRNA	ENSRNOT00000025325	ENSRNOT00000025325	14,15,16,17,18,19,20,21	18:59167760-59172891|18:59283798-59321160
18	59190040	59192425	circular_RNA/1	1	+	59190040	59190040	0,0,0	2	770,89	0,2296	1	circRNA	ENSRNOT00000025325	ENSRNOT00000025325	15,16	18:59173106-59190040|18:59192425-59205019
18	81831643	81836279	circular_RNA/1	1	+	81831643	81831643	0,0,0	5	127,83,70,21,52	0,3056,4491,4562,4584	1	circRNA	ENSRNOT00000058199	ENSRNOT00000058199	5,6,7,8,9	18:81826260-81831643|18:81836279-81874448
5	4424815	4469629	circular_RNA/2	0	+	4424815	4424815	0,0,0	5	83,187,140,84,90	0,479,22631,24670,44724	2	circRNA	ENSRNOT00000064946	ENSRNOT00000064946	6,7,8,9,10	5:4408352-4424815|5:4469629-4495025
5	8688955	8689232	circular_RNA/2	0	+	8688955	8688955	0,0,0	1	277	0	2	circRNA	ENSRNOT00000007766	ENSRNOT00000007766	6	5:8685648-8688955|5:8689232-8693323
5	10263515	10321108	circular_RNA/1	1	+	10263515	10263515	0,0,0	4	83,131,130,39	0,15088,23577,57554	1	circRNA	ENSRNOT00000009679	ENSRNOT00000009679	4,5,6,7	5:10243723-10263515|5:10321108-10408126
5	13038692	13057719	circular_RNA/1	0	-	13038692	13038692	0,0,0	10	137,59,48,49,241,109,166,1892,127,104	0,1708,3765,4719,6039,6367,8059,16585,18558,18923	1	circRNA	ENSRNOT00000061884	ENSRNOT00000061884	22,21,20,19,18,17,16,15,14,13	5:13036848-13038692|5:13057719-13059697
5	19496552	19497346	circular_RNA/1	1	+	19496552	19496552	0,0,0	1	794	0	1	ciRNA	ENSRNOT00000013563	ENSRNOT00000013563	8	5:19496552-19497346
5	29851600	29865341	circular_RNA/2	0	-	29851600	29851600	0,0,0	5	162,50,158,156,154	0,1139,5489,11096,13587	2	circRNA	ENSRNOT00000012963	ENSRNOT00000012963	6,5,4,3,2	5:29848558-29851600|5:29865341-29870083
5	33541368	33560051	circular_RNA/1	0	-	33541368	33541368	0,0,0	8	87,99,90,84,72,75,180,140	0,1336,6017,8615,13247,14936,17666,18543	1	circRNA	ENSRNOT00000008281	ENSRNOT00000008281	9,8,7,6,5,4,3,2	5:33539222-33541368|5:33560051-33574494
5	48584677	48698976	circular_RNA/2	1	+	48584677	48584677	0,0,0	9	241,110,102,136,72,165,69,101,67	0,6192,7169,22674,34479,38914,51890,75410,114232	2	circRNA	ENSRNOT00000010614	ENSRNOT00000010614	6,7,8,9,10,11,12,13,14	5:48583614-48584677|5:48698976-48775502
5	59619931	59632668	circular_RNA/2	0	-	59619931	59619931	0,0,0	6	107,162,171,168,214,194	0,1222,3188,4360,10484,12543	2	circRNA	ENSRNOT00000077367	ENSRNOT00000077367	7,6,5,4,3,2	5:59617653-59619931|5:59632668-59638344
5	92962207	93017501	circular_RNA/1	1	-	92962207	92962207	0,0,0	11	98,42,113,12,161,210,91,260,98,588,118	0,599,12488,16546,21528,27748,33422,46849,47973,48507,55176	1	circRNA	ENSRNOT00000075474	ENSRNOT00000075474	26,25,24,23,22,21,20,19,18,17,16	5:92935547-92962207|5:93017501-93020698
5	101648418	101663967	circular_RNA/1	1	+	101648418	101648418	0,0,0	5	144,136,175,191,132	0,4682,7934,12324,15417	1	circRNA	ENSRNOT00000076825	ENSRNOT00000076825	2,3,4,5,6	5:101639595-101648418|None
5	106171073	106171781	circular_RNA/1	1	-	106171073	106171073	0,0,0	1	708	0	1	circRNA	ENSRNOT00000015094	ENSRNOT00000015094	3	5:106121498-106171073|5:106171781-106202419
5	106171073	106202563	circular_RNA/1	1	-	106171073	106171073	0,0,0	2	708,144	0,31346	1	circRNA	ENSRNOT00000015094	ENSRNOT00000015094	3,2	5:106121498-106171073|5:106202563-106206318
5	113562390	113570840	circular_RNA/1	0	-	113562390	113562390	0,0,0	8	220,158,170,136,168,121,101,194	0,923,1365,3854,4468,5376,5582,8256	1	circRNA	ENSRNOT00000010621	ENSRNOT00000010621	9,8,7,6,5,4,3,2	5:113558188-113562390|5:113570840-113578666
5	117716188	117725823	circular_RNA/1	0	-	117716188	117716188	0,0,0	5	163,94,143,166,81	0,898,4907,8053,9554	1	circRNA	ENSRNOT00000011405	ENSRNOT00000011405	13,12,11,10,9	5:117689346-117716188|5:117725823-117733398
5	122019302	122037709	circular_RNA/2	1	+	122019302	122019302	0,0,0	4	195,37,71,50	0,9972,10105,18357	2	circRNA	ENSRNOT00000008278	ENSRNOT00000008278	2,3,4,5	5:121953223-122019302|5:122037709-122100757
5	122580013	122593611	circular_RNA/4	0	-	122580013	122580013	0,0,0	4	152,87,224,195	0,1891,5904,13403	4	circRNA	ENSRNOT00000046691	ENSRNOT00000046691	11,10,9,8	5:122569908-122580013|5:122593611-122605824
5	128121136	128136348	circular_RNA/3	1	+	128121136	128121136	0,0,0	6	151,87,104,58,104,114	0,1830,4774,9167,9316,15098	3	circRNA	ENSRNOT00000079161	ENSRNOT00000079161	11,12,13,14,15,16	5:128118972-128121136|5:128136348-128147083
5	128714470	128733959	circular_RNA/3	1	-	128714470	128714470	0,0,0	9	160,105,91,51,20,5,5,48,96	0,3235,4299,15733,16985,17244,18121,18187,19393	3	circRNA	ENSRNOT00000065280	ENSRNOT00000065280	13,12,11,10,9,8,7,6,5	5:128705550-128714470|5:128733959-128767625
5	128997613	128998323	circular_RNA/1	0	+	128997613	128997613	0,0,0	2	162,198	0,512	1	circRNA	ENSRNOT00000064145	ENSRNOT00000064145	14,15	5:128987302-128997613|5:128998323-129000316
5	140116133	140142214	circular_RNA/1	0	-	140116133	140116133	0,0,0	6	142,137,203,133,82,155	0,3817,12573,19458,24049,25926	1	circRNA	ENSRNOT00000046906	ENSRNOT00000046906	7,6,5,4,3,2	5:140112268-140116133|5:140142214-140162420
5	144383306	144413771	circular_RNA/1	1	-	144383306	144383306	0,0,0	7	123,120,148,88,135,137,209	0,1320,2637,2899,7816,29227,30256	1	circRNA	ENSRNOT00000042371	ENSRNOT00000042371	10,9,8,7,6,5,4	5:144382625-144383306|5:144413771-144415630
5	147363510	147368505	circular_RNA/5	1	-	147363510	147363510	0,0,0	4	92,83,791,117	0,1523,3115,4878	5	circRNA	ENSRNOT00000009436	ENSRNOT00000009436	5,4,3,2	5:147340996-147363510|5:147368505-147374889
5	150850431	150872849	circular_RNA/1	1	+	150850431	150850431	0,0,0	6	102,44,80,67,137,138	0,4730,8641,11796,14982,22280	1	circRNA	ENSRNOT00000082945	ENSRNOT00000082945	2,3,4,5,6,7	5:150787174-150850431|5:150872849-150880354
5	150850431	150865550	circular_RNA/2	1	+	150850431	150850431	0,0,0	5	102,44,80,67,137	0,4730,8641,11796,14982	2	circRNA	ENSRNOT00000082945	ENSRNOT00000082945	2,3,4,5,6	5:150787174-150850431|5:150865550-150872711
5	151944768	151947717	circular_RNA/13	0	-	151944768	151944768	0,0,0	3	117,456,213	0,1378,2736	13	circRNA	ENSRNOT00000009173	ENSRNOT00000009173	4,3,2	5:151921981-151944768|5:151947717-151976770
5	151946146	151946602	circular_RNA/1	0	-	151946146	151946146	0,0,0	1	456	0	1	circRNA	ENSRNOT00000009173	ENSRNOT00000009173	3	5:151944885-151946146|5:151946602-151947504
5	154220627	154221655	circular_RNA/1	1	-	154220627	154220627	0,0,0	1	1028	0	1	ciRNA	ENSRNOT00000080069	ENSRNOT00000080069	2	5:154219122-154221655
5	167455210	167558250	circular_RNA/1	0	+	167455210	167455210	0,0,0	9	466,71,126,106,97,105,49,125,100	0,23192,30790,61370,63590,70960,92482,101812,102940	1	circRNA	ENSRNOT00000024443	ENSRNOT00000024443	2,3,4,5,6,7,8,9,10	5:167331470-167455210|5:167558250-167580975
5	167518800	167615430	circular_RNA/2	0	+	167518800	167518800	0,0,0	7	97,105,49,125,100,99,81	0,7370,28892,38222,39350,62175,96549	2	circRNA	ENSRNOT00000024443	ENSRNOT00000024443	6,7,8,9,10,11,12	5:167516686-167518800|5:167615430-167653675
3	2036882	2060164	circular_RNA/2	0	-	2036882	2036882	0,0,0	5	189,137,172,557,67	0,637,14126,20298,23215	2	circRNA	ENSRNOT00000086843	ENSRNOT00000086843	6,5,4,3,2	3:2032401-2036882|3:2060164-2123775
3	13510409	13522529	circular_RNA/10	1	+	13510409	13510409	0,0,0	3	328,90,149	0,2878,11971	10	circRNA	ENSRNOT00000023889	ENSRNOT00000023889	2,3,4	3:13485352-13510409|3:13522529-13571652
3	13510409	13571825	circular_RNA/4	0	+	13510409	13510409	0,0,0	4	328,90,149,173	0,2878,11971,61243	4	circRNA	ENSRNOT00000023889	ENSRNOT00000023889	2,3,4,5	3:13485352-13510409|3:13571825-13587929
3	21721365	21745565	circular_RNA/5	1	+	21721365	21721365	0,0,0	10	199,223,205,175,158,111,67,103,170,175	0,2826,3835,6098,7566,10961,11396,13518,15394,24025	5	circRNA	ENSRNOT00000013378	ENSRNOT00000013378	2,3,4,5,6,7,8,9,10,11	3:21698218-21721365|3:21745565-21751509
3	54455978	54519757	circular_RNA/4	0	-	54455978	54455978	0,0,0	9	68,63,30,123,66,49,134,102,110	0,1928,7219,7342,53962,54144,60997,63239,63669	4	circRNA	ENSRNOT00000037133	ENSRNOT00000037133	14,13,12,11,10,9,8,7,6	3:54414158-54455978|3:54519757-54547245
3	54509940	54566332	circular_RNA/1	1	-	54509940	54509940	0,0,0	9	66,49,134,102,110,56,142,109,113	0,182,7035,9277,9707,37305,38476,44446,56279	1	circRNA	ENSRNOT00000037133	ENSRNOT00000037133	10,9,8,7,6,5,4,3,2	3:54463443-54509940|3:54566332-54624770
3	54509940	54554495	circular_RNA/2	0	-	54509940	54509940	0,0,0	8	66,49,134,102,110,56,142,109	0,182,7035,9277,9707,37305,38476,44446	2	circRNA	ENSRNOT00000037133	ENSRNOT00000037133	10,9,8,7,6,5,4,3	3:54463443-54509940|3:54554495-54566219
3	56148804	56181510	circular_RNA/1	1	+	56148804	56148804	0,0,0	9	140,156,144,50,67,131,229,180,134	0,3745,11643,12311,23733,24892,26463,31861,32572	1	circRNA	ENSRNOT00000011380	ENSRNOT00000011380	2,3,4,5,6,7,8,9,10	3:56126462-56148804|3:56181510-56188931
3	57849449	57854942	circular_RNA/1	1	+	57849449	57849449	0,0,0	8	96,163,100,126,147,114,134,145	0,452,704,1291,2865,3385,3809,5348	1	circRNA	ENSRNOT00000013400	ENSRNOT00000013400	6,7,8,9,10,11,12,13	3:57840206-57849449|3:57854942-57864255
3	59653910	59680308	circular_RNA/3	0	-	59653910	59653910	0,0,0	2	193,1360	0,25038	3	circRNA	ENSRNOT00000078752	ENSRNOT00000078752	4,3	3:59648692-59653910|3:59680308-59687513
3	60744742	60756038	circular_RNA/2	0	-	60744742	60744742	0,0,0	6	87,115,179,129,119,97	0,2884,3668,8004,8276,11199	2	circRNA	ENSRNOT00000002174	ENSRNOT00000002174	10,9,8,7,6,5	3:60733448-60744742|3:60756038-60765572
3	79522318	79537975	circular_RNA/1	1	+	79522318	79522318	0,0,0	10	161,35,24,2,41,35,71,160,70,99	0,1980,8633,10000,10245,11438,12040,12861,14091,15558	1	circRNA	ENSRNOT00000030750	ENSRNOT00000030750	16,17,18,19,20,21,22,23,24,25	3:79521792-79522318|3:79537975-79540320
3	104980954	104984877	circular_RNA/5	1	+	104980954	104980954	0,0,0	8	496,35,157,23,26,21,30,166	0,580,669,1434,1699,1961,2527,3757	5	circRNA	ENSRNOT00000042103	ENSRNOT00000042103	5,6,7,8,9,10,11,12	3:104936645-104980954|3:104984877-105017126
3	123031310	123043172	circular_RNA/1	0	+	123031310	123031310	0,0,0	5	79,351,85,74,137	0,512,9954,11302,11725	1	circRNA	ENSRNOT00000055801	ENSRNOT00000055801	2,3,4,5,6	3:122976362-123031310|3:123043172-123059282
3	150014209	150024557	circular_RNA/1	0	+	150014209	150014209	0,0,0	4	90,182,254,86	0,5155,6981,10262	1	circRNA	ENSRNOT00000021907	ENSRNOT00000021907	4,5,6,7	3:150010571-150014209|3:150024557-150027501
3	151077235	151077801	circular_RNA/3	1	-	151077235	151077235	0,0,0	1	566	0	3	ciRNA	ENSRNOT00000025657	ENSRNOT00000025657	12	3:151076790-151077801
2	3809212	3839676	circular_RNA/1	1	+	3809212	3809212	0,0,0	4	171,131,187,94	0,12003,25423,30370	1	circRNA	ENSRNOT00000093593	ENSRNOT00000093593	7,8,9,10	2:3788653-3809212|2:3839676-3856001
2	3809212	3860857	circular_RNA/3	1	+	3809212	3809212	0,0,0	9	171,131,187,94,103,103,102,75,120	0,12003,25423,30370,46789,48593,49023,49591,51525	3	circRNA	ENSRNOT00000093593	ENSRNOT00000093593	7,8,9,10,11,12,13,14,15	2:3788653-3809212|2:3860857-3947955
2	5053318	5418063	circular_RNA/1	1	+	5053318	5053318	0,0,0	5	192,219,120,117,85	0,199260,282074,358214,364660	1	circRNA	ENSRNOT00000041541	ENSRNOT00000041541	4,5,6,7,8	2:5031767-5053318|2:5418063-5545000
2	13599772	13608846	circular_RNA/3	0	+	13599772	13599772	0,0,0	4	74,211,164,71	0,1155,6003,9003	3	circRNA	ENSRNOT00000049423	ENSRNOT00000049423	4,5,6,7	2:13594785-13599772|2:13608846-13612357
2	20507149	20531444	circular_RNA/5	0	+	20507149	20507149	0,0,0	3	73,62,85	0,11856,24210	5	circRNA	ENSRNOT00000021857	ENSRNOT00000021857	2,3,4	2:20431521-20507149|2:20531444-20626714
2	22950022	22957449	circular_RNA/1	1	+	22950022	22950022	0,0,0	3	157,132,93	0,4702,7334	1	circRNA	ENSRNOT00000073871	ENSRNOT00000073871	2,3,4	2:22910433-22950022|2:22957449-22964594
2	22950022	22964734	circular_RNA/16	1	+	22950022	22950022	0,0,0	4	157,132,93,140	0,4702,7334,14572	16	circRNA	ENSRNOT00000073871	ENSRNOT00000073871	2,3,4,5	2:22910433-22950022|2:22964734-22997105
2	23399714	23410608	circular_RNA/4	1	+	23399714	23399714	0,0,0	3	187,191,208	0,3767,10686	4	circRNA	ENSRNOT00000014860	ENSRNOT00000014860	2,3,4	2:23385545-23399714|2:23410608-23458471
2	23399714	23458715	circular_RNA/6	1	+	23399714	23399714	0,0,0	4	187,191,208,244	0,3767,10686,58757	6	circRNA	ENSRNOT00000014860	ENSRNOT00000014860	2,3,4,5	2:23385545-23399714|2:23458715-23483916
2	28986098	29006321	circular_RNA/1	0	-	28986098	28986098	0,0,0	5	97,99,105,153,142	0,1475,8823,19843,20081	1	circRNA	ENSRNOT00000020692	ENSRNOT00000020692	8,7,6,5,4	2:28969941-28986098|2:29006321-29012762
2	34292132	34309556	circular_RNA/1	0	-	34292132	34292132	0,0,0	9	183,82,182,190,191,448,121,101,103	0,895,2824,6456,9819,12388,14852,15118,17321	1	circRNA	ENSRNOT00000016863	ENSRNOT00000016863	10,9,8,7,6,5,4,3,2	2:34290716-34292132|2:34309556-34312760
2	44544585	44564131	circular_RNA/1	1	+	44544585	44544585	0,0,0	8	133,122,64,94,171,60,192,108	0,3436,3686,4472,10175,13331,17208,19438	1	circRNA	ENSRNOT00000013218	ENSRNOT00000013218	3,4,5,6,7,8,9,10	2:44524198-44544585|2:44564131-44574910
2	50429794	50495372	circular_RNA/2	1	+	50429794	50429794	0,0,0	3	147,241,165	0,17744,65413	2	circRNA	ENSRNOT00000089218	ENSRNOT00000089218	5,6,7	2:50399673-50429794|2:50495372-50498840
2	57212774	57217628	circular_RNA/1	1	+	57212774	57212774	0,0,0	5	93,167,106,74,92	0,771,1567,3185,4762	1	circRNA	ENSRNOT00000082694	ENSRNOT00000082694	5,6,7,8,9	2:57212021-57212774|2:57217628-57218559
2	62179006	62193182	circular_RNA/3	1	+	62179006	62179006	0,0,0	8	248,192,292,197,120,146,163,206	0,3210,3843,6684,7300,9456,12890,13970	3	circRNA	ENSRNOT00000016196	ENSRNOT00000016196	6,7,8,9,10,11,12,13	2:62174499-62179006|2:62193182-62194502
2	62955689	62981330	circular_RNA/1	1	+	62955689	62955689	0,0,0	10	108,139,61,60,100,103,71,45,158,106	0,542,1203,11312,12748,15681,17605,22780,24214,25535	1	circRNA	ENSRNOT00000048026	ENSRNOT00000048026	20,21,22,23,24,25,26,27,28,29	2:62950810-62955689|2:62981330-62990345
2	83543695	83697214	circular_RNA/1	1	+	83543695	83543695	0,0,0	4	113,35,117,173	0,139806,140416,153346	1	circRNA	ENSRNOT00000044871	ENSRNOT00000044871	2,3,4,5	2:83393413-83543695|2:83697214-83710818
2	111771429	111772738	circular_RNA/1	1	-	111771429	111771429	0,0,0	2	60,807	0,502	1	circRNA	ENSRNOT00000092660	ENSRNOT00000092660	3,2	2:111537198-111771429|2:111772738-111792799
2	123582303	123600232	circular_RNA/1	1	+	123582303	123582303	0,0,0	8	82,194,80,151,157,79,92,118	0,581,2708,4394,7999,15165,16319,17811	1	circRNA	ENSRNOT00000075947	ENSRNOT00000075947	8,9,10,11,12,13,14,15	2:123576775-123582303|2:123600232-123614101
2	127855808	127866380	circular_RNA/1	0	+	127855808	127855808	0,0,0	6	61,60,175,141,144,166	0,557,2374,7315,9840,10406	1	circRNA	ENSRNOT00000090861	ENSRNOT00000090861	2,3,4,5,6,7	2:127844789-127855808|2:127866380-127869806
2	128562841	128636642	circular_RNA/2	1	-	128562841	128562841	0,0,0	13	197,193,146,75,72,99,178,92,91,71,66,123,136	0,6453,11779,14347,17614,22542,27570,36253,40092,56232,61764,63524,73665	2	circRNA	ENSRNOT00000019256	ENSRNOT00000019256	18,17,16,15,14,13,12,11,10,9,8,7,6	2:128528306-128562841|2:128636642-128642779
2	128562841	128626488	circular_RNA/18	1	-	128562841	128562841	0,0,0	12	197,193,146,75,72,99,178,92,91,71,66,123	0,6453,11779,14347,17614,22542,27570,36253,40092,56232,61764,63524	18	circRNA	ENSRNOT00000019256	ENSRNOT00000019256	18,17,16,15,14,13,12,11,10,9,8,7	2:128528306-128562841|2:128626488-128636506
2	128574620	128590589	circular_RNA/1	0	-	128574620	128574620	0,0,0	5	146,75,72,99,178	0,2568,5835,10763,15791	1	circRNA	ENSRNOT00000019256	ENSRNOT00000019256	16,15,14,13,12	2:128569487-128574620|2:128590589-128599094
2	143568541	143590167	circular_RNA/1	1	+	143568541	143568541	0,0,0	4	140,314,196,195	0,10993,18222,21431	1	circRNA	ENSRNOT00000015437	ENSRNOT00000015437	4,5,6,7	2:143555166-143568541|2:143590167-143602077
2	157562991	157599383	circular_RNA/1	1	+	157562991	157562991	0,0,0	4	204,94,165,300	0,18102,32858,36092	1	circRNA	ENSRNOT00000051494	ENSRNOT00000051494	9,10,11,12	2:157560530-157562991|2:157599383-157619802
2	185667938	185721182	circular_RNA/2	1	+	185667938	185667938	0,0,0	6	134,79,134,62,65,109	0,6945,8237,12222,30409,53135	2	circRNA	ENSRNOT00000088188	ENSRNOT00000088188	32,33,34,35,36,37	2:185659627-185667938|2:185721182-185763818
2	188061934	188064840	circular_RNA/2	1	+	188061934	188061934	0,0,0	4	212,61,58,254	0,1307,2366,2652	2	circRNA	ENSRNOT00000027385	ENSRNOT00000027385	6,7,8,9	2:188059148-188061934|2:188064840-188076016
2	188269008	188309036	circular_RNA/1	1	+	188269008	188269008	0,0,0	4	516,4558,102,736	0,12546,32014,39292	1	circRNA	ENSRNOT00000027629	ENSRNOT00000027629	2,3,4,5	2:188253535-188269008|2:188309036-188326830
2	188301022	188309036	circular_RNA/4	1	+	188301022	188301022	0,0,0	2	102,736	0,7278	4	circRNA	ENSRNOT00000027629	ENSRNOT00000027629	4,5	2:188286112-188301022|2:188309036-188326830
2	188479031	188482760	circular_RNA/1	0	+	188479031	188479031	0,0,0	5	170,229,88,67,117	0,1945,2837,3273,3612	1	circRNA	ENSRNOT00000027793	ENSRNOT00000027793	2,3,4,5,6	2:188477086-188479031|2:188482760-188485332
2	189723523	189729005	circular_RNA/4	1	+	189723523	189723523	0,0,0	4	132,171,316,203	0,1472,2368,5279	4	circRNA	ENSRNOT00000021502	ENSRNOT00000021502	5,6,7,8	2:189722569-189723523|2:189729005-189730278
2	199880861	199882743	circular_RNA/1	1	-	199880861	199880861	0,0,0	3	120,132,249	0,743,1633	1	circRNA	ENSRNOT00000087026	ENSRNOT00000087026	35,34,33	2:199879065-199880861|2:199882743-199886110
2	223285166	223304322	circular_RNA/7	0	-	223285166	223285166	0,0,0	6	196,111,165,144,173,76	0,7032,7230,10776,11644,19080	7	circRNA	ENSRNOT00000015036	ENSRNOT00000015036	8,7,6,5,4,3	2:223269129-223285166|2:223304322-223320873
2	225578380	225591523	circular_RNA/2	0	+	225578380	225578380	0,0,0	10	135,97,73,49,138,65,111,81,189,138	0,7814,8230,9641,10389,11311,11765,11976,12191,13005	2	circRNA	ENSRNOT00000066486	ENSRNOT00000066486	4,5,6,7,8,9,10,11,12,13	2:225573048-225578380|2:225591523-225599585
2	227756045	227772176	circular_RNA/1	0	-	227756045	227756045	0,0,0	6	110,171,175,124,97,183	0,2146,5931,10095,13625,15948	1	circRNA	ENSRNOT00000021335	ENSRNOT00000021335	11,10,9,8,7,6	2:227741013-227756045|2:227772176-227814632
2	252807922	252811538	circular_RNA/1	0	+	252807922	252807922	0,0,0	4	209,12,135,81	0,821,1161,3535	1	circRNA	ENSRNOT00000055318	ENSRNOT00000055318	20,21,22,23	2:252804136-252807922|2:252811538-252825803
2	257571075	257584515	circular_RNA/1	1	+	257571075	257571075	0,0,0	8	153,103,70,114,79,418,141,113	0,1605,3318,5772,6323,7682,9708,13327	1	circRNA	ENSRNOT00000066125	ENSRNOT00000066125	4,5,6,7,8,9,10,11	2:257569526-257571075|2:257584515-257585746
2	264938004	264958357	circular_RNA/2	0	-	264938004	264938004	0,0,0	3	93,222,120	0,7047,20233	2	circRNA	ENSRNOT00000066024	ENSRNOT00000066024	28,27,26	2:264923796-264938004|2:264958357-264969539
6	3116548	3130068	circular_RNA/1	1	-	3116548	3116548	0,0,0	7	117,173,118,163,120,223,104	0,320,5054,6395,10788,11977,13416	1	circRNA	ENSRNOT00000009359	ENSRNOT00000009359	19,18,17,16,15,14,13	6:3115085-3116548|6:3130068-3130380
6	14086928	14490352	circular_RNA/2	1	-	14086928	14086928	0,0,0	7	172,182,120,174,191,382,123	0,155205,363163,370762,393561,394879,403301	2	circRNA	ENSRNOT00000071402	ENSRNOT00000071402	10,9,8,7,6,5,4	6:14056948-14086928|6:14490352-14513632
6	14242133	14490352	circular_RNA/2	1	-	14242133	14242133	0,0,0	6	182,120,174,191,382,123	0,207958,215557,238356,239674,248096	2	circRNA	ENSRNOT00000071402	ENSRNOT00000071402	9,8,7,6,5,4	6:14087100-14242133|6:14490352-14513632
6	14450091	14490352	circular_RNA/5	1	-	14450091	14450091	0,0,0	5	120,174,191,382,123	0,7599,30398,31716,40138	5	circRNA	ENSRNOT00000071402	ENSRNOT00000071402	8,7,6,5,4	6:14242315-14450091|6:14490352-14513632
6	14457690	14490352	circular_RNA/2	1	-	14457690	14457690	0,0,0	4	174,191,382,123	0,22799,24117,32539	2	circRNA	ENSRNOT00000071402	ENSRNOT00000071402	7,6,5,4	6:14450211-14457690|6:14490352-14513632
6	14755037	14758647	circular_RNA/1	1	-	14755037	14755037	0,0,0	3	162,24,302	0,1167,3308	1	circRNA	ENSRNOT00000092654	ENSRNOT00000092654	7,6,5	None|6:14758647-15082850
6	28004504	28051704	circular_RNA/2	1	+	28004504	28004504	0,0,0	5	214,86,155,106,167	0,17901,37069,44207,47033	2	circRNA	ENSRNOT00000077830	ENSRNOT00000077830	4,5,6,7,8	6:27999062-28004504|6:28051704-28084524
6	28022405	28128820	circular_RNA/1	1	+	28022405	28022405	0,0,0	8	86,155,106,167,125,78,90,88	0,19168,26306,29132,62119,90455,104221,106327	1	circRNA	ENSRNOT00000077830	ENSRNOT00000077830	5,6,7,8,9,10,11,12	6:28004718-28022405|6:28128820-28140796
6	29032001	29038377	circular_RNA/4	1	+	29032001	29032001	0,0,0	6	152,48,154,103,109,117	0,1798,2239,3945,5148,6259	4	circRNA	ENSRNOT00000085612	ENSRNOT00000085612	2,3,4,5,6,7	6:29012496-29032001|6:29038377-29043820
6	42257966	42269541	circular_RNA/2	0	+	42257966	42257966	0,0,0	12	61,12,80,49,136,92,247,107,160,161,185,70	0,837,2838,3056,3701,3922,4221,4980,6818,10131,10622,11505	2	circRNA	ENSRNOT00000006403	ENSRNOT00000006403	12,13,14,15,16,17,18,19,20,21,22,23	6:42256432-42257966|6:42269541-42271179
6	76487879	76492176	circular_RNA/5	0	-	76487879	76487879	0,0,0	2	72,862	0,3435	5	circRNA	ENSRNOT00000010824	ENSRNOT00000010824	31,30	6:76461552-76487879|6:76492176-76500537
6	78285567	78353348	circular_RNA/2	1	+	78285567	78285567	0,0,0	4	130,34,171,108	0,12060,12353,67673	2	circRNA	ENSRNOT00000012282	ENSRNOT00000012282	5,6,7,8	6:78264875-78285567|6:78353348-78410785
6	91933749	91961861	circular_RNA/1	1	-	91933749	91933749	0,0,0	7	99,111,144,207,165,132,126	0,4751,8428,12000,20404,21825,27986	1	circRNA	ENSRNOT00000089891	ENSRNOT00000089891	8,7,6,5,4,3,2	6:91920798-91933749|6:91961861-92007830
6	122735611	122741693	circular_RNA/2	1	+	122735611	122735611	0,0,0	4	115,41,196,430	0,3250,4188,5652	2	circRNA	ENSRNOT00000039509	ENSRNOT00000039509	3,4,5,6	6:122730327-122735611|6:122741693-122742374
6	126989211	126990417	circular_RNA/1	1	+	126989211	126989211	0,0,0	1	1206	0	1	circRNA	ENSRNOT00000011775	ENSRNOT00000011775	29	6:126988580-126989211|6:126990417-126999400
6	144343081	144347969	circular_RNA/2	1	+	144343081	144343081	0,0,0	3	104,101,100	0,2941,4788	2	circRNA	ENSRNOT00000035255	ENSRNOT00000035255	26,27,28	6:144339745-144343081|6:144347969-144360261
6	144709934	144714285	circular_RNA/1	0	+	144709934	144709934	0,0,0	3	204,44,386	0,1719,3965	1	circRNA	ENSRNOT00000006942	ENSRNOT00000006942	7,8,9	6:144694967-144709934|6:144714285-144728946
9	1875551	1880538	circular_RNA/8	1	-	1875551	1875551	0,0,0	2	204,2487	0,2500	8	circRNA	ENSRNOT00000018146	ENSRNOT00000018146	4,3	9:1816060-1875551|9:1880538-1983866
9	1878051	1880538	circular_RNA/3	1	-	1878051	1878051	0,0,0	1	2487	0	3	circRNA	ENSRNOT00000018146	ENSRNOT00000018146	3	9:1875755-1878051|9:1880538-1983866
9	18319245	18334707	circular_RNA/2	0	-	18319245	18319245	0,0,0	5	111,171,108,113,76	0,7407,10717,11922,15386	2	circRNA	ENSRNOT00000027293	ENSRNOT00000027293	8,7,6,5,4	None|9:18334707-18361166
9	20596862	20599410	circular_RNA/1	0	-	20596862	20596862	0,0,0	2	495,652	0,1896	1	circRNA	ENSRNOT00000015918	ENSRNOT00000015918	3,2	9:20568512-20596862|9:20599410-20620508
9	31620317	31693992	circular_RNA/5	0	-	31620317	31620317	0,0,0	6	103,76,150,109,69,195	0,11182,12143,37055,40478,73480	5	circRNA	ENSRNOT00000016194	ENSRNOT00000016194	14,13,12,11,10,9	9:31604311-31620317|9:31693992-31710855
9	37099082	37117919	circular_RNA/1	0	-	37099082	37099082	0,0,0	5	305,184,316,1720,162	0,2644,5829,11440,18675	1	circRNA	ENSRNOT00000015638	ENSRNOT00000015638	7,6,5,4,3	9:37088649-37099082|9:37117919-37134324
9	37910961	37923009	circular_RNA/1	1	-	37910961	37910961	0,0,0	11	118,18,75,155,163,164,130,189,144,129,195	0,3066,4211,4442,5128,6155,7452,8807,9619,11222,11853	1	circRNA	ENSRNOT00000044452	ENSRNOT00000044452	96,95,94,93,92,91,90,89,88,87,86	9:37907837-37910961|9:37923009-37926236
9	44085446	44122474	circular_RNA/1	0	-	44085446	44085446	0,0,0	3	141,168,346	0,2636,36682	1	circRNA	ENSRNOT00000024701	ENSRNOT00000024701	4,3,2	9:44079911-44085446|9:44122474-44126867
9	44382120	44398945	circular_RNA/1	0	-	44382120	44382120	0,0,0	6	186,111,169,56,155,116	0,2485,4893,8359,12802,16709	1	circRNA	ENSRNOT00000091397	ENSRNOT00000091397	11,10,9,8,7,6	9:44368740-44382120|9:44398945-44415604
9	53646696	53648288	circular_RNA/5	1	+	53646696	53646696	0,0,0	1	1592	0	5	circRNA	ENSRNOT00000031267	ENSRNOT00000031267	3	9:53627021-53646696|9:53648288-53678092
9	53646696	53678190	circular_RNA/1	1	+	53646696	53646696	0,0,0	2	1592,98	0,31396	1	circRNA	ENSRNOT00000031267	ENSRNOT00000031267	3,4	9:53627021-53646696|9:53678190-53703867
9	66618609	66620541	circular_RNA/3	0	+	66618609	66618609	0,0,0	2	171,171	0,1761	3	circRNA	ENSRNOT00000035238	ENSRNOT00000035238	2,3	9:66568521-66618609|9:66620541-66647080
9	67252603	67277339	circular_RNA/2	1	+	67252603	67252603	0,0,0	3	122,159,174	0,4781,24562	2	circRNA	ENSRNOT00000050179	ENSRNOT00000050179	6,7,8	9:67251994-67252603|9:67277339-67281932
9	67331633	67341341	circular_RNA/2	0	-	67331633	67331633	0,0,0	3	509,106,120	0,2033,9588	2	circRNA	ENSRNOT00000036194	ENSRNOT00000036194	3,2,1	9:67310837-67331633|None
9	69854063	69868399	circular_RNA/2	0	-	69854063	69854063	0,0,0	4	109,731,247,92	0,5782,13892,14244	2	circRNA	ENSRNOT00000035879	ENSRNOT00000035879	5,4,3,2	9:69849129-69854063|9:69868399-69878604
9	94463646	94474809	circular_RNA/4	1	+	94463646	94463646	0,0,0	3	130,96,115	0,1057,11048	4	circRNA	ENSRNOT00000064965	ENSRNOT00000064965	4,5,6	9:94453653-94463646|9:94474809-94480128
9	96746439	96751314	circular_RNA/2	1	+	96746439	96746439	0,0,0	2	59,88	0,4787	2	circRNA	ENSRNOT00000088192	ENSRNOT00000088192	2,3	9:96621952-96746439|9:96751314-96752006
9	115079509	115109175	circular_RNA/1	0	-	115079509	115079509	0,0,0	4	133,75,37,274	0,21658,28386,29392	1	circRNA	ENSRNOT00000056366	ENSRNOT00000056366	15,14,13,12	9:114998842-115079509|9:115109175-115127857
9	118920874	118991497	circular_RNA/3	1	+	118920874	118920874	0,0,0	3	215,178,241	0,65606,70382	3	circRNA	ENSRNOT00000022351	ENSRNOT00000022351	4,5,6	9:118843862-118920874|9:118991497-119051622
9	119105073	119110137	circular_RNA/1	1	+	119105073	119105073	0,0,0	2	371,92	0,4972	1	circRNA	ENSRNOT00000022351	ENSRNOT00000022351	8,9	9:119051652-119105073|9:119110137-119126800
9	119712323	119717138	circular_RNA/1	0	-	119712323	119712323	0,0,0	5	65,116,158,80,126	0,948,2318,2679,4689	1	circRNA	ENSRNOT00000019359	ENSRNOT00000019359	35,34,33,32,31	9:119706127-119712323|9:119717138-119720404
11	34060061	34073206	circular_RNA/1	1	+	34060061	34060061	0,0,0	8	73,133,215,148,148,129,120,98	0,3027,3986,5825,7654,10620,11357,13047	1	circRNA	ENSRNOT00000076473	ENSRNOT00000076473	2,3,4,5,6,7,8,9	11:34052168-34060061|11:34073206-34078488
11	34612626	34631134	circular_RNA/3	1	+	34612626	34612626	0,0,0	10	155,43,151,88,54,121,86,95,63,55	0,433,872,1425,3475,4203,6236,7754,8814,18453	3	circRNA	ENSRNOT00000065600	ENSRNOT00000065600	2,3,4,5,6,7,8,9,10,11	11:34598537-34612626|11:34631134-34636145
11	46288154	46297696	circular_RNA/1	0	-	46288154	46288154	0,0,0	6	75,75,75,63,75,72	0,975,1597,2671,8983,9470	1	circRNA	ENSRNOT00000002220	ENSRNOT00000002220	17,16,15,14,13,12	11:46253396-46288154|11:46297696-46298665
11	62059610	62067655	circular_RNA/2	0	-	62059610	62059610	0,0,0	4	188,164,49,100	0,553,5943,7945	2	circRNA	ENSRNOT00000081443	ENSRNOT00000081443	7,6,5,4	11:62027825-62059610|11:62067655-62172314
11	66406506	66461403	circular_RNA/1	1	+	66406506	66406506	0,0,0	9	79,155,73,148,68,41,128,54,33	0,14527,19510,48207,49660,52544,54679,54809,54864	1	circRNA	ENSRNOT00000041715	ENSRNOT00000041715	7,8,9,10,11,12,13,14,15	11:66399464-66406506|11:66461403-66464686
11	72840325	72846390	circular_RNA/1	0	+	72840325	72840325	0,0,0	5	101,148,32,108,133	0,2402,3450,4473,5932	1	circRNA	ENSRNOT00000071060	ENSRNOT00000071060	2,3,4,5,6	11:72829615-72840325|11:72846390-72848907
11	87529217	87538758	circular_RNA/1	0	+	87529217	87529217	0,0,0	7	76,109,53,152,130,72,87	0,501,714,878,3095,6105,9454	1	circRNA	ENSRNOT00000043545	ENSRNOT00000043545	5,6,7,8,9,10,11	11:87529136-87529217|11:87538758-87541522
10	16724061	16725151	circular_RNA/2	1	-	16724061	16724061	0,0,0	1	1090	0	2	circRNA	ENSRNOT00000079462	ENSRNOT00000079462	4	10:16712067-16724061|10:16725151-16727735
10	16724061	16730140	circular_RNA/7	0	-	16724061	16724061	0,0,0	3	1090,126,195	0,3674,5884	7	circRNA	ENSRNOT00000079462	ENSRNOT00000079462	4,3,2	10:16712067-16724061|10:16730140-16752154
10	18359719	18435415	circular_RNA/2	0	-	18359719	18359719	0,0,0	13	136,106,194,173,147,120,74,166,105,66,167,91,147	0,11677,36828,39881,40839,42819,46106,48649,50490,55842,65007,71104,75549	2	circRNA	ENSRNOT00000080021	ENSRNOT00000080021	14,13,12,11,10,9,8,7,6,5,4,3,2	10:18258433-18359719|10:18435415-18443890
10	29318808	29319752	circular_RNA/10	1	+	29318808	29318808	0,0,0	1	944	0	10	circRNA	ENSRNOT00000067013	ENSRNOT00000067013	2	10:29289736-29318808|10:29319752-29330336
10	30980708	30993573	circular_RNA/1	1	+	30980708	30980708	0,0,0	7	105,97,109,165,178,247,70	0,621,2795,3728,8022,11500,12795	1	circRNA	ENSRNOT00000035346	ENSRNOT00000035346	2,3,4,5,6,7,8	10:30834050-30980708|10:30993573-31000441
10	30980708	30988908	circular_RNA/1	1	+	30980708	30980708	0,0,0	5	105,97,109,165,178	0,621,2795,3728,8022	1	circRNA	ENSRNOT00000035346	ENSRNOT00000035346	2,3,4,5,6	10:30834050-30980708|10:30988908-30992208
10	37164207	37178344	circular_RNA/1	0	-	37164207	37164207	0,0,0	7	159,121,207,56,119,113,110	0,1859,3192,4460,8446,11246,14027	1	circRNA	ENSRNOT00000090475	ENSRNOT00000090475	15,14,13,12,11,10,9	10:37163219-37164207|10:37178344-37180937
10	37764316	37764822	circular_RNA/3	1	+	37764316	37764316	0,0,0	1	506	0	3	circRNA	ENSRNOT00000008119	ENSRNOT00000008119	2	10:37757319-37764316|10:37764822-37768046
10	38712830	38725063	circular_RNA/1	1	+	38712830	38712830	0,0,0	4	127,780,45,87	0,3848,7196,12146	1	circRNA	ENSRNOT00000009440	ENSRNOT00000009440	2,3,4,5	10:38692519-38712830|10:38725063-38740168
10	39968107	39984938	circular_RNA/1	1	+	39968107	39968107	0,0,0	7	159,153,165,108,204,109,241	0,731,5425,8813,10011,13926,16590	1	circRNA	ENSRNOT00000013481	ENSRNOT00000013481	10,11,12,13,14,15,16	10:39964686-39968107|10:39984938-39991426
10	48678750	48705799	circular_RNA/1	1	-	48678750	48678750	0,0,0	9	196,130,547,127,95,215,125,102,55	0,1907,4982,10057,15784,17100,21059,25555,26994	1	circRNA	ENSRNOT00000081409	ENSRNOT00000081409	21,20,19,18,17,16,15,14,13	10:48671545-48678750|10:48705799-48707154
10	51551234	51576374	circular_RNA/1	1	-	51551234	51551234	0,0,0	6	118,77,112,77,105,40	0,7012,9391,18199,24370,25100	1	circRNA	ENSRNOT00000071595	ENSRNOT00000071595	7,6,5,4,3,2	10:51541816-51551234|10:51576374-51669157
10	57508984	57527668	circular_RNA/1	1	+	57508984	57508984	0,0,0	4	129,204,161,120	0,8695,11047,18564	1	circRNA	ENSRNOT00000041443	ENSRNOT00000041443	2,3,4,5	10:57462526-57508984|10:57527668-57535288
10	72171106	72177858	circular_RNA/1	0	-	72171106	72171106	0,0,0	4	114,126,99,254	0,201,4106,6498	1	circRNA	ENSRNOT00000085728	ENSRNOT00000085728	6,5,4,3	10:72163895-72171106|10:72177858-72179042
10	72924682	72938843	circular_RNA/1	1	+	72924682	72924682	0,0,0	4	229,125,191,243	0,6630,11032,13918	1	circRNA	ENSRNOT00000004540	ENSRNOT00000004540	2,3,4,5	10:72910218-72924682|10:72938843-72944432
10	73712415	73713751	circular_RNA/1	1	-	73712415	73712415	0,0,0	3	186,159,143	0,292,1193	1	circRNA	ENSRNOT00000035280	ENSRNOT00000035280	25,24,23	10:73709964-73712415|10:73713751-73716890
10	86165687	86195240	circular_RNA/1	1	+	86165687	86165687	0,0,0	8	876,177,140,171,190,57,102,78	0,10274,12648,14182,18603,23200,24202,29475	1	circRNA	ENSRNOT00000082668	ENSRNOT00000082668	2,3,4,5,6,7,8,9	10:86158849-86165687|10:86195240-86199506
10	86175961	86184480	circular_RNA/1	1	+	86175961	86175961	0,0,0	4	177,140,171,190	0,2374,3908,8329	1	circRNA	ENSRNOT00000082668	ENSRNOT00000082668	3,4,5,6	10:86166563-86175961|10:86184480-86188887
10	91902764	91917394	circular_RNA/1	1	-	91902764	91902764	0,0,0	5	80,67,134,157,96	0,1630,10540,13700,14534	1	circRNA	ENSRNOT00000006361	ENSRNOT00000006361	17,16,15,14,13	10:91884819-91902764|10:91917394-91925478
10	93451476	93471445	circular_RNA/1	0	+	93451476	93451476	0,0,0	5	168,96,93,111,137	0,12897,14131,19139,19832	1	circRNA	ENSRNOT00000066484	ENSRNOT00000066484	7,8,9,10,11	10:93441515-93451476|10:93471445-93473182
10	93451476	93483645	circular_RNA/2	0	+	93451476	93451476	0,0,0	10	168,96,93,111,137,153,67,98,82,92	0,12897,14131,19139,19832,21706,24770,26542,28463,32077	2	circRNA	ENSRNOT00000066484	ENSRNOT00000066484	7,8,9,10,11,12,13,14,15,16	10:93441515-93451476|10:93483645-93492512
10	94758718	94760369	circular_RNA/1	0	-	94758718	94758718	0,0,0	1	1651	0	1	circRNA	ENSRNOT00000055114	ENSRNOT00000055114	2	10:94741510-94758718|10:94760369-94807411
10	95265353	95268582	circular_RNA/1	1	-	95265353	95265353	0,0,0	4	226,83,464,229	0,404,2046,3000	1	circRNA	ENSRNOT00000085210	ENSRNOT00000085210	26,25,24,23	10:95262032-95265353|10:95268582-95274445
10	110495071	110508344	circular_RNA/3	1	+	110495071	110495071	0,0,0	6	195,148,147,194,176,294	0,2245,4879,10690,11582,12979	3	circRNA	ENSRNOT00000054919	ENSRNOT00000054919	2,3,4,5,6,7	10:110469408-110495071|10:110508344-110515762
13	35713527	35784163	circular_RNA/3	1	-	35713527	35713527	0,0,0	14	157,57,84,160,159,126,69,173,64,89,88,121,53,45	0,4518,4663,6155,15044,16858,22928,34980,38637,55891,59970,69659,70054,70591	3	circRNA	ENSRNOT00000003568	ENSRNOT00000003568	19,18,17,16,15,14,13,12,11,10,9,8,7,6	13:35710974-35713527|13:35784163-35789304
13	35730385	35784163	circular_RNA/1	1	-	35730385	35730385	0,0,0	9	126,69,173,64,89,88,121,53,45	0,6070,18122,21779,39033,43112,52801,53196,53733	1	circRNA	ENSRNOT00000003568	ENSRNOT00000003568	14,13,12,11,10,9,8,7,6	13:35728730-35730385|13:35784163-35789304
13	44898819	44930482	circular_RNA/1	1	+	44898819	44898819	0,0,0	7	255,152,102,291,124,155,152	0,2296,6199,8993,12446,26667,31511	1	circRNA	ENSRNOT00000005372	ENSRNOT00000005372	15,16,17,18,19,20,21	13:44896587-44898819|13:44930482-44934955
13	60591301	60591406	circular_RNA/5	0	+	60591301	60591301	0,0,0	1	105	0	5	circRNA	ENSRNOT00000077153	ENSRNOT00000077153	5	13:60591221-60591301|13:60591406-60591486
13	68752166	68763048	circular_RNA/2	1	-	68752166	68752166	0,0,0	5	139,164,146,94,189	0,2077,4409,8886,10693	2	circRNA	ENSRNOT00000044255	ENSRNOT00000044255	14,13,12,11,10	13:68749788-68752166|13:68763048-68764054
13	73615096	73622224	circular_RNA/3	1	-	73615096	73615096	0,0,0	5	617,160,112,47,86	0,2924,4276,5473,7042	3	circRNA	ENSRNOT00000005195	ENSRNOT00000005195	6,5,4,3,2	13:73588335-73615096|13:73622224-73637713
13	74485161	74520636	circular_RNA/3	1	-	74485161	74485161	0,0,0	7	127,93,90,84,51,105,143	0,5207,6482,7116,27184,28198,35332	3	circRNA	ENSRNOT00000036200	ENSRNOT00000036200	8,7,6,5,4,3,2	13:74450825-74485161|13:74520636-74564108
13	78775008	78776163	circular_RNA/1	0	+	78775008	78775008	0,0,0	2	368,165	0,990	1	circRNA	ENSRNOT00000003689	ENSRNOT00000003689	12,13	13:78772441-78775008|13:78776163-78778959
13	94898231	95013012	circular_RNA/3	1	+	94898231	94898231	0,0,0	15	153,83,114,126,141,65,189,139,153,135,117,143,128,109,132	0,1490,4187,6399,11458,15200,15550,23513,32676,38730,41984,77691,105150,107302,114649	3	circRNA	ENSRNOT00000077995	ENSRNOT00000077995	2,3,4,5,6,7,8,9,10,11,12,13,14,15,16	13:94888343-94898231|13:95013012-95068065
13	103356834	103362959	circular_RNA/1	1	+	103356834	103356834	0,0,0	4	156,198,174,161	0,1382,3817,5964	1	circRNA	ENSRNOT00000085214	ENSRNOT00000085214	26,27,28,29	13:103356147-103356834|13:103362959-103366968
13	105699058	105701842	circular_RNA/1	1	+	105699058	105699058	0,0,0	4	62,117,183,80	0,1733,2122,2704	1	circRNA	ENSRNOT00000040543	ENSRNOT00000040543	3,4,5,6	13:105694293-105699058|13:105701842-105775852
13	109442254	109471561	circular_RNA/3	0	-	109442254	109442254	0,0,0	4	360,94,116,121	0,14963,17546,29186	3	circRNA	ENSRNOT00000067017	ENSRNOT00000067017	6,5,4,3	13:109403600-109442254|13:109471561-109476962
13	109457217	109471561	circular_RNA/2	0	-	109457217	109457217	0,0,0	3	94,116,121	0,2583,14223	2	circRNA	ENSRNOT00000067017	ENSRNOT00000067017	5,4,3	13:109442614-109457217|13:109471561-109476962
12	8978435	8987142	circular_RNA/1	1	+	8978435	8978435	0,0,0	4	98,61,102,94	0,4190,4855,8613	1	circRNA	ENSRNOT00000071796	ENSRNOT00000071796	2,3,4,5	12:8976662-8978435|12:8987142-8989058
12	10527307	10534434	circular_RNA/7	1	-	10527307	10527307	0,0,0	3	141,111,76	0,3378,7051	7	circRNA	ENSRNOT00000092631	ENSRNOT00000092631	4,3,2	12:10515204-10527307|12:10534434-10561193
12	39627015	39635912	circular_RNA/4	0	-	39627015	39627015	0,0,0	3	154,112,120	0,668,8777	4	circRNA	ENSRNOT00000001729	ENSRNOT00000001729	5,4,3	12:39625019-39627015|12:39635912-39636571
12	51960259	51961629	circular_RNA/1	1	+	51960259	51960259	0,0,0	1	1370	0	1	circRNA	ENSRNOT00000056735	ENSRNOT00000056735	2	12:51948758-51960259|12:51961629-51975365
12	51960259	51998899	circular_RNA/3	1	+	51960259	51960259	0,0,0	14	1370,91,108,386,297,186,141,79,50,58,90,108,191,178	0,15106,16828,17436,21240,22216,25391,26005,28523,29080,31557,36907,38108,38462	3	circRNA	ENSRNOT00000056735	ENSRNOT00000056735	2,3,4,5,6,7,8,9,10,11,12,13,14,15	12:51948758-51960259|12:51998899-52007447
15	19476433	19486645	circular_RNA/2	0	-	19476433	19476433	0,0,0	7	187,3,45,117,139,85,137	0,1023,1819,1869,4675,6980,10075	2	circRNA	ENSRNOT00000008372	ENSRNOT00000008372	20,19,18,17,16,15,14	15:19473638-19476433|15:19486645-19487066
15	23792823	23793342	circular_RNA/1	0	+	23792823	23792823	0,0,0	1	519	0	1	circRNA	ENSRNOT00000089226	ENSRNOT00000089226	3	15:23667191-23792823|15:23793342-23829794
15	37179036	37182319	circular_RNA/1	1	+	37179036	37179036	0,0,0	3	283,166,213	0,2117,3070	1	circRNA	ENSRNOT00000011684	ENSRNOT00000011684	2,3,4	15:37171898-37179036|15:37182319-37190895
15	55151602	55178994	circular_RNA/1	1	-	55151602	55151602	0,0,0	13	197,77,32,57,117,88,78,110,78,143,111,68,39	0,1760,1918,2039,2748,8570,12239,13226,14978,16874,21322,26289,27353	1	circRNA	ENSRNOT00000021752	ENSRNOT00000021752	16,15,14,13,12,11,10,9,8,7,6,5,4	15:55104181-55151602|15:55178994-55185567
14	10786398	10794860	circular_RNA/8	1	+	10786398	10786398	0,0,0	3	716,124,143	0,5606,8319	8	circRNA	ENSRNOT00000003006	ENSRNOT00000003006	1,2,3	None|14:10794860-10811034
14	21075631	21093811	circular_RNA/2	1	-	21075631	21075631	0,0,0	4	84,93,70,66	0,13419,15551,18114	2	circRNA	ENSRNOT00000092172	ENSRNOT00000092172	11,10,9,8	14:21073574-21075631|14:21093811-21094805
14	25791640	25877265	circular_RNA/1	1	+	25791640	25791640	0,0,0	4	156,125,160,103	0,67567,73392,85522	1	circRNA	ENSRNOT00000043938	ENSRNOT00000043938	7,8,9,10	14:25673329-25791640|14:25877265-25899868
14	37238504	37262083	circular_RNA/1	0	-	37238504	37238504	0,0,0	6	92,71,92,115,40,71	0,3104,12781,15382,23297,23508	1	circRNA	ENSRNOT00000065458	ENSRNOT00000065458	7,6,5,4,3,2	14:37228740-37238504|14:37262083-37284490
14	40015298	40035210	circular_RNA/2	1	+	40015298	40015298	0,0,0	6	68,221,83,138,153,212	0,10607,12421,16719,16980,19700	2	circRNA	ENSRNOT00000003240	ENSRNOT00000003240	3,4,5,6,7,8	14:39985723-40015298|14:40035210-40048844
14	45668935	45679917	circular_RNA/1	0	-	45668935	45668935	0,0,0	7	140,120,165,281,87,129,111	0,1276,1970,4122,7069,8440,10871	1	circRNA	ENSRNOT00000029209	ENSRNOT00000029209	14,13,12,11,10,9,8	14:45644562-45668935|14:45679917-45683766
14	63148825	63156487	circular_RNA/1	1	+	63148825	63148825	0,0,0	5	195,123,205,46,74	0,2339,3333,7433,7588	1	circRNA	ENSRNOT00000006071	ENSRNOT00000006071	3,4,5,6,7	14:63101084-63148825|14:63156487-63169851
14	79355103	79355845	circular_RNA/1	1	+	79355103	79355103	0,0,0	1	742	0	1	circRNA	ENSRNOT00000085534	ENSRNOT00000085534	2	14:79205585-79355103|14:79355845-79387332
14	79407475	79421836	circular_RNA/1	0	+	79407475	79407475	0,0,0	6	119,83,118,107,81,95	0,2154,4751,5991,12521,14266	1	circRNA	ENSRNOT00000085534	ENSRNOT00000085534	4,5,6,7,8,9	14:79387453-79407475|14:79421836-79425685
14	106916020	106925261	circular_RNA/1	0	-	106916020	106916020	0,0,0	5	124,107,139,125,108	0,2782,3044,5478,9133	1	circRNA	ENSRNOT00000012131	ENSRNOT00000012131	21,20,19,18,17	14:106880165-106916020|14:106925261-106930791
14	106921498	107008241	circular_RNA/2	0	-	106921498	106921498	0,0,0	10	125,108,148,144,885,49,179,205,163,123	0,3655,9293,30278,35962,40801,41430,72682,82203,86620	2	circRNA	ENSRNOT00000012131	ENSRNOT00000012131	18,17,16,15,14,13,12,11,10,9	14:106919203-106921498|14:107008241-107008816
14	108013274	108020828	circular_RNA/1	1	+	108013274	108013274	0,0,0	3	132,102,73	0,4071,7481	1	circRNA	ENSRNOT00000014062	ENSRNOT00000014062	2,3,4	14:108008172-108013274|14:108020828-108027959
14	108157936	108189729	circular_RNA/3	1	+	108157936	108157936	0,0,0	14	83,155,114,100,160,127,148,101,210,126,123,84,87,201	0,2995,4562,6471,7063,10094,10334,15728,16019,19342,21284,21533,23517,31592	3	circRNA	ENSRNOT00000090003	ENSRNOT00000090003	8,9,10,11,12,13,14,15,16,17,18,19,20,21	14:108153932-108157936|14:108189729-108191846
14	113885376	113890309	circular_RNA/1	0	+	113885376	113885376	0,0,0	4	138,1071,128,142	0,1631,3437,4791	1	circRNA	ENSRNOT00000067591	ENSRNOT00000067591	4,5,6,7	14:113879075-113885376|14:113890309-113901836
17	5429864	5436758	circular_RNA/1	0	-	5429864	5429864	0,0,0	3	107,60,179	0,3068,6715	1	circRNA	ENSRNOT00000025096	ENSRNOT00000025096	14,13,12	17:5421904-5429864|17:5436758-5439581
17	5429864	5455206	circular_RNA/1	0	-	5429864	5429864	0,0,0	12	107,60,179,115,84,51,44,67,168,75,115,34	0,3068,6715,9717,10509,11139,11835,11954,19885,21103,22500,25308	1	circRNA	ENSRNOT00000025096	ENSRNOT00000025096	14,13,12,11,10,9,8,7,6,5,4,3	17:5421904-5429864|17:5455206-5463034
17	5546406	5606503	circular_RNA/1	1	+	5546406	5546406	0,0,0	16	209,178,98,117,692,84,87,149,88,145,154,181,130,132,177,161	0,1615,9084,13250,17112,23340,24652,24820,36449,41419,43059,44106,45054,51845,57692,59936	1	circRNA	ENSRNOT00000025381	ENSRNOT00000025381	11,12,13,14,15,16,17,18,19,20,21,22,23,24,25,26	17:5543087-5546406|17:5606503-5613741
17	5555490	5571375	circular_RNA/1	1	+	5555490	5555490	0,0,0	6	98,117,692,84,87,149	0,4166,8028,14256,15568,15736	1	circRNA	ENSRNOT00000025381	ENSRNOT00000025381	13,14,15,16,17,18	17:5548199-5555490|17:5571375-5582855
17	5582855	5598383	circular_RNA/1	1	+	5582855	5582855	0,0,0	6	88,145,154,181,130,132	0,4970,6610,7657,8605,15396	1	circRNA	ENSRNOT00000025381	ENSRNOT00000025381	19,20,21,22,23,24	17:5571375-5582855|17:5598383-5604098
17	9613029	9614622	circular_RNA/1	1	+	9613029	9613029	0,0,0	2	232,388	0,1205	1	circRNA	ENSRNOT00000017349	ENSRNOT00000017349	4,5	17:9611511-9613029|17:9614622-9617326
17	29730436	29731094	circular_RNA/4	1	-	29730436	29730436	0,0,0	1	658	0	4	circRNA	ENSRNOT00000048757	ENSRNOT00000048757	5	17:29689798-29730436|17:29731094-29757530
17	52378629	52555114	circular_RNA/3	1	-	52378629	52378629	0,0,0	6	202,147,206,106,243,165	0,4063,7304,32211,98702,176320	3	circRNA	ENSRNOT00000019396	ENSRNOT00000019396	7,6,5,4,3,2	17:52366900-52378629|17:52555114-52568861
17	54298406	54301447	circular_RNA/3	1	+	54298406	54298406	0,0,0	2	37,755	0,2286	3	circRNA	ENSRNOT00000024022	ENSRNOT00000024022	2,3	17:54280989-54298406|17:54301447-54354447
17	63691206	63711376	circular_RNA/3	0	+	63691206	63691206	0,0,0	9	135,120,198,92,111,124,110,103,65	0,1716,3199,9705,12054,17094,17542,17944,20105	3	circRNA	ENSRNOT00000020634	ENSRNOT00000020634	6,7,8,9,10,11,12,13,14	17:63679093-63691206|17:63711376-63715093
17	76421567	76444903	circular_RNA/1	1	+	76421567	76421567	0,0,0	8	58,33,96,107,49,76,123,29	0,596,6955,9846,17310,20605,22305,23307	1	circRNA	ENSRNOT00000024016	ENSRNOT00000024016	3,4,5,6,7,8,9,10	17:76413740-76421567|17:76444903-76451281
17	87758881	87760775	circular_RNA/2	1	-	87758881	87758881	0,0,0	1	1894	0	2	circRNA	ENSRNOT00000068156	ENSRNOT00000068156	8	17:87750199-87758881|17:87760775-87762054
16	3060712	3064512	circular_RNA/2	1	+	3060712	3060712	0,0,0	5	146,93,73,92,162	0,1475,2587,3037,3638	2	circRNA	ENSRNOT00000074069	ENSRNOT00000074069	2,3,4,5,6	16:3051986-3060712|16:3064512-3068021
16	3060712	3072642	circular_RNA/3	0	+	3060712	3060712	0,0,0	10	146,93,73,92,162,122,32,106,104,104	0,1475,2587,3037,3638,7309,9399,10031,11636,11826	3	circRNA	ENSRNOT00000074069	ENSRNOT00000074069	2,3,4,5,6,7,8,9,10,11	16:3051986-3060712|16:3072642-3083563
16	7120794	7132418	circular_RNA/4	1	+	7120794	7120794	0,0,0	6	117,69,99,86,96,92	0,4012,5796,9807,10519,11532	4	circRNA	ENSRNOT00000016581	ENSRNOT00000016581	8,9,10,11,12,13	16:7117959-7120794|16:7132418-7135949
16	7464233	7469429	circular_RNA/1	1	+	7464233	7464233	0,0,0	6	100,136,76,146,63,131	0,1010,1762,3611,4614,5065	1	circRNA	ENSRNOT00000026323	ENSRNOT00000026323	14,15,16,17,18,19	16:7463395-7464233|16:7469429-7470542
16	23555918	23600154	circular_RNA/3	0	+	23555918	23555918	0,0,0	6	207,81,113,59,3,90	0,306,2674,17553,19965,44146	3	circRNA	ENSRNOT00000068629	ENSRNOT00000068629	6,7,8,9,10,11	16:23492639-23555918|16:23600154-23687863
16	49297954	49310785	circular_RNA/1	0	-	49297954	49297954	0,0,0	2	269,1097	0,11734	1	circRNA	ENSRNOT00000045721	ENSRNOT00000045721	3,2	16:49284118-49297954|16:49310785-49318255
16	54792658	54804208	circular_RNA/2	0	+	54792658	54792658	0,0,0	3	123,163,158	0,1834,11392	2	circRNA	ENSRNOT00000086899	ENSRNOT00000086899	2,3,4	16:54765418-54792658|16:54804208-54814917
16	54952436	54976534	circular_RNA/1	0	-	54952436	54952436	0,0,0	9	93,127,133,121,33,70,121,95,27	0,444,4898,7020,12848,13655,15160,22826,24071	1	circRNA	ENSRNOT00000036092	ENSRNOT00000036092	10,9,8,7,6,5,4,3,2	16:54941057-54952436|16:54976534-55001974
16	67504864	67531331	circular_RNA/2	1	+	67504864	67504864	0,0,0	4	33,147,378,85	0,17536,22132,26382	2	circRNA	ENSRNOT00000085659	ENSRNOT00000085659	7,8,9,10	16:67487268-67504864|16:67531331-67550282
16	71097097	71104753	circular_RNA/2	1	+	71097097	71097097	0,0,0	5	136,209,68,123,96	0,4285,4738,6529,7560	2	circRNA	ENSRNOT00000020832	ENSRNOT00000020832	7,8,9,10,11	16:71095425-71097097|16:71104753-71106268
19	712471	716350	circular_RNA/1	1	+	712471	712471	0,0,0	3	350,65,93	0,3459,3786	1	circRNA	ENSRNOT00000087469	ENSRNOT00000087469	13,14,15	19:704876-712471|19:716350-730455
19	20282664	20292462	circular_RNA/1	1	+	20282664	20282664	0,0,0	2	3215,85	0,9713	1	circRNA	ENSRNOT00000020028	ENSRNOT00000020028	3,4	19:20206545-20282664|19:20292462-20380363
19	21245663	21247348	circular_RNA/1	0	+	21245663	21245663	0,0,0	1	1685	0	1	circRNA	ENSRNOT00000049285	ENSRNOT00000049285	2	19:21218538-21245663|19:21247348-21256613
19	22143682	22179584	circular_RNA/2	1	-	22143682	22143682	0,0,0	6	116,81,108,100,139,90	0,14938,18862,29098,33318,35812	2	circRNA	ENSRNOT00000086187	ENSRNOT00000086187	7,6,5,4,3,2	19:22128599-22143682|19:22179584-22194633
19	32214550	32241362	circular_RNA/2	1	+	32214550	32214550	0,0,0	5	577,258,126,222,257	0,15032,17912,21540,26555	2	circRNA	ENSRNOT00000025079	ENSRNOT00000025079	2,3,4,5,6	19:32188431-32214550|19:32241362-32247308
19	37629882	37633959	circular_RNA/1	0	+	37629882	37629882	0,0,0	3	790,171,134	0,1097,3943	1	circRNA	ENSRNOT00000023853	ENSRNOT00000023853	3,4,5	19:37608071-37629882|19:37633959-37637361
19	38057556	38062193	circular_RNA/2	1	+	38057556	38057556	0,0,0	2	1138,163	0,4474	2	circRNA	ENSRNOT00000087491	ENSRNOT00000087491	2,3	19:38039912-38057556|19:38062193-38077417
19	38919432	38925050	circular_RNA/2	1	+	38919432	38919432	0,0,0	2	480,58	0,5560	2	circRNA	ENSRNOT00000030768	ENSRNOT00000030768	13,14	19:38912920-38919432|19:38925050-38969643
1	1841451	1846589	circular_RNA/2	1	+	1841451	1841451	0,0,0	3	175,158,181	0,2326,4957	2	circRNA	ENSRNOT00000020417	ENSRNOT00000020417	2,3,4	1:1826352-1841451|1:1846589-1852080
1	11985874	11993509	circular_RNA/1	0	-	11985874	11985874	0,0,0	4	167,200,197,91	0,3100,4629,7544	1	circRNA	ENSRNOT00000078330	ENSRNOT00000078330	5,4,3,2	1:11984291-11985874|1:11993509-11994772
1	21142144	21164430	circular_RNA/3	1	+	21142144	21142144	0,0,0	4	132,155,137,161	0,7168,18760,22125	3	circRNA	ENSRNOT00000017617	ENSRNOT00000017617	2,3,4,5	1:21141985-21142144|1:21164430-21189974
1	29322016	29331518	circular_RNA/2	1	+	29322016	29322016	0,0,0	6	108,114,126,185,1043,169	0,2446,3527,5002,7390,9333	2	circRNA	ENSRNOT00000018849	ENSRNOT00000018849	5,6,7,8,9,10	1:29319423-29322016|1:29331518-29368957
1	29324462	29331518	circular_RNA/1	1	+	29324462	29324462	0,0,0	5	114,126,185,1043,169	0,1081,2556,4944,6887	1	circRNA	ENSRNOT00000018849	ENSRNOT00000018849	6,7,8,9,10	1:29322124-29324462|1:29331518-29368957
1	56921037	56926435	circular_RNA/2	0	-	56921037	56921037	0,0,0	6	78,79,83,122,68,104	0,1846,3341,3823,4188,5294	2	circRNA	ENSRNOT00000021141	ENSRNOT00000021141	14,13,12,11,10,9	1:56917939-56921037|1:56926435-56927721
1	68470053	68479469	circular_RNA/1	1	+	68470053	68470053	0,0,0	4	184,157,185,162	0,1333,7584,9254	1	circRNA	ENSRNOT00000080325	ENSRNOT00000080325	12,13,14,15	1:68462277-68470053|1:68479469-68486685
1	92037184	92043956	circular_RNA/1	1	-	92037184	92037184	0,0,0	4	124,146,122,91	0,2371,4120,6681	1	circRNA	ENSRNOT00000039115	ENSRNOT00000039115	7,6,5,4	1:92036124-92037184|1:92043956-92064271
1	100956379	100957253	circular_RNA/1	1	-	100956379	100956379	0,0,0	2	153,135	0,739	1	circRNA	ENSRNOT00000035908	ENSRNOT00000035908	16,15	1:100955867-100956379|1:100957253-100957763
1	102527974	102614134	circular_RNA/2	0	-	102527974	102527974	0,0,0	2	37,167	0,85993	2	circRNA	ENSRNOT00000015352	ENSRNOT00000015352	10,9	1:102461700-102527974|1:102614134-102638884
1	112253442	112436794	circular_RNA/1	1	-	112253442	112253442	0,0,0	3	138,83,221	0,181561,183131	1	circRNA	ENSRNOT00000093339	ENSRNOT00000093339	6,5,4	1:112202493-112253442|1:112436794-112746975
1	116643749	116660509	circular_RNA/1	1	+	116643749	116643749	0,0,0	7	284,1247,145,206,165,156,74	0,3911,12637,14224,15038,16431,16686	1	circRNA	ENSRNOT00000021366	ENSRNOT00000021366	5,6,7,8,9,10,11	1:116610544-116643749|1:116660509-116674177
1	128513528	128576607	circular_RNA/2	1	-	128513528	128513528	0,0,0	4	103,207,138,38	0,13120,62005,63041	2	circRNA	ENSRNOT00000033858	ENSRNOT00000033858	7,6,5,4	1:128503937-128513528|1:128576607-128586070
1	136672897	136675861	circular_RNA/1	1	-	136672897	136672897	0,0,0	2	201,134	0,2830	1	circRNA	ENSRNOT00000015084	ENSRNOT00000015084	11,10	1:136668946-136672897|1:136675861-136685583
1	144710108	144726484	circular_RNA/1	1	+	144710108	144710108	0,0,0	3	132,148,980	0,4940,15396	1	circRNA	ENSRNOT00000047408	ENSRNOT00000047408	16,17,18	1:144652882-144710108|1:144726484-144735282
1	156622919	156622970	circular_RNA/1	1	+	156622919	156622919	0,0,0	1	51	0	1	circRNA	ENSRNOT00000055401	ENSRNOT00000055401	3	1:156552393-156622919|1:156622970-156696908
1	157470070	157490006	circular_RNA/5	1	-	157470070	157470070	0,0,0	14	36,93,156,184,106,120,100,1553,91,181,1118,195,189,126	0,475,981,1950,3177,3692,8001,11466,13986,14174,15136,17560,18059,19810	5	circRNA	ENSRNOT00000013552	ENSRNOT00000013552	15,14,13,12,11,10,9,8,7,6,5,4,3,2	1:157468854-157470070|1:157490006-157493619
1	161668655	161681442	circular_RNA/1	1	+	161668655	161668655	0,0,0	3	256,99,236	0,11241,12551	1	circRNA	ENSRNOT00000015181	ENSRNOT00000015181	5,6,7	1:161523421-161668655|1:161681442-161705912
1	167254584	167269761	circular_RNA/6	0	-	167254584	167254584	0,0,0	4	117,188,134,141	0,5773,9291,15036	6	circRNA	ENSRNOT00000027575	ENSRNOT00000027575	15,14,13,12	1:167251491-167254584|1:167269761-167276450
1	185233418	185252682	circular_RNA/2	0	+	185233418	185233418	0,0,0	2	1129,104	0,19160	2	circRNA	ENSRNOT00000055120	ENSRNOT00000055120	3,4	1:185211770-185233418|1:185252682-185261105
1	188510273	188530025	circular_RNA/2	1	+	188510273	188510273	0,0,0	5	64,99,78,115,140	0,2696,4502,6056,19612	2	circRNA	ENSRNOT00000083863	ENSRNOT00000083863	23,24,25,26,27	1:188507682-188510273|1:188530025-188544063
1	190980863	190991049	circular_RNA/1	1	+	190980863	190980863	0,0,0	3	191,210,185	0,4285,10001	1	circRNA	ENSRNOT00000039186	ENSRNOT00000039186	2,3,4	1:190965049-190980863|1:190991049-191009221
1	214933394	214938246	circular_RNA/1	1	+	214933394	214933394	0,0,0	4	165,98,151,61	0,360,530,4791	1	circRNA	ENSRNOT00000027134	ENSRNOT00000027134	9,10,11,12	1:214933098-214933394|1:214938246-214939093
1	219577023	219638528	circular_RNA/1	1	-	219577023	219577023	0,0,0	15	90,132,270,84,395,127,116,154,94,107,179,47,79,139,95	0,1413,1883,4048,15012,17810,20418,21341,22813,23327,26000,30101,30533,31523,61410	1	circRNA	ENSRNOT00000054850	ENSRNOT00000054850	16,15,14,13,12,11,10,9,8,7,6,5,4,3,2	1:219575068-219577023|1:219638528-219639960
1	219592035	219638528	circular_RNA/1	1	-	219592035	219592035	0,0,0	11	395,127,116,154,94,107,179,47,79,139,95	0,2798,5406,6329,7801,8315,10988,15089,15521,16511,46398	1	circRNA	ENSRNOT00000054850	ENSRNOT00000054850	12,11,10,9,8,7,6,5,4,3,2	1:219581155-219592035|1:219638528-219639960
1	231411885	231415776	circular_RNA/2	0	-	231411885	231411885	0,0,0	6	77,194,133,153,54,120	0,525,1031,2283,2832,3771	2	circRNA	ENSRNOT00000087140	ENSRNOT00000087140	14,13,12,11,10,9	1:231401771-231411885|1:231415776-231457045
1	235750192	235780409	circular_RNA/2	0	-	235750192	235750192	0,0,0	13	115,187,143,95,130,63,172,107,128,58,81,60,60	0,200,7456,7886,9098,9671,11455,13737,14026,21566,27749,28090,30157	2	circRNA	ENSRNOT00000014800	ENSRNOT00000014800	19,18,17,16,15,14,13,12,11,10,9,8,7	1:235737635-235750192|1:235780409-235789222
1	247931325	247960553	circular_RNA/2	1	-	247931325	247931325	0,0,0	3	80,1418,201	0,12919,29027	2	circRNA	ENSRNOT00000039428	ENSRNOT00000039428	4,3,2	1:247922869-247931325|1:247960553-247977846
1	260791755	260801171	circular_RNA/3	1	+	260791755	260791755	0,0,0	3	133,288,94	0,6433,9322	3	circRNA	ENSRNOT00000076842	ENSRNOT00000076842	5,6,7	1:260775166-260791755|1:260801171-260803931
1	264674064	264689905	circular_RNA/2	0	+	264674064	264674064	0,0,0	7	44,734,55,968,71,123,168	0,683,3883,8329,10289,14777,15673	2	circRNA	ENSRNOT00000034814	ENSRNOT00000034814	3,4,5,6,7,8,9	1:264671209-264674064|1:264689905-264692389
1	264682393	264688964	circular_RNA/2	1	+	264682393	264682393	0,0,0	3	968,71,123	0,1960,6448	2	circRNA	ENSRNOT00000034814	ENSRNOT00000034814	6,7,8	1:264678002-264682393|1:264688964-264689737
1	270073074	270093865	circular_RNA/1	0	-	270073074	270073074	0,0,0	4	147,180,90,119	0,11865,18405,20672	1	circRNA	ENSRNOT00000015979	ENSRNOT00000015979	10,9,8,7	1:270057428-270073074|1:270093865-270119920
1	278580845	278620822	circular_RNA/1	1	+	278580845	278580845	0,0,0	9	84,114,129,209,175,88,256,184,155	0,1157,9773,13527,21006,22948,24825,27614,39822	1	circRNA	ENSRNOT00000023414	ENSRNOT00000023414	2,3,4,5,6,7,8,9,10	1:278557997-278580845|1:278620822-278629795
Y	1030851	1038541	circular_RNA/2	1	-	1030851	1030851	0,0,0	4	206,106,130,734	0,912,2729,6956	2	circRNA	ENSRNOT00000093013	ENSRNOT00000093013	19,18,17,16	Y:1013105-1030851|Y:1038541-1049564
Y	1091378	1099068	circular_RNA/2	1	-	1091378	1091378	0,0,0	4	206,106,130,734	0,912,2729,6956	2	circRNA	ENSRNOT00000082648	ENSRNOT00000082648	19,18,17,16	Y:1073632-1091378|Y:1099068-1110091
