20	5898390	5915403	circular_RNA/1	1	-	5898390	5898390	0,0,0	7	114,148,83,150,165,182,117	0,983,4105,7080,8919,13439,16896	1	circRNA	ENSRNOT00000092383	ENSRNOT00000092383	10,9,8,7,6,5,4	20:5897322-5898390|20:5915403-5918140
20	7549782	7573740	circular_RNA/1	1	+	7549782	7549782	0,0,0	9	81,157,297,76,102,102,188,93,121	0,2082,11274,12225,12537,12737,15621,18712,23837	1	circRNA	ENSRNOT00000044395	ENSRNOT00000044395	2,3,4,5,6,7,8,9,10	20:7484865-7549782|20:7573740-7584777
20	27409749	27415954	circular_RNA/1	1	+	27409749	27409749	0,0,0	5	1911,27,253,91,94	0,1912,1940,5500,6111	1	circRNA	ENSRNOT00000000302	ENSRNOT00000000302	3,4,5,6,7	20:27381559-27409749|20:27415954-27426195
20	28662865	28667721	circular_RNA/2	1	+	28662865	28662865	0,0,0	2	171,254	0,4602	2	circRNA	ENSRNOT00000072485	ENSRNOT00000072485	5,6	20:28652359-28662865|20:28667721-28682335
4	606539	626833	circular_RNA/1	1	+	606539	606539	0,0,0	6	79,49,77,313,120,172	0,4997,8817,9366,12685,20122	1	circRNA	ENSRNOT00000033377	ENSRNOT00000033377	2,3,4,5,6,7	4:594924-606539|4:626833-632255
4	2557719	2574144	circular_RNA/1	1	+	2557719	2557719	0,0,0	5	105,88,98,133,248	0,1602,4203,6363,16177	1	circRNA	ENSRNOT00000092756	ENSRNOT00000092756	14,15,16,17,18	4:2550618-2557719|4:2574144-2584885
4	8163383	8166216	circular_RNA/1	0	+	8163383	8163383	0,0,0	3	26,247,468	0,1230,2365	1	circRNA	ENSRNOT00000063994	ENSRNOT00000063994	8,9,10	4:8162295-8163383|4:8166216-8172049
4	8223839	8242710	circular_RNA/1	1	-	8223839	8223839	0,0,0	5	81,230,115,185,73	0,3074,5052,15379,18798	1	circRNA	ENSRNOT00000076950	ENSRNOT00000076950	6,5,4,3,2	4:8217614-8223839|4:8242710-8255222
4	8223839	8239403	circular_RNA/2	1	-	8223839	8223839	0,0,0	4	81,230,115,185	0,3074,5052,15379	2	circRNA	ENSRNOT00000076583	ENSRNOT00000076583	5,4,3,2	4:8217614-8223839|4:8239403-8255222
4	10687757	10694249	circular_RNA/1	1	+	10687757	10687757	0,0,0	4	956,69,68,31	0,4674,5306,6461	1	circRNA	ENSRNOT00000017907	ENSRNOT00000017907	13,14,15,16	4:10684963-10687757|4:10694249-10696490
4	11044325	11152065	circular_RNA/1	0	-	11044325	11044325	0,0,0	10	89,139,144,196,178,186,249,193,92,42	0,9694,53920,55366,61386,63513,88487,95999,101858,107698	1	circRNA	ENSRNOT00000066643	ENSRNOT00000066643	20,19,18,17,16,15,14,13,12,11	4:10996162-11044325|4:11152065-11161057
4	11132812	11227291	circular_RNA/1	1	-	11132812	11132812	0,0,0	7	249,193,92,42,190,32,639	0,7512,13371,19211,28245,34168,93840	1	circRNA	ENSRNOT00000066643	ENSRNOT00000066643	14,13,12,11,10,9,8	4:11108024-11132812|4:11227291-11308598
4	15748952	15780820	circular_RNA/2	0	-	15748952	15748952	0,0,0	11	62,72,72,75,75,78,90,50,79,105,159	0,4780,6507,11758,12668,14476,17157,18471,19333,29952,31709	2	circRNA	ENSRNOT00000042914	ENSRNOT00000042914	21,20,19,18,17,16,15,14,13,12,11	4:15742486-15748952|4:15780820-15808699
4	16574715	16608452	circular_RNA/1	0	-	16574715	16574715	0,0,0	4	126,91,137,2188	0,22065,26957,31549	1	circRNA	ENSRNOT00000093412	ENSRNOT00000093412	9,8,7,6	4:16552612-16574715|4:16608452-16647212
4	17032160	17053486	circular_RNA/2	1	-	17032160	17032160	0,0,0	2	1463,1459	0,19867	2	circRNA	ENSRNOT00000093412	ENSRNOT00000093412	3,2	4:16669365-17032160|4:17053486-17058517
4	17032160	17033623	circular_RNA/5	0	-	17032160	17032160	0,0,0	1	1463	0	5	circRNA	ENSRNOT00000093412	ENSRNOT00000093412	3	4:16669365-17032160|4:17033623-17052027
4	27509135	27563899	circular_RNA/1	0	+	27509135	27509135	0,0,0	9	273,301,183,118,209,89,145,167,89	0,3425,15568,28665,40039,41483,44745,48595,54675	1	circRNA	ENSRNOT00000007940	ENSRNOT00000007940	2,3,4,5,6,7,8,9,10	4:27473706-27509135|4:27563899-27573803
4	30159754	30198862	circular_RNA/1	1	+	30159754	30159754	0,0,0	6	136,156,54,230,97,172	0,22627,34631,37220,38746,38936	1	circRNA	ENSRNOT00000011756	ENSRNOT00000011756	5,6,7,8,9,10	4:30150595-30159754|4:30198862-30215869
4	30182381	30198862	circular_RNA/1	1	+	30182381	30182381	0,0,0	5	156,54,230,97,172	0,12004,14593,16119,16309	1	circRNA	ENSRNOT00000011756	ENSRNOT00000011756	6,7,8,9,10	4:30159890-30182381|4:30198862-30215869
4	33929478	33934304	circular_RNA/1	1	+	33929478	33929478	0,0,0	2	237,668	0,4158	1	circRNA	ENSRNOT00000078680	ENSRNOT00000078680	2,3	4:33890721-33929478|4:33934304-33938515
4	38263239	38264003	circular_RNA/1	1	+	38263239	38263239	0,0,0	1	764	0	1	circRNA	ENSRNOT00000047029	ENSRNOT00000047029	6	4:38256132-38263239|4:38264003-38271536
4	65875764	65897296	circular_RNA/1	0	-	65875764	65875764	0,0,0	8	185,178,149,60,184,128,178,89	0,4997,8670,9929,11815,14339,20349,21443	1	circRNA	ENSRNOT00000040391	ENSRNOT00000040391	10,9,8,7,6,5,4,3	4:65865129-65875764|4:65897296-65900620
4	66172554	66219277	circular_RNA/1	1	+	66172554	66172554	0,0,0	14	93,102,138,104,490,71,130,119,114,144,51,43,51,1545	0,8308,21176,22681,23235,28012,34935,37141,37850,38449,39491,41988,44092,45178	1	circRNA	ENSRNOT00000064175	ENSRNOT00000064175	2,3,4,5,6,7,8,9,10,11,12,13,14,15	4:66166514-66172554|4:66219277-66226187
4	82783678	82831256	circular_RNA/1	1	+	82783678	82783678	0,0,0	16	169,103,188,159,149,91,186,225,147,127,104,126,72,175,143,83	0,5675,10203,14227,17821,18054,20508,23635,24463,26007,28625,32629,33176,36712,37364,47495	1	circRNA	ENSRNOT00000011371	ENSRNOT00000011371	2,3,4,5,6,7,8,9,10,11,12,13,14,15,16,17	4:82776822-82783678|4:82831256-82832010
4	88610655	88627387	circular_RNA/1	0	-	88610655	88610655	0,0,0	9	64,167,144,141,105,90,102,155,190	0,1492,3315,5707,7580,9014,13778,14141,16542	1	circRNA	ENSRNOT00000058626	ENSRNOT00000058626	20,19,18,17,16,15,14,13,12	4:88610344-88610655|4:88627387-88628123
4	115104273	115142108	circular_RNA/1	1	-	115104273	115104273	0,0,0	2	2155,57	0,37778	1	circRNA	ENSRNOT00000015296	ENSRNOT00000015296	4,3	4:115085477-115104273|4:115142108-115155633
4	115104273	115106428	circular_RNA/4	0	-	115104273	115104273	0,0,0	1	2155	0	4	circRNA	ENSRNOT00000015296	ENSRNOT00000015296	4	4:115085477-115104273|4:115106428-115142051
4	115624886	115650531	circular_RNA/2	1	+	115624886	115624886	0,0,0	10	1513,62,39,170,275,147,123,56,53,51	0,6309,11674,13217,14782,16552,18254,24114,24340,25594	2	circRNA	ENSRNOT00000019617	ENSRNOT00000019617	2,3,4,5,6,7,8,9,10,11	4:115601783-115624886|4:115650531-115652312
4	131439625	131453028	circular_RNA/2	1	-	131439625	131439625	0,0,0	4	205,160,90,138	0,6608,12122,13265	2	circRNA	ENSRNOT00000013271	ENSRNOT00000013271	7,6,5,4	4:131415509-131439625|4:131453028-131511427
4	174713933	174733400	circular_RNA/1	1	+	174713933	174713933	0,0,0	6	116,18,468,463,84,120	0,404,6758,14051,16125,19347	1	circRNA	ENSRNOT00000042291	ENSRNOT00000042291	9,10,11,12,13,14	4:174710681-174713933|4:174733400-174734162
4	174720691	174730142	circular_RNA/1	1	+	174720691	174720691	0,0,0	3	468,463,84	0,7293,9367	1	circRNA	ENSRNOT00000042291	ENSRNOT00000042291	11,12,13	4:174714355-174720691|4:174730142-174733280
8	508993	509712	circular_RNA/3	1	+	508993	508993	0,0,0	1	719	0	3	circRNA	ENSRNOT00000046058	ENSRNOT00000046058	4	8:456940-508993|8:509712-759957
8	6261457	6292112	circular_RNA/1	0	-	6261457	6261457	0,0,0	7	198,73,113,2092,199,97,146	0,6133,8951,15016,18046,26725,30509	1	circRNA	ENSRNOT00000029887	ENSRNOT00000029887	9,8,7,6,5,4,3	8:6258722-6261457|8:6292112-6300462
8	7874227	7953107	circular_RNA/1	0	-	7874227	7874227	0,0,0	5	150,159,121,176,128	0,4757,31872,76838,78752	1	circRNA	ENSRNOT00000009418	ENSRNOT00000009418	17,16,15,14,13	8:7859923-7874227|8:7953107-8087412
8	23832972	23884848	circular_RNA/1	1	+	23832972	23832972	0,0,0	9	179,77,54,103,105,141,96,173,153	0,9198,13936,18946,21437,31637,35437,45292,51723	1	circRNA	ENSRNOT00000020481	ENSRNOT00000020481	5,6,7,8,9,10,11,12,13	8:23787900-23832972|8:23884848-23985278
8	32302487	32317021	circular_RNA/1	0	-	32302487	32302487	0,0,0	9	86,36,153,100,129,159,75,131,168	0,2626,4140,4926,8458,8921,10445,11606,14366	1	circRNA	ENSRNOT00000070818	ENSRNOT00000070818	14,13,12,11,10,9,8,7,6	8:32301702-32302487|8:32317021-32317995
8	33279133	33335423	circular_RNA/4	1	+	33279133	33279133	0,0,0	7	85,87,138,93,123,78,82	0,17325,33187,35742,36983,38498,56208	4	circRNA	ENSRNOT00000011589	ENSRNOT00000011589	5,6,7,8,9,10,11	8:33278802-33279133|8:33335423-33368676
8	33312320	33335423	circular_RNA/1	1	+	33312320	33312320	0,0,0	5	138,93,123,78,82	0,2555,3796,5311,23021	1	circRNA	ENSRNOT00000011589	ENSRNOT00000011589	7,8,9,10,11	8:33296545-33312320|8:33335423-33368676
8	39378890	39392774	circular_RNA/1	0	-	39378890	39378890	0,0,0	4	120,98,130,189	0,887,1448,13695	1	circRNA	ENSRNOT00000076232	ENSRNOT00000076232	10,9,8,7	8:39365907-39378890|8:39392774-39404622
8	57707454	57797597	circular_RNA/2	0	-	57707454	57707454	0,0,0	6	57,162,120,469,89,88	0,8507,11532,84418,87679,90055	2	circRNA	ENSRNOT00000017683	ENSRNOT00000017683	16,15,14,13,12,11	8:57684268-57707454|8:57797597-57800975
8	58052647	58108525	circular_RNA/1	1	-	58052647	58052647	0,0,0	35	156,88,178,177,142,172,96,133,165,172,200,127,116,247,170,174,121,131,76,156,83,200,196,90,126,126,226,96,195,372,167,164,239,166,165	0,4126,6601,7955,9720,13210,14823,15606,16699,17336,20542,21365,22630,23365,24921,26284,27574,29228,29476,30741,30993,32784,33661,36048,37159,39433,41066,42661,44510,45477,47954,49269,51085,53397,55713	1	circRNA	ENSRNOT00000086812	ENSRNOT00000086812	39,38,37,36,35,34,33,32,31,30,29,28,27,26,25,24,23,22,21,20,19,18,17,16,15,14,13,12,11,10,9,8,7,6,5	8:58048921-58052647|8:58108525-58114302
8	60386838	60469630	circular_RNA/1	1	-	60386838	60386838	0,0,0	10	127,66,137,108,153,82,143,156,141,112	0,16608,21894,54658,55295,56786,65249,66449,73673,82680	1	circRNA	ENSRNOT00000009169	ENSRNOT00000009169	22,21,20,19,18,17,16,15,14,13	8:60260404-60386838|8:60469630-60469847
8	64610880	64624646	circular_RNA/1	1	+	64610880	64610880	0,0,0	5	911,95,63,100,57	0,3944,8092,12063,13709	1	circRNA	ENSRNOT00000083558	ENSRNOT00000083558	2,3,4,5,6	8:64573579-64610880|8:64624646-64635063
8	67801799	67812158	circular_RNA/1	0	-	67801799	67801799	0,0,0	5	106,135,91,48,85	0,7080,7999,10016,10274	1	circRNA	ENSRNOT00000066009	ENSRNOT00000066009	7,6,5,4,3	8:67791524-67801799|8:67812158-67841242
8	72087672	72094515	circular_RNA/2	0	+	72087672	72087672	0,0,0	4	174,115,121,172	0,4210,4414,6671	2	circRNA	ENSRNOT00000089336	ENSRNOT00000089336	19,20,21,22	8:72084627-72087672|8:72094515-72097845
8	72108885	72124957	circular_RNA/1	1	+	72108885	72108885	0,0,0	8	269,216,121,238,188,156,107,111	0,7304,7743,8079,8422,13644,15351,15961	1	circRNA	ENSRNOT00000089336	ENSRNOT00000089336	26,27,28,29,30,31,32,33	8:72100899-72108885|8:72124957-72126969
8	78908445	78910847	circular_RNA/1	1	+	78908445	78908445	0,0,0	3	135,308,141	0,1835,2261	1	circRNA	ENSRNOT00000089335	ENSRNOT00000089335	14,15,16	8:78902225-78908445|8:78910847-78921275
8	84434783	84496011	circular_RNA/7	0	-	84434783	84434783	0,0,0	7	129,45,45,60,66,72,1467	0,8832,18500,26348,26697,47845,59761	7	circRNA	ENSRNOT00000076213	ENSRNOT00000076213	9,8,7,6,5,4,3	None|8:84496011-84505935
8	84434783	84496086	circular_RNA/4	0	-	84434783	84434783	0,0,0	7	129,45,45,60,66,72,1542	0,8832,18500,26348,26697,47845,59761	4	circRNA	ENSRNOT00000076942	ENSRNOT00000076942	9,8,7,6,5,4,3	None|8:84496086-84505935
8	84443615	84496011	circular_RNA/5	0	-	84443615	84443615	0,0,0	6	45,45,60,66,72,1467	0,9668,17516,17865,39013,50929	5	circRNA	ENSRNOT00000076213	ENSRNOT00000076213	8,7,6,5,4,3	8:84434912-84443615|8:84496011-84505935
8	84443615	84496086	circular_RNA/1	0	-	84443615	84443615	0,0,0	6	45,45,60,66,72,1542	0,9668,17516,17865,39013,50929	1	circRNA	ENSRNOT00000076942	ENSRNOT00000076942	8,7,6,5,4,3	8:84434912-84443615|8:84496086-84505935
8	84453283	84496086	circular_RNA/1	0	-	84453283	84453283	0,0,0	5	45,60,66,72,1542	0,7848,8197,29345,41261	1	circRNA	ENSRNOT00000076942	ENSRNOT00000076942	7,6,5,4,3	8:84443660-84453283|8:84496086-84505935
8	84461131	84496011	circular_RNA/1	0	-	84461131	84461131	0,0,0	4	60,66,72,1467	0,349,21497,33413	1	circRNA	ENSRNOT00000076213	ENSRNOT00000076213	6,5,4,3	8:84453328-84461131|8:84496011-84505935
8	84482628	84496011	circular_RNA/2	0	-	84482628	84482628	0,0,0	2	72,1467	0,11916	2	circRNA	ENSRNOT00000076213	ENSRNOT00000076213	4,3	8:84461546-84482628|8:84496011-84505935
8	87510422	87525668	circular_RNA/1	1	+	87510422	87510422	0,0,0	5	146,105,21,71,143	0,1038,5767,10643,15103	1	circRNA	ENSRNOT00000015741	ENSRNOT00000015741	4,5,6,7,8	8:87506039-87510422|8:87525668-87528862
8	87510422	87537701	circular_RNA/2	0	+	87510422	87510422	0,0,0	8	146,105,21,71,143,388,230,165	0,1038,5767,10643,15103,18440,21010,27114	2	circRNA	ENSRNOT00000015741	ENSRNOT00000015741	4,5,6,7,8,9,10,11	8:87506039-87510422|8:87537701-87539806
8	87525525	87531662	circular_RNA/1	1	+	87525525	87525525	0,0,0	3	143,388,230	0,3337,5907	1	circRNA	ENSRNOT00000015741	ENSRNOT00000015741	8,9,10	8:87521136-87525525|8:87531662-87537536
8	94494265	94528582	circular_RNA/1	1	-	94494265	94494265	0,0,0	7	28,71,42,107,112,94,103	0,6395,12288,15480,31512,33091,34214	1	circRNA	ENSRNOT00000084437	ENSRNOT00000084437	11,10,9,8,7,6,5	8:94489512-94494265|8:94528582-94529643
8	109243252	109288160	circular_RNA/1	0	+	109243252	109243252	0,0,0	8	118,104,93,90,204,71,88,81	0,7212,9670,9858,10089,11441,19819,44827	1	circRNA	ENSRNOT00000079618	ENSRNOT00000079618	15,16,17,18,19,20,21,22	8:109230393-109243252|8:109288160-109302671
8	111711644	111712363	circular_RNA/2	1	-	111711644	111711644	0,0,0	1	719	0	2	ciRNA	ENSRNOT00000012725	ENSRNOT00000012725	8	8:111711603-111712363
8	118616527	118620855	circular_RNA/1	1	+	118616527	118616527	0,0,0	6	158,221,106,173,127,113	0,772,1175,1758,2253,4215	1	circRNA	ENSRNOT00000028295	ENSRNOT00000028295	5,6,7,8,9,10	8:118606356-118616527|8:118620855-118621861
8	123340908	123344508	circular_RNA/1	1	-	123340908	123340908	0,0,0	2	288,109	0,3491	1	circRNA	ENSRNOT00000077792	ENSRNOT00000077792	3,2	8:123330132-123340908|8:123344508-123349551
8	130762664	130768360	circular_RNA/4	1	+	130762664	130762664	0,0,0	2	51,696	0,5000	4	circRNA	ENSRNOT00000079273	ENSRNOT00000079273	2,3	8:130749952-130762664|8:130768360-130792977
8	132062784	132076870	circular_RNA/1	1	+	132062784	132062784	0,0,0	9	210,126,123,124,77,210,178,142,142	0,1428,1693,6550,8060,8357,9831,13122,13944	1	circRNA	ENSRNOT00000089278	ENSRNOT00000089278	8,9,10,11,12,13,14,15,16	8:132057738-132062784|8:132076870-132078258
7	30388395	30394054	circular_RNA/1	1	-	30388395	30388395	0,0,0	7	79,99,57,136,124,69,118	0,163,1038,1205,2316,4158,5541	1	circRNA	ENSRNOT00000010414	ENSRNOT00000010414	8,7,6,5,4,3,2	7:30382673-30388395|7:30394054-30397798
7	30708030	30735182	circular_RNA/1	0	+	30708030	30708030	0,0,0	10	71,16,18,24,28,297,76,102,117,167	0,1370,2700,3147,4648,6475,19447,20633,23570,26985	1	circRNA	ENSRNOT00000059269	ENSRNOT00000059269	2,3,4,5,6,7,8,9,10,11	7:30699558-30708030|7:30735182-30824947
7	30714505	30825091	circular_RNA/1	1	+	30714505	30714505	0,0,0	6	297,76,102,117,167,144	0,12972,14158,17095,20510,110442	1	circRNA	ENSRNOT00000059269	ENSRNOT00000059269	7,8,9,10,11,12	7:30712706-30714505|7:30825091-30929782
7	37119217	37124427	circular_RNA/1	1	+	37119217	37119217	0,0,0	6	128,55,66,40,114,122	0,724,869,3514,4409,5088	1	circRNA	ENSRNOT00000087297	ENSRNOT00000087297	4,5,6,7,8,9	7:37106621-37119217|7:37124427-37125507
7	50218838	50436526	circular_RNA/1	0	-	50218838	50218838	0,0,0	6	168,168,123,185,180,62	0,3132,7944,13664,59826,217626	1	circRNA	ENSRNOT00000048880	ENSRNOT00000048880	8,7,6,5,4,3	7:50173810-50218838|7:50436526-50518923
7	52377076	52380182	circular_RNA/1	0	-	52377076	52377076	0,0,0	2	184,73	0,3033	1	circRNA	ENSRNOT00000082100	ENSRNOT00000082100	4,3	7:52362674-52377076|7:52380182-52404024
7	60397573	60408823	circular_RNA/1	1	-	60397573	60397573	0,0,0	8	190,154,116,505,174,146,104,210	0,2957,4208,4621,5790,6751,9434,11040	1	circRNA	ENSRNOT00000008193	ENSRNOT00000008193	9,8,7,6,5,4,3,2	7:60391158-60397573|7:60408823-60416827
7	73834043	73848871	circular_RNA/1	0	-	73834043	73834043	0,0,0	3	115,129,81	0,12598,14747	1	circRNA	ENSRNOT00000065722	ENSRNOT00000065722	4,3,2	7:73808864-73834043|7:73848871-73883595
7	78404131	78520474	circular_RNA/1	1	+	78404131	78404131	0,0,0	10	69,157,111,66,180,110,42,101,173,242	0,9786,11103,17511,28695,29729,49602,58156,78122,116101	1	circRNA	ENSRNOT00000050753	ENSRNOT00000050753	15,16,17,18,19,20,21,22,23,24	7:78375555-78404131|7:78520474-78574168
7	78421642	78520474	circular_RNA/1	1	+	78421642	78421642	0,0,0	7	66,180,110,42,101,173,242	0,11184,12218,32091,40645,60611,98590	1	circRNA	ENSRNOT00000050753	ENSRNOT00000050753	18,19,20,21,22,23,24	7:78415345-78421642|7:78520474-78574168
7	78432826	78520474	circular_RNA/1	1	+	78432826	78432826	0,0,0	6	180,110,42,101,173,242	0,1034,20907,29461,49427,87406	1	circRNA	ENSRNOT00000050753	ENSRNOT00000050753	19,20,21,22,23,24	7:78421708-78432826|7:78520474-78574168
7	78462287	78520474	circular_RNA/1	1	+	78462287	78462287	0,0,0	3	101,173,242	0,19966,57945	1	circRNA	ENSRNOT00000050753	ENSRNOT00000050753	22,23,24	7:78453775-78462287|7:78520474-78574168
7	87423150	87572022	circular_RNA/1	1	-	87423150	87423150	0,0,0	5	122,125,88,78,300	0,72468,120101,125507,148572	1	circRNA	ENSRNOT00000092909	ENSRNOT00000092909	10,9,8,7,6	7:87392335-87423150|7:87572022-87618791
7	110105482	110121093	circular_RNA/1	0	+	110105482	110105482	0,0,0	4	117,147,140,196	0,4205,11327,15415	1	circRNA	ENSRNOT00000012753	ENSRNOT00000012753	3,4,5,6	7:110087252-110105482|7:110121093-110142550
7	117560278	117564554	circular_RNA/1	1	+	117560278	117560278	0,0,0	11	109,137,125,76,62,97,137,270,106,66,70	0,481,823,1577,1726,1910,2112,2382,3887,4070,4206	1	circRNA	ENSRNOT00000050108	ENSRNOT00000050108	2,3,4,5,6,7,8,9,10,11,12	7:117538837-117560278|7:117564554-117564633
7	123709340	123715127	circular_RNA/5	1	-	123709340	123709340	0,0,0	1	5787	0	5	circRNA	ENSRNOT00000012699	ENSRNOT00000012699	2	7:123685161-123709340|7:123715127-123767649
X	1332961	1335542	circular_RNA/1	1	+	1332961	1332961	0,0,0	4	58,92,157,90	0,148,1473,2491	1	circRNA	ENSRNOT00000014250	ENSRNOT00000014250	2,3,4,5	X:1321789-1332961|X:1335542-1373502
X	10969708	11009475	circular_RNA/1	0	+	10969708	10969708	0,0,0	9	27,106,174,130,129,108,133,151,112	0,29817,34850,35838,36412,36811,37654,38528,39655	1	circRNA	ENSRNOT00000093176	ENSRNOT00000093176	2,3,4,5,6,7,8,9,10	X:10964419-10969708|X:11009475-11025895
X	20351429	20366886	circular_RNA/1	0	+	20351429	20351429	0,0,0	4	652,173,221,158	0,11689,13626,15299	1	circRNA	ENSRNOT00000082177	ENSRNOT00000082177	2,3,4,5	X:20317020-20351429|X:20366886-20384981
X	21088269	21095063	circular_RNA/2	1	+	21088269	21088269	0,0,0	5	86,109,161,142,187	0,427,3403,5013,6607	2	circRNA	ENSRNOT00000045708	ENSRNOT00000045708	3,4,5,6,7	X:21070233-21088269|X:21095063-21096704
X	29581743	29588435	circular_RNA/6	1	+	29581743	29581743	0,0,0	6	120,74,92,190,131,112	0,1399,2759,4625,5849,6580	6	circRNA	ENSRNOT00000006074	ENSRNOT00000006074	10,11,12,13,14,15	X:29579205-29581743|X:29588435-29591399
X	33631648	33642345	circular_RNA/1	1	+	33631648	33631648	0,0,0	5	171,195,120,75,93	0,3049,6419,7516,10604	1	circRNA	ENSRNOT00000006843	ENSRNOT00000006843	4,5,6,7,8	X:33622917-33631648|X:33642345-33644780
X	33952482	34037071	circular_RNA/1	0	+	33952482	33952482	0,0,0	5	46,137,62,84,146	0,3447,39323,82183,84443	1	circRNA	ENSRNOT00000090041	ENSRNOT00000090041	13,14,15,16,17	X:33947806-33952482|X:34037071-34050004
X	39860824	39885483	circular_RNA/2	0	+	39860824	39860824	0,0,0	4	134,212,90,215	0,3310,22893,24444	2	circRNA	ENSRNOT00000080512	ENSRNOT00000080512	10,11,12,13	X:39850968-39860824|X:39885483-39907521
X	39907521	39922596	circular_RNA/2	0	+	39907521	39907521	0,0,0	7	49,173,74,72,68,101,541	0,336,3311,4064,9634,13335,14534	2	circRNA	ENSRNOT00000080512	ENSRNOT00000080512	14,15,16,17,18,19,20	X:39885483-39907521|X:39922596-39940949
X	56083434	56257934	circular_RNA/1	0	-	56083434	56083434	0,0,0	3	154,187,280	0,3629,174220	1	circRNA	ENSRNOT00000076283	ENSRNOT00000076283	4,3,2	X:55765975-56083434|X:56257934-56765804
X	62537348	62570599	circular_RNA/3	0	-	62537348	62537348	0,0,0	8	132,179,175,132,133,206,93,33	0,1854,14068,19324,25563,30197,32396,33218	3	circRNA	ENSRNOT00000075997	ENSRNOT00000075997	20,19,18,17,16,15,14,13	X:62491753-62537348|X:62570599-62636485
X	76870608	76881868	circular_RNA/1	0	-	76870608	76870608	0,0,0	9	178,147,110,142,222,103,94,174,137	0,315,1108,1999,6025,6939,7891,10546,11123	1	circRNA	ENSRNOT00000091284	ENSRNOT00000091284	19,18,17,16,15,14,13,12,11	X:76865256-76870608|X:76881868-76892397
X	84748308	84768464	circular_RNA/2	0	-	84748308	84748308	0,0,0	6	226,121,117,379,125,64	0,1785,2456,5023,18698,20092	2	circRNA	ENSRNOT00000000174	ENSRNOT00000000174	8,7,6,5,4,3	X:84714373-84748308|X:84768464-84796550
X	114972098	114999004	circular_RNA/1	1	+	114972098	114972098	0,0,0	6	101,154,38,132,166,64	0,5454,6436,17761,19993,26842	1	circRNA	ENSRNOT00000006459	ENSRNOT00000006459	3,4,5,6,7,8	X:114956429-114972098|X:114999004-115017926
X	114972098	114992257	circular_RNA/1	0	+	114972098	114972098	0,0,0	5	101,154,38,132,166	0,5454,6436,17761,19993	1	circRNA	ENSRNOT00000006459	ENSRNOT00000006459	3,4,5,6,7	X:114956429-114972098|X:114992257-114998940
X	123718251	123720910	circular_RNA/2	0	-	123718251	123718251	0,0,0	2	161,183	0,2476	2	circRNA	ENSRNOT00000032618	ENSRNOT00000032618	8,7	X:123717432-123718251|X:123720910-123721314
X	128202171	128243164	circular_RNA/1	0	-	128202171	128202171	0,0,0	17	97,81,94,85,102,131,42,196,173,156,93,167,134,122,71,52,92	0,1540,2004,3003,8782,8979,9540,19500,20825,21719,23104,27010,30858,31734,32875,38952,40901	1	circRNA	ENSRNOT00000009755	ENSRNOT00000009755	19,18,17,16,15,14,13,12,11,10,9,8,7,6,5,4,3	X:128198293-128202171|X:128243164-128251312
X	134649466	134713998	circular_RNA/1	0	-	134649466	134649466	0,0,0	22	111,213,119,133,123,114,111,120,149,133,153,122,227,110,69,132,156,180,101,101,167,87	0,12484,12809,15741,18182,27241,27610,35899,38050,38968,40850,44505,48316,49149,53279,54067,55298,57145,60366,60572,60985,64445	1	circRNA	ENSRNOT00000068478	ENSRNOT00000068478	23,22,21,20,19,18,17,16,15,14,13,12,11,10,9,8,7,6,5,4,3,2	X:134648420-134649466|X:134713998-134718798
X	134676707	134713998	circular_RNA/1	0	-	134676707	134676707	0,0,0	17	114,111,120,149,133,153,122,227,110,69,132,156,180,101,101,167,87	0,369,8658,10809,11727,13609,17264,21075,21908,26038,26826,28057,29904,33125,33331,33744,37204	1	circRNA	ENSRNOT00000068478	ENSRNOT00000068478	18,17,16,15,14,13,12,11,10,9,8,7,6,5,4,3,2	X:134667771-134676707|X:134713998-134718798
X	153866969	153878809	circular_RNA/1	0	-	153866969	153866969	0,0,0	2	861,133	0,11707	1	circRNA	ENSRNOT00000087617	ENSRNOT00000087617	3,2	X:153726002-153866969|X:153878809-154050664
18	1286718	1294081	circular_RNA/1	0	-	1286718	1286718	0,0,0	5	189,89,94,166,95	0,2838,3972,5968,7268	1	circRNA	ENSRNOT00000061777	ENSRNOT00000061777	26,25,24,23,22	18:1285720-1286718|18:1294081-1295022
18	6218153	6233603	circular_RNA/2	0	+	6218153	6218153	0,0,0	6	146,108,162,123,90,603	0,2023,7762,8012,11902,14847	2	circRNA	ENSRNOT00000037955	ENSRNOT00000037955	2,3,4,5,6,7	18:6207563-6218153|18:6233603-6249296
18	24429847	24436662	circular_RNA/1	1	+	24429847	24429847	0,0,0	5	236,159,112,125,125	0,1110,2679,3776,6690	1	circRNA	ENSRNOT00000022761	ENSRNOT00000022761	3,4,5,6,7	18:24421566-24429847|18:24436662-24448522
18	31992038	32094303	circular_RNA/1	0	-	31992038	31992038	0,0,0	11	37,79,95,101,130,105,111,102,72,62,96	0,55853,72492,77578,79328,80795,86696,88201,96853,100341,102169	1	circRNA	ENSRNOT00000090882	ENSRNOT00000090882	12,11,10,9,8,7,6,5,4,3,2	18:31969734-31992038|18:32094303-32207327
18	32047891	32072938	circular_RNA/1	0	-	32047891	32047891	0,0,0	5	79,95,101,130,105	0,16639,21725,23475,24942	1	circRNA	ENSRNOT00000090882	ENSRNOT00000090882	11,10,9,8,7	18:31992075-32047891|18:32072938-32078734
18	32047891	32094303	circular_RNA/2	0	-	32047891	32047891	0,0,0	10	79,95,101,130,105,111,102,72,62,96	0,16639,21725,23475,24942,30843,32348,41000,44488,46316	2	circRNA	ENSRNOT00000090882	ENSRNOT00000090882	11,10,9,8,7,6,5,4,3,2	18:31992075-32047891|18:32094303-32207327
18	32064530	32094303	circular_RNA/1	0	-	32064530	32064530	0,0,0	9	95,101,130,105,111,102,72,62,96	0,5086,6836,8303,14204,15709,24361,27849,29677	1	circRNA	ENSRNOT00000090882	ENSRNOT00000090882	10,9,8,7,6,5,4,3,2	18:32047970-32064530|18:32094303-32207327
18	36454961	36456588	circular_RNA/2	1	+	36454961	36454961	0,0,0	2	92,171	0,1456	2	circRNA	ENSRNOT00000025408	ENSRNOT00000025408	5,6	18:36427690-36454961|18:36456588-36464122
18	36612606	36626620	circular_RNA/2	0	+	36612606	36612606	0,0,0	6	125,92,194,261,294,135	0,6555,7266,8307,9806,13879	2	circRNA	ENSRNOT00000036613	ENSRNOT00000036613	3,4,5,6,7,8	18:36608727-36612606|18:36626620-36634087
18	52935810	52951277	circular_RNA/1	1	+	52935810	52935810	0,0,0	13	76,96,140,111,109,128,85,152,108,124,102,156,100	0,698,1915,2798,4096,6606,6834,8265,10698,11928,12714,14074,15367	1	circRNA	ENSRNOT00000021921	ENSRNOT00000021921	3,4,5,6,7,8,9,10,11,12,13,14,15	18:52934868-52935810|18:52951277-52955298
18	57743426	57755793	circular_RNA/1	1	+	57743426	57743426	0,0,0	2	154,569	0,11798	1	circRNA	ENSRNOT00000025892	ENSRNOT00000025892	4,5	18:57728715-57743426|18:57755793-57778749
18	59190040	59192425	circular_RNA/1	1	+	59190040	59190040	0,0,0	2	770,89	0,2296	1	circRNA	ENSRNOT00000025325	ENSRNOT00000025325	15,16	18:59173106-59190040|18:59192425-59205019
18	61323688	61340634	circular_RNA/1	1	+	61323688	61323688	0,0,0	4	182,177,163,282	0,4839,11847,16664	1	circRNA	ENSRNOT00000082403	ENSRNOT00000082403	3,4,5,6	18:61311205-61323688|18:61340634-61361848
18	65874813	65881519	circular_RNA/1	1	+	65874813	65874813	0,0,0	3	91,178,139	0,1331,6567	1	circRNA	ENSRNOT00000016112	ENSRNOT00000016112	5,6,7	18:65840420-65874813|18:65881519-65884741
18	66581615	66603887	circular_RNA/2	1	-	66581615	66581615	0,0,0	4	117,227,163,66	0,5119,15437,22206	2	circRNA	ENSRNOT00000064947	ENSRNOT00000064947	24,23,22,21	18:66566465-66581615|18:66603887-66622850
18	69634005	69657373	circular_RNA/5	0	-	69634005	69634005	0,0,0	9	169,184,51,117,120,213,30,175,377	0,835,8124,9446,9654,13496,20499,21136,22991	5	circRNA	ENSRNOT00000082484	ENSRNOT00000082484	10,9,8,7,6,5,4,3,2	18:69629556-69634005|18:69657373-69671137
18	69642129	69647714	circular_RNA/1	0	-	69642129	69642129	0,0,0	4	51,117,120,213	0,1322,1530,5372	1	circRNA	ENSRNOT00000082484	ENSRNOT00000082484	8,7,6,5	18:69635024-69642129|18:69647714-69654504
18	71136035	71149287	circular_RNA/2	1	+	71136035	71136035	0,0,0	5	180,179,126,114,95	0,5346,9379,11736,13157	2	circRNA	ENSRNOT00000024950	ENSRNOT00000024950	9,10,11,12,13	18:71104420-71136035|18:71149287-71221089
5	4424815	4469629	circular_RNA/1	0	+	4424815	4424815	0,0,0	5	83,187,140,84,90	0,479,22631,24670,44724	1	circRNA	ENSRNOT00000064946	ENSRNOT00000064946	6,7,8,9,10	5:4408352-4424815|5:4469629-4495025
5	6036275	6074132	circular_RNA/1	1	-	6036275	6036275	0,0,0	8	130,57,129,176,151,170,152,240	0,1370,1697,3682,4820,13099,15856,37617	1	circRNA	ENSRNOT00000072411	ENSRNOT00000072411	10,9,8,7,6,5,4,3	5:6025049-6036275|5:6074132-6082464
5	7832943	7876439	circular_RNA/1	1	-	7832943	7832943	0,0,0	9	145,150,104,134,162,102,105,123,72	0,331,6891,12221,22019,32496,39631,41837,43424	1	circRNA	ENSRNOT00000079917	ENSRNOT00000079917	10,9,8,7,6,5,4,3,2	5:7830590-7832943|5:7876439-7941177
5	14282911	14314250	circular_RNA/1	0	-	14282911	14282911	0,0,0	6	114,102,126,179,193,98	0,4917,12146,14772,22964,31241	1	circRNA	ENSRNOT00000085654	ENSRNOT00000085654	13,12,11,10,9,8	5:14262696-14282911|5:14314250-14330859
5	22717442	22738059	circular_RNA/1	1	-	22717442	22717442	0,0,0	10	45,36,39,33,45,57,33,114,75,93	0,5340,6006,9367,9824,11384,12092,13854,17898,20524	1	circRNA	ENSRNOT00000076426	ENSRNOT00000076426	13,12,11,10,9,8,7,6,5,4	5:22662632-22717442|5:22738059-22761570
5	27392576	27430199	circular_RNA/1	1	+	27392576	27392576	0,0,0	7	90,182,251,86,202,69,191	0,4355,16611,22228,22872,31787,37432	1	circRNA	ENSRNOT00000078102	ENSRNOT00000078102	4,5,6,7,8,9,10	5:27388548-27392576|5:27430199-27438465
5	57543526	57563850	circular_RNA/1	0	-	57543526	57543526	0,0,0	9	40,214,173,272,217,190,68,53,66	0,2281,3788,4539,7097,9491,14161,16660,20258	1	circRNA	ENSRNOT00000080787	ENSRNOT00000080787	18,17,16,15,14,13,12,11,10	5:57541469-57543526|5:57563850-57568249
5	58870932	58873011	circular_RNA/1	1	+	58870932	58870932	0,0,0	1	2079	0	1	circRNA	ENSRNOT00000072869	ENSRNOT00000072869	2	5:58855874-58870932|5:58873011-58877713
5	69929579	69956147	circular_RNA/2	0	-	69929579	69929579	0,0,0	5	177,122,119,142,94	0,2204,21614,22765,26474	2	circRNA	ENSRNOT00000024564	ENSRNOT00000024564	7,6,5,4,3	5:69918926-69929579|5:69956147-69966741
5	74954383	74956829	circular_RNA/1	1	+	74954383	74954383	0,0,0	1	2446	0	1	circRNA	ENSRNOT00000015576	ENSRNOT00000015576	2	5:74942174-74954383|5:74956829-74972092
5	92974695	93050809	circular_RNA/1	0	-	92974695	92974695	0,0,0	16	113,12,161,210,91,260,98,588,118,27,194,306,145,134,582,270	0,4058,9040,15260,20934,34361,35485,36019,42688,46003,49750,50796,53104,57443,71833,75844	1	circRNA	ENSRNOT00000075474	ENSRNOT00000075474	24,23,22,21,20,19,18,17,16,15,14,13,12,11,10,9	5:92962848-92974695|5:93050809-93053622
5	101648418	101663967	circular_RNA/2	1	+	101648418	101648418	0,0,0	5	144,136,175,191,132	0,4682,7934,12324,15417	2	circRNA	ENSRNOT00000076825	ENSRNOT00000076825	2,3,4,5,6	5:101639595-101648418|None
5	106109623	106121498	circular_RNA/1	0	-	106109623	106109623	0,0,0	5	72,72,100,130,76	0,1364,7210,9771,11799	1	circRNA	ENSRNOT00000015094	ENSRNOT00000015094	8,7,6,5,4	5:106103737-106109623|5:106121498-106171073
5	106171073	106171781	circular_RNA/15	1	-	106171073	106171073	0,0,0	1	708	0	15	circRNA	ENSRNOT00000015094	ENSRNOT00000015094	3	5:106121498-106171073|5:106171781-106202419
5	106171073	106202563	circular_RNA/2	1	-	106171073	106171073	0,0,0	2	708,144	0,31346	2	circRNA	ENSRNOT00000015094	ENSRNOT00000015094	3,2	5:106121498-106171073|5:106202563-106206318
5	113924545	113931291	circular_RNA/2	0	-	113924545	113924545	0,0,0	4	719,99,79,24	0,2877,5229,6722	2	circRNA	ENSRNOT00000039554	ENSRNOT00000039554	8,7,6,5	5:113921154-113924545|5:113931291-113931378
5	122580013	122593611	circular_RNA/1	0	-	122580013	122580013	0,0,0	4	152,87,224,195	0,1891,5904,13403	1	circRNA	ENSRNOT00000046691	ENSRNOT00000046691	11,10,9,8	5:122569908-122580013|5:122593611-122605824
5	126989721	127003880	circular_RNA/1	1	+	126989721	126989721	0,0,0	10	52,136,93,82,156,240,116,51,64,101	0,1338,2896,4824,7442,8208,8533,11299,13301,14058	1	circRNA	ENSRNOT00000014275	ENSRNOT00000014275	7,8,9,10,11,12,13,14,15,16	5:126988766-126989721|5:127003880-127017679
5	128714470	128718860	circular_RNA/1	0	-	128714470	128714470	0,0,0	3	160,105,91	0,3235,4299	1	circRNA	ENSRNOT00000089441	ENSRNOT00000089441	5,4,3	5:128705550-128714470|5:128718860-128723557
5	128964318	129000517	circular_RNA/2	0	+	128964318	128964318	0,0,0	8	90,146,157,86,73,162,198,201	0,938,2817,8656,22911,33295,33807,35998	2	circRNA	ENSRNOT00000064145	ENSRNOT00000064145	9,10,11,12,13,14,15,16	5:128959481-128964318|5:129000517-129003128
5	139037815	139047483	circular_RNA/1	1	+	139037815	139037815	0,0,0	2	5494,134	0,9534	1	circRNA	ENSRNOT00000066774	ENSRNOT00000066774	2,3	5:139007770-139037815|5:139047483-139062456
5	147363510	147368505	circular_RNA/5	1	-	147363510	147363510	0,0,0	4	92,83,791,117	0,1523,3115,4878	5	circRNA	ENSRNOT00000009436	ENSRNOT00000009436	5,4,3,2	5:147340996-147363510|5:147368505-147374889
5	150850431	150865550	circular_RNA/1	1	+	150850431	150850431	0,0,0	5	102,44,80,67,137	0,4730,8641,11796,14982	1	circRNA	ENSRNOT00000082945	ENSRNOT00000082945	2,3,4,5,6	5:150787174-150850431|5:150865550-150872711
5	151944768	151947717	circular_RNA/9	0	-	151944768	151944768	0,0,0	3	117,456,213	0,1378,2736	9	circRNA	ENSRNOT00000009173	ENSRNOT00000009173	4,3,2	5:151921981-151944768|5:151947717-151976770
5	156439763	156463365	circular_RNA/1	1	+	156439763	156439763	0,0,0	6	96,114,180,115,98,123	0,1363,14512,15569,21514,23479	1	circRNA	ENSRNOT00000067631	ENSRNOT00000067631	2,3,4,5,6,7	5:156396775-156439763|5:156463365-156478181
5	156453510	156484234	circular_RNA/1	1	+	156453510	156453510	0,0,0	7	21,180,115,98,123,106,822	0,765,1822,7767,9732,24674,29902	1	circRNA	ENSRNOT00000090232	ENSRNOT00000090232	4,5,6,7,8,9,10	5:156444470-156453510|5:156484234-156506447
5	161794860	161799241	circular_RNA/1	1	-	161794860	161794860	0,0,0	1	4381	0	1	circRNA	ENSRNOT00000041175	ENSRNOT00000041175	8	5:161773899-161794860|5:161799241-161804181
5	167516580	167615430	circular_RNA/1	0	+	167516580	167516580	0,0,0	8	106,97,105,49,125,100,99,81	0,2220,9590,31112,40442,41570,64395,98769	1	circRNA	ENSRNOT00000024443	ENSRNOT00000024443	5,6,7,8,9,10,11,12	5:167486126-167516580|5:167615430-167653675
5	173546986	173551884	circular_RNA/1	1	+	173546986	173546986	0,0,0	3	112,94,76	0,2624,4822	1	circRNA	ENSRNOT00000027347	ENSRNOT00000027347	2,3,4	5:173542478-173546986|5:173551884-173554823
3	2036882	2060164	circular_RNA/1	0	-	2036882	2036882	0,0,0	5	189,137,172,557,67	0,637,14126,20298,23215	1	circRNA	ENSRNOT00000086843	ENSRNOT00000086843	6,5,4,3,2	3:2032401-2036882|3:2060164-2123775
3	8564923	8567770	circular_RNA/2	1	+	8564923	8564923	0,0,0	5	182,244,123,218,93	0,501,911,1226,2754	2	circRNA	ENSRNOT00000045827	ENSRNOT00000045827	16,17,18,19,20	3:8564186-8564923|3:8567770-8568832
3	13510409	13522529	circular_RNA/14	1	+	13510409	13510409	0,0,0	3	328,90,149	0,2878,11971	14	circRNA	ENSRNOT00000023889	ENSRNOT00000023889	2,3,4	3:13485352-13510409|3:13522529-13571652
3	13510409	13602354	circular_RNA/4	1	+	13510409	13510409	0,0,0	6	328,90,149,173,177,110	0,2878,11971,61243,77520,91835	4	circRNA	ENSRNOT00000023889	ENSRNOT00000023889	2,3,4,5,6,7	3:13485352-13510409|3:13602354-13645147
3	13510409	13571825	circular_RNA/2	0	+	13510409	13510409	0,0,0	4	328,90,149,173	0,2878,11971,61243	2	circRNA	ENSRNOT00000023889	ENSRNOT00000023889	2,3,4,5	3:13485352-13510409|3:13571825-13587929
3	21629176	21630876	circular_RNA/1	0	-	21629176	21629176	0,0,0	5	135,82,85,214,147	0,221,552,998,1553	1	circRNA	ENSRNOT00000078718	ENSRNOT00000078718	17,16,15,14,13	3:21628861-21629176|3:21630876-21633921
3	33465219	33473531	circular_RNA/1	1	+	33465219	33465219	0,0,0	3	327,221,1209	0,2469,7103	1	circRNA	ENSRNOT00000034632	ENSRNOT00000034632	5,6,7	3:33452338-33465219|3:33473531-33491315
3	33467688	33491389	circular_RNA/1	0	+	33467688	33467688	0,0,0	3	221,1209,74	0,4634,23627	1	circRNA	ENSRNOT00000034632	ENSRNOT00000034632	6,7,8	3:33465546-33467688|3:33491389-33500924
3	38233587	38254161	circular_RNA/1	0	-	38233587	38233587	0,0,0	12	167,151,55,88,83,95,187,70,147,99,76,85	0,3115,6371,7657,7877,9839,15452,16322,18007,19210,19415,20489	1	circRNA	ENSRNOT00000037857	ENSRNOT00000037857	13,12,11,10,9,8,7,6,5,4,3,2	3:38231044-38233587|3:38254161-38277287
3	45981557	46031057	circular_RNA/1	1	-	45981557	45981557	0,0,0	23	161,156,277,653,145,63,244,75,215,255,141,66,27,45,66,66,62,93,211,109,61,288,601	0,697,1021,1828,7527,8617,10351,12162,13699,14821,16794,21663,22960,23225,24518,26011,31495,31664,35251,44530,45344,46721,48899	1	circRNA	ENSRNOT00000085885	ENSRNOT00000085885	29,28,27,26,25,24,23,22,21,20,19,18,17,16,15,14,13,12,11,10,9,8,7	3:45977629-45981557|3:46031057-46036736
3	48250634	48265721	circular_RNA/1	0	+	48250634	48250634	0,0,0	5	162,252,69,174,123	0,6894,8333,14088,14964	1	circRNA	ENSRNOT00000082775	ENSRNOT00000082775	19,20,21,22,23	3:48248575-48250634|3:48265721-48276239
3	54463197	54519757	circular_RNA/1	0	-	54463197	54463197	0,0,0	7	30,123,66,49,134,102,110	0,123,46743,46925,53778,56020,56450	1	circRNA	ENSRNOT00000037133	ENSRNOT00000037133	12,11,10,9,8,7,6	3:54457969-54463197|3:54519757-54547245
3	54509940	54566332	circular_RNA/1	1	-	54509940	54509940	0,0,0	9	66,49,134,102,110,56,142,109,113	0,182,7035,9277,9707,37305,38476,44446,56279	1	circRNA	ENSRNOT00000037133	ENSRNOT00000037133	10,9,8,7,6,5,4,3,2	3:54463443-54509940|3:54566332-54624770
3	56172537	56181510	circular_RNA/1	1	+	56172537	56172537	0,0,0	5	67,131,229,180,134	0,1159,2730,8128,8839	1	circRNA	ENSRNOT00000011380	ENSRNOT00000011380	6,7,8,9,10	3:56161165-56172537|3:56181510-56188931
3	57327195	57355934	circular_RNA/1	0	-	57327195	57327195	0,0,0	10	170,182,82,98,255,67,189,137,111,93	0,358,2551,3847,9906,15993,20287,24459,24897,28646	1	circRNA	ENSRNOT00000076281	ENSRNOT00000076281	17,16,15,14,13,12,11,10,9,8	3:57326766-57327195|3:57355934-57357268
3	57343188	57363938	circular_RNA/1	0	-	57343188	57343188	0,0,0	9	67,189,137,111,93,90,96,47,76	0,4294,8466,8904,12653,14080,15820,17572,20674	1	circRNA	ENSRNOT00000076281	ENSRNOT00000076281	12,11,10,9,8,7,6,5,4	3:57337356-57343188|3:57363938-57375099
3	59648495	59680308	circular_RNA/2	0	-	59648495	59648495	0,0,0	3	197,193,1360	0,5415,30453	2	circRNA	ENSRNOT00000078752	ENSRNOT00000078752	5,4,3	3:59646331-59648495|3:59680308-59687513
3	59653910	59680308	circular_RNA/4	0	-	59653910	59653910	0,0,0	2	193,1360	0,25038	4	circRNA	ENSRNOT00000078752	ENSRNOT00000078752	4,3	3:59648692-59653910|3:59680308-59687513
3	80670137	80718585	circular_RNA/1	0	+	80670137	80670137	0,0,0	8	254,59,184,173,67,1457,87,180	0,626,1208,2505,4396,5741,43600,48268	1	circRNA	ENSRNOT00000045644	ENSRNOT00000045644	2,3,4,5,6,7,8,9	3:80634715-80670137|3:80718585-80732030
3	94396939	94398038	circular_RNA/1	1	-	94396939	94396939	0,0,0	1	1099	0	1	circRNA	ENSRNOT00000089554	ENSRNOT00000089554	2	3:94369434-94396939|3:94398038-94418580
3	104980954	104984877	circular_RNA/2	1	+	104980954	104980954	0,0,0	8	496,35,157,23,26,21,30,166	0,580,669,1434,1699,1961,2527,3757	2	circRNA	ENSRNOT00000042103	ENSRNOT00000042103	5,6,7,8,9,10,11,12	3:104936645-104980954|3:104984877-105017126
3	111713472	111718759	circular_RNA/1	1	+	111713472	111713472	0,0,0	5	940,79,96,132,105	0,2852,3033,4820,5182	1	circRNA	ENSRNOT00000067865	ENSRNOT00000067865	2,3,4,5,6	3:111700147-111713472|3:111718759-111720122
3	111713472	111732677	circular_RNA/1	1	+	111713472	111713472	0,0,0	11	940,79,96,132,105,668,346,227,183,70,518	0,2852,3033,4820,5182,6650,9261,15063,15856,16555,18687	1	circRNA	ENSRNOT00000067865	ENSRNOT00000067865	2,3,4,5,6,7,8,9,10,11,12	3:111700147-111713472|3:111732677-111735751
3	112699900	112716654	circular_RNA/1	0	-	112699900	112699900	0,0,0	4	217,158,126,66	0,1690,13623,16688	1	circRNA	ENSRNOT00000066181	ENSRNOT00000066181	10,9,8,7	3:112695712-112699900|3:112716654-112722216
3	112722216	112762808	circular_RNA/1	0	-	112722216	112722216	0,0,0	6	105,141,74,148,136,74	0,2568,6683,30285,38065,40518	1	circRNA	ENSRNOT00000090680	ENSRNOT00000090680	7,6,5,4,3,2	3:112716654-112722216|3:112762808-112789177
3	113846734	113862070	circular_RNA/2	0	+	113846734	113846734	0,0,0	7	55,103,91,142,81,99,171	0,2496,4310,7827,8592,13864,15165	2	circRNA	ENSRNOT00000044158	ENSRNOT00000044158	2,3,4,5,6,7,8	3:113819217-113846734|3:113862070-113877006
3	119264195	119265879	circular_RNA/1	0	-	119264195	119264195	0,0,0	3	83,284,66	0,180,1618	1	circRNA	ENSRNOT00000077398	ENSRNOT00000077398	36,35,34	3:119264056-119264195|3:119265879-119265957
3	122130940	122141403	circular_RNA/1	1	+	122130940	122130940	0,0,0	5	360,315,336,114,25	0,4870,5586,7818,10438	1	circRNA	ENSRNOT00000091935	ENSRNOT00000091935	3,4,5,6,7	3:122115068-122130940|3:122141403-122148132
3	128277039	128338080	circular_RNA/2	1	+	128277039	128277039	0,0,0	17	68,97,85,125,155,165,100,105,110,133,54,220,181,77,90,58,87	0,2789,4818,6922,9507,12700,13551,14827,15919,26090,28663,31020,36989,59200,59378,60328,60954	2	circRNA	ENSRNOT00000051184	ENSRNOT00000051184	12,13,14,15,16,17,18,19,20,21,22,23,24,25,26,27,28	3:128272114-128277039|3:128338080-128349749
3	156690909	156699465	circular_RNA/1	1	+	156690909	156690909	0,0,0	5	116,122,123,188,145	0,4464,5464,8002,8411	1	circRNA	ENSRNOT00000086260	ENSRNOT00000086260	7,8,9,10,11	3:156683198-156690909|3:156699465-156707467
3	160472800	160512920	circular_RNA/1	0	+	160472800	160472800	0,0,0	9	81,129,115,165,168,138,129,187,158	0,4956,7614,11492,18507,20385,21544,22253,39962	1	circRNA	ENSRNOT00000066657	ENSRNOT00000066657	2,3,4,5,6,7,8,9,10	3:160467639-160472800|3:160512920-160542669
2	3788614	3948075	circular_RNA/1	0	+	3788614	3788614	0,0,0	11	39,171,131,187,94,103,103,102,75,120,120	0,20598,32601,46021,50968,67387,69191,69621,70189,72123,159341	1	circRNA	ENSRNOT00000093593	ENSRNOT00000093593	6,7,8,9,10,11,12,13,14,15,16	2:3780627-3788614|2:3948075-3977750
2	3809212	3839676	circular_RNA/1	1	+	3809212	3809212	0,0,0	4	171,131,187,94	0,12003,25423,30370	1	circRNA	ENSRNOT00000093593	ENSRNOT00000093593	7,8,9,10	2:3788653-3809212|2:3839676-3856001
2	20507149	20519067	circular_RNA/1	1	+	20507149	20507149	0,0,0	2	73,62	0,11856	1	circRNA	ENSRNOT00000021857	ENSRNOT00000021857	2,3	2:20431521-20507149|2:20519067-20531359
2	20507149	20531444	circular_RNA/3	0	+	20507149	20507149	0,0,0	3	73,62,85	0,11856,24210	3	circRNA	ENSRNOT00000021857	ENSRNOT00000021857	2,3,4	2:20431521-20507149|2:20531444-20626714
2	20649050	20674691	circular_RNA/1	0	+	20649050	20649050	0,0,0	5	60,67,71,68,49	0,15149,15840,20084,25592	1	circRNA	ENSRNOT00000021857	ENSRNOT00000021857	6,7,8,9,10	2:20626804-20649050|2:20674691-20679722
2	22790073	22792220	circular_RNA/1	1	-	22790073	22790073	0,0,0	3	238,90,174	0,1672,1973	1	circRNA	ENSRNOT00000016135	ENSRNOT00000016135	4,3,2	2:22782386-22790073|2:22792220-22797914
2	22950022	22964734	circular_RNA/7	1	+	22950022	22950022	0,0,0	4	157,132,93,140	0,4702,7334,14572	7	circRNA	ENSRNOT00000073871	ENSRNOT00000073871	2,3,4,5	2:22910433-22950022|2:22964734-22997105
2	23399714	23410608	circular_RNA/2	1	+	23399714	23399714	0,0,0	3	187,191,208	0,3767,10686	2	circRNA	ENSRNOT00000014860	ENSRNOT00000014860	2,3,4	2:23385545-23399714|2:23410608-23458471
2	23399714	23458715	circular_RNA/5	1	+	23399714	23399714	0,0,0	4	187,191,208,244	0,3767,10686,58757	5	circRNA	ENSRNOT00000014860	ENSRNOT00000014860	2,3,4,5	2:23385545-23399714|2:23458715-23483916
2	24134221	24161334	circular_RNA/1	0	+	24134221	24134221	0,0,0	7	187,131,145,154,142,73,107	0,1137,5659,8211,11529,20319,27006	1	circRNA	ENSRNOT00000089599	ENSRNOT00000089599	16,17,18,19,20,21,22	2:24126036-24134221|2:24161334-24189343
2	43012574	43046157	circular_RNA/1	1	-	43012574	43012574	0,0,0	10	103,188,168,141,185,60,67,224,124,120	0,3156,4746,5869,7108,14119,15153,19498,19845,33463	1	circRNA	ENSRNOT00000036658	ENSRNOT00000036658	11,10,9,8,7,6,5,4,3,2	2:43003023-43012574|2:43046157-43067732
2	43012574	43027794	circular_RNA/2	0	-	43012574	43012574	0,0,0	7	103,188,168,141,185,60,67	0,3156,4746,5869,7108,14119,15153	2	circRNA	ENSRNOT00000036658	ENSRNOT00000036658	11,10,9,8,7,6,5	2:43003023-43012574|2:43027794-43032072
2	52514221	52531085	circular_RNA/1	0	-	52514221	52514221	0,0,0	4	683,145,102,139	0,6905,15372,16725	1	circRNA	ENSRNOT00000021608	ENSRNOT00000021608	4,3,2,1	2:52507327-52514221|None
2	88402688	88408123	circular_RNA/1	1	-	88402688	88402688	0,0,0	5	149,148,197,201,176	0,841,2516,4960,5259	1	circRNA	ENSRNOT00000014762	ENSRNOT00000014762	9,8,7,6,5	2:88398717-88402688|2:88408123-88410463
2	100696651	100698250	circular_RNA/1	1	+	100696651	100696651	0,0,0	1	1599	0	1	circRNA	ENSRNOT00000067556	ENSRNOT00000067556	4	2:100683782-100696651|2:100698250-100708244
2	113177839	113233581	circular_RNA/1	1	-	113177839	113177839	0,0,0	7	54,139,60,152,59,291,244	0,2812,11934,14634,20115,51726,55498	1	circRNA	ENSRNOT00000034096	ENSRNOT00000034096	10,9,8,7,6,5,4	2:113161033-113177839|2:113233581-113247766
2	113229565	113247843	circular_RNA/1	1	-	113229565	113229565	0,0,0	3	291,244,77	0,3772,18201	1	circRNA	ENSRNOT00000034096	ENSRNOT00000034096	5,4,3	2:113198013-113229565|2:113247843-113322713
2	127662903	127668742	circular_RNA/1	1	+	127662903	127662903	0,0,0	5	99,138,126,108,120	0,1965,4642,5034,5719	1	circRNA	ENSRNOT00000015474	ENSRNOT00000015474	14,15,16,17,18	2:127658608-127662903|2:127668742-127674586
2	128562841	128636642	circular_RNA/4	1	-	128562841	128562841	0,0,0	13	197,193,146,75,72,99,178,92,91,71,66,123,136	0,6453,11779,14347,17614,22542,27570,36253,40092,56232,61764,63524,73665	4	circRNA	ENSRNOT00000019256	ENSRNOT00000019256	18,17,16,15,14,13,12,11,10,9,8,7,6	2:128528306-128562841|2:128636642-128642779
2	128562841	128626488	circular_RNA/3	1	-	128562841	128562841	0,0,0	12	197,193,146,75,72,99,178,92,91,71,66,123	0,6453,11779,14347,17614,22542,27570,36253,40092,56232,61764,63524	3	circRNA	ENSRNOT00000019256	ENSRNOT00000019256	18,17,16,15,14,13,12,11,10,9,8,7	2:128528306-128562841|2:128626488-128636506
2	128562841	128590589	circular_RNA/3	0	-	128562841	128562841	0,0,0	7	197,193,146,75,72,99,178	0,6453,11779,14347,17614,22542,27570	3	circRNA	ENSRNOT00000019256	ENSRNOT00000019256	18,17,16,15,14,13,12	2:128528306-128562841|2:128590589-128599094
2	140516883	140524296	circular_RNA/1	1	+	140516883	140516883	0,0,0	4	129,214,194,109	0,1156,4573,7304	1	circRNA	ENSRNOT00000017379	ENSRNOT00000017379	13,14,15,16	2:140515786-140516883|2:140524296-140526782
2	144876415	144917472	circular_RNA/1	0	+	144876415	144876415	0,0,0	10	85,109,58,120,147,134,78,97,81,114	0,2582,8953,9434,11359,22236,24213,24645,28209,40943	1	circRNA	ENSRNOT00000078337	ENSRNOT00000078337	7,8,9,10,11,12,13,14,15,16	2:144862593-144876415|2:144917472-144922281
2	152807001	152813336	circular_RNA/1	1	-	152807001	152807001	0,0,0	7	88,103,141,82,167,75,80	0,415,782,3125,4537,5149,6255	1	circRNA	ENSRNOT00000019824	ENSRNOT00000019824	12,11,10,9,8,7,6	2:152806113-152807001|2:152813336-152814529
2	157508171	157599383	circular_RNA/1	1	+	157508171	157508171	0,0,0	9	120,176,186,82,78,204,94,165,300	0,1814,13499,44133,52281,54820,72922,87678,90912	1	circRNA	ENSRNOT00000051494	ENSRNOT00000051494	4,5,6,7,8,9,10,11,12	2:157471381-157508171|2:157599383-157619802
2	164620753	164622463	circular_RNA/2	1	+	164620753	164620753	0,0,0	2	138,102	0,1608	2	circRNA	ENSRNOT00000042079	ENSRNOT00000042079	9,10	2:164616072-164620753|2:164622463-164624642
2	188061934	188064840	circular_RNA/2	1	+	188061934	188061934	0,0,0	4	212,61,58,254	0,1307,2366,2652	2	circRNA	ENSRNOT00000027385	ENSRNOT00000027385	6,7,8,9	2:188059148-188061934|2:188064840-188076016
2	188127806	188128630	circular_RNA/2	0	-	188127806	188127806	0,0,0	1	824	0	2	circRNA	ENSRNOT00000027474	ENSRNOT00000027474	2	2:188116435-188127806|2:188128630-188137945
2	188269008	188286112	circular_RNA/10	1	+	188269008	188269008	0,0,0	2	516,4558	0,12546	10	circRNA	ENSRNOT00000027629	ENSRNOT00000027629	2,3	2:188253535-188269008|2:188286112-188301022
2	188269008	188309036	circular_RNA/4	1	+	188269008	188269008	0,0,0	4	516,4558,102,736	0,12546,32014,39292	4	circRNA	ENSRNOT00000027629	ENSRNOT00000027629	2,3,4,5	2:188253535-188269008|2:188309036-188326830
2	188269008	188330330	circular_RNA/1	1	+	188269008	188269008	0,0,0	6	516,4558,102,736,180,95	0,12546,32014,39292,57822,61227	1	circRNA	ENSRNOT00000027629	ENSRNOT00000027629	2,3,4,5,6,7	2:188253535-188269008|2:188330330-188337237
2	188281554	188286112	circular_RNA/1	1	+	188281554	188281554	0,0,0	1	4558	0	1	circRNA	ENSRNOT00000027629	ENSRNOT00000027629	3	2:188269524-188281554|2:188286112-188301022
2	188301022	188330330	circular_RNA/1	1	+	188301022	188301022	0,0,0	4	102,736,180,95	0,7278,25808,29213	1	circRNA	ENSRNOT00000027629	ENSRNOT00000027629	4,5,6,7	2:188286112-188301022|2:188330330-188337237
2	189226432	189230967	circular_RNA/1	0	-	189226432	189226432	0,0,0	7	142,12,102,47,185,124,237	0,624,641,744,1099,3262,4298	1	circRNA	ENSRNOT00000028234	ENSRNOT00000028234	8,7,6,5,4,3,2	2:189215983-189226432|2:189230967-189254448
2	189723523	189729005	circular_RNA/3	1	+	189723523	189723523	0,0,0	4	132,171,316,203	0,1472,2368,5279	3	circRNA	ENSRNOT00000021502	ENSRNOT00000021502	5,6,7,8	2:189722569-189723523|2:189729005-189730278
2	208198683	208203924	circular_RNA/2	1	-	208198683	208198683	0,0,0	2	116,144	0,5097	2	circRNA	ENSRNOT00000047836	ENSRNOT00000047836	6,5	2:208195683-208198683|2:208203924-208206156
2	209143855	209152642	circular_RNA/1	1	-	209143855	209143855	0,0,0	3	142,148,407	0,2258,8380	1	circRNA	ENSRNOT00000036551	ENSRNOT00000036551	4,3,2	2:209127981-209143855|2:209152642-209160491
2	223285166	223304322	circular_RNA/7	0	-	223285166	223285166	0,0,0	6	196,111,165,144,173,76	0,7032,7230,10776,11644,19080	7	circRNA	ENSRNOT00000015036	ENSRNOT00000015036	8,7,6,5,4,3	2:223269129-223285166|2:223304322-223320873
2	226693926	226742081	circular_RNA/2	1	-	226693926	226693926	0,0,0	14	149,95,133,110,15,159,204,147,129,105,63,148,54,116	0,2179,2745,4989,7856,12223,13647,14840,16577,19634,24543,25380,26564,48039	2	circRNA	ENSRNOT00000055669	ENSRNOT00000055669	15,14,13,12,11,10,9,8,7,6,5,4,3,2	2:226691613-226693926|2:226742081-226779242
2	238742933	238746181	circular_RNA/1	1	-	238742933	238742933	0,0,0	1	3248	0	1	circRNA	ENSRNOT00000046775	ENSRNOT00000046775	3	2:238737652-238742933|2:238746181-238774089
2	252774277	252804136	circular_RNA/1	0	+	252774277	252774277	0,0,0	16	68,7,54,13,28,17,37,217,165,159,95,148,74,136,87,193	0,461,786,1262,1343,1505,5386,5657,10754,12648,15067,20253,20587,21635,24685,29666	1	circRNA	ENSRNOT00000055318	ENSRNOT00000055318	4,5,6,7,8,9,10,11,12,13,14,15,16,17,18,19	2:252773545-252774277|2:252804136-252807922
2	252779934	252796048	circular_RNA/1	1	+	252779934	252779934	0,0,0	7	217,165,159,95,148,74,136	0,5097,6991,9410,14596,14930,15978	1	circRNA	ENSRNOT00000055318	ENSRNOT00000055318	11,12,13,14,15,16,17	2:252779700-252779934|2:252796048-252798962
2	256680039	256683075	circular_RNA/1	1	+	256680039	256680039	0,0,0	2	150,150	0,2886	1	circRNA	ENSRNOT00000047564	ENSRNOT00000047564	3,4	2:256611599-256680039|2:256683075-256683441
2	259591895	259689040	circular_RNA/1	0	-	259591895	259591895	0,0,0	2	410,195	0,96950	1	circRNA	ENSRNOT00000082253	ENSRNOT00000082253	3,2	2:259382763-259591895|2:259689040-259898453
6	7489836	7572651	circular_RNA/1	0	-	7489836	7489836	0,0,0	5	95,119,169,132,90	0,20128,57213,80124,82725	1	circRNA	ENSRNOT00000038246	ENSRNOT00000038246	31,30,29,28,27	6:7468321-7489836|6:7572651-7623899
6	14242133	14490352	circular_RNA/1	1	-	14242133	14242133	0,0,0	6	182,120,174,191,382,123	0,207958,215557,238356,239674,248096	1	circRNA	ENSRNOT00000071402	ENSRNOT00000071402	9,8,7,6,5,4	6:14087100-14242133|6:14490352-14513632
6	14450091	14490352	circular_RNA/1	1	-	14450091	14450091	0,0,0	5	120,174,191,382,123	0,7599,30398,31716,40138	1	circRNA	ENSRNOT00000071402	ENSRNOT00000071402	8,7,6,5,4	6:14242315-14450091|6:14490352-14513632
6	14457690	14490352	circular_RNA/1	1	-	14457690	14457690	0,0,0	4	174,191,382,123	0,22799,24117,32539	1	circRNA	ENSRNOT00000071402	ENSRNOT00000071402	7,6,5,4	6:14450211-14457690|6:14490352-14513632
6	14480489	14490352	circular_RNA/3	1	-	14480489	14480489	0,0,0	3	191,382,123	0,1318,9740	3	circRNA	ENSRNOT00000071402	ENSRNOT00000071402	6,5,4	6:14457864-14480489|6:14490352-14513632
6	23510245	23539268	circular_RNA/1	1	-	23510245	23510245	0,0,0	5	298,172,86,59,250	0,16931,23166,26412,28773	1	circRNA	ENSRNOT00000083858	ENSRNOT00000083858	6,5,4,3,2	6:23499454-23510245|6:23539268-23542519
6	28004504	28051704	circular_RNA/1	1	+	28004504	28004504	0,0,0	5	214,86,155,106,167	0,17901,37069,44207,47033	1	circRNA	ENSRNOT00000077830	ENSRNOT00000077830	4,5,6,7,8	6:27999062-28004504|6:28051704-28084524
6	28022405	28084649	circular_RNA/1	0	+	28022405	28022405	0,0,0	5	86,155,106,167,125	0,19168,26306,29132,62119	1	circRNA	ENSRNOT00000077830	ENSRNOT00000077830	5,6,7,8,9	6:28004718-28022405|6:28084649-28112860
6	28022405	28150843	circular_RNA/2	0	+	28022405	28022405	0,0,0	12	86,155,106,167,125,78,90,88,86,114,97,21	0,19168,26306,29132,62119,90455,104221,106327,118391,119311,121728,128417	2	circRNA	ENSRNOT00000077830	ENSRNOT00000077830	5,6,7,8,9,10,11,12,13,14,15,16	6:28004718-28022405|6:28150843-28168870
6	29032001	29074704	circular_RNA/1	0	+	29032001	29032001	0,0,0	16	152,50,154,103,109,117,76,99,112,116,175,89,160,91,312,133	0,1798,2239,3945,5148,6259,11819,14654,17746,20268,20806,23751,29487,33088,37731,42570	1	circRNA	ENSRNOT00000079077	ENSRNOT00000079077	2,3,4,5,6,7,8,9,10,11,12,13,14,15,16,17	6:29012496-29032001|6:29074704-29106140
6	42253539	42271733	circular_RNA/1	0	+	42253539	42253539	0,0,0	19	139,40,6,43,160,61,12,80,49,136,92,247,107,160,161,185,70,104,187	0,1979,2021,2028,2733,4427,5264,7265,7483,8128,8349,8648,9407,11245,14558,15049,15932,17640,18007	1	circRNA	ENSRNOT00000006403	ENSRNOT00000006403	7,8,9,10,11,12,13,14,15,16,17,18,19,20,21,22,23,24,25	6:42251456-42253539|6:42271733-42274254
6	48735639	48762446	circular_RNA/1	1	+	48735639	48735639	0,0,0	5	362,966,135,91,108	0,15490,20970,24998,26699	1	circRNA	ENSRNOT00000044310	ENSRNOT00000044310	9,10,11,12,13	6:48709049-48735639|6:48762446-48767153
6	57720452	57804214	circular_RNA/1	1	+	57720452	57720452	0,0,0	11	154,141,50,75,120,118,89,117,99,33,117	0,18429,23977,26930,29969,38081,40660,40828,48940,71031,83645	1	circRNA	ENSRNOT00000063874	ENSRNOT00000063874	5,6,7,8,9,10,11,12,13,14,15	6:57707318-57720452|6:57804214-57815066
6	72097747	72110763	circular_RNA/1	1	+	72097747	72097747	0,0,0	9	41,98,102,125,166,107,117,125,130	0,1952,2167,5802,6946,9673,10509,12654,12886	1	circRNA	ENSRNOT00000005670	ENSRNOT00000005670	2,3,4,5,6,7,8,9,10	6:72092274-72097747|6:72110763-72112455
6	72392024	72430205	circular_RNA/1	1	-	72392024	72392024	0,0,0	15	108,141,168,122,48,176,134,141,111,142,127,174,79,74,104	0,1639,2999,5054,5456,5658,7272,11469,20576,26095,27764,29737,31531,37613,38077	1	circRNA	ENSRNOT00000077578	ENSRNOT00000077578	16,15,14,13,12,11,10,9,8,7,6,5,4,3,2	6:72378234-72392024|6:72430205-72462181
6	73357939	73361828	circular_RNA/1	1	+	73357939	73357939	0,0,0	1	3889	0	1	circRNA	ENSRNOT00000088378	ENSRNOT00000088378	2	6:73345512-73357939|6:73361828-73385740
6	73357939	73385888	circular_RNA/2	1	+	73357939	73357939	0,0,0	2	3889,148	0,27801	2	circRNA	ENSRNOT00000088378	ENSRNOT00000088378	2,3	6:73345512-73357939|6:73385888-73396559
6	76455339	76492176	circular_RNA/2	0	-	76455339	76455339	0,0,0	4	156,124,72,862	0,6089,32540,35975	2	circRNA	ENSRNOT00000010824	ENSRNOT00000010824	33,32,31,30	6:76427075-76455339|6:76492176-76500537
6	76487879	76492176	circular_RNA/2	0	-	76487879	76487879	0,0,0	2	72,862	0,3435	2	circRNA	ENSRNOT00000010824	ENSRNOT00000010824	31,30	6:76461552-76487879|6:76492176-76500537
6	76599296	76608864	circular_RNA/1	1	-	76599296	76599296	0,0,0	6	240,57,33,25,87,143	0,4224,4761,8975,9079,9425	1	circRNA	ENSRNOT00000010824	ENSRNOT00000010824	6,5,4,3,2,1	6:76593494-76599296|None
6	122735611	122745664	circular_RNA/1	1	+	122735611	122735611	0,0,0	7	115,41,196,430,161,101,156	0,3250,4188,5652,6763,7303,9897	1	circRNA	ENSRNOT00000039509	ENSRNOT00000039509	3,4,5,6,7,8,9	6:122730327-122735611|6:122745664-122754129
6	122738861	122745664	circular_RNA/2	1	+	122738861	122738861	0,0,0	6	41,196,430,161,101,156	0,938,2402,3513,4053,6647	2	circRNA	ENSRNOT00000039509	ENSRNOT00000039509	4,5,6,7,8,9	6:122735726-122738861|6:122745664-122754129
6	122804706	122812119	circular_RNA/1	1	-	122804706	122804706	0,0,0	6	127,202,177,89,132,153	0,936,3019,4023,6029,7260	1	circRNA	ENSRNOT00000057601	ENSRNOT00000057601	27,26,25,24,23,22	6:122801819-122804706|6:122812119-122817285
6	122811966	122859705	circular_RNA/2	1	-	122811966	122811966	0,0,0	15	153,142,128,112,203,101,94,106,187,119,107,168,213,257,138	0,5319,9543,10634,11700,25714,26853,29276,35575,36792,37306,38010,41508,43598,47601	2	circRNA	ENSRNOT00000057601	ENSRNOT00000057601	22,21,20,19,18,17,16,15,14,13,12,11,10,9,8	6:122810867-122811966|6:122859705-122861891
6	125776334	125797801	circular_RNA/1	1	-	125776334	125776334	0,0,0	10	164,194,141,3021,213,87,41,363,166,60	0,4398,5214,8609,12194,14933,16090,19121,19978,21407	1	circRNA	ENSRNOT00000007061	ENSRNOT00000007061	14,13,12,11,10,9,8,7,6,5	6:125775042-125776334|6:125797801-125801337
6	127021386	127053116	circular_RNA/1	1	+	127021386	127021386	0,0,0	12	113,86,174,69,111,105,78,90,176,187,198,78	0,195,832,4537,7367,14479,19941,23876,26434,27570,29676,31652	1	circRNA	ENSRNOT00000011775	ENSRNOT00000011775	36,37,38,39,40,41,42,43,44,45,46,47	6:127015850-127021386|6:127053116-127063176
6	136059671	136091144	circular_RNA/1	1	+	136059671	136059671	0,0,0	5	192,54,49,66,71	0,12159,21902,24885,31402	1	circRNA	ENSRNOT00000014395	ENSRNOT00000014395	2,3,4,5,6	6:136041906-136059671|6:136091144-136093197
6	136059671	136107031	circular_RNA/2	1	+	136059671	136059671	0,0,0	13	192,54,49,66,71,57,237,120,100,113,154,218,104	0,12159,21902,24885,31402,33526,35683,36085,36405,36812,37545,42341,47256	2	circRNA	ENSRNOT00000014395	ENSRNOT00000014395	2,3,4,5,6,7,8,9,10,11,12,13,14	6:136041906-136059671|6:136107031-136118844
6	136059671	136084622	circular_RNA/1	1	+	136059671	136059671	0,0,0	4	192,54,49,66	0,12159,21902,24885	1	circRNA	ENSRNOT00000014395	ENSRNOT00000014395	2,3,4,5	6:136041906-136059671|6:136084622-136091073
9	1442053	1485363	circular_RNA/5	0	+	1442053	1442053	0,0,0	9	109,90,75,68,103,89,51,70,173	0,1472,1650,4013,31593,40122,41506,41660,43137	5	circRNA	ENSRNOT00000014171	ENSRNOT00000014171	5,6,7,8,9,10,11,12,13	9:1363362-1442053|9:1485363-1545229
9	1875551	1880538	circular_RNA/2	1	-	1875551	1875551	0,0,0	2	204,2487	0,2500	2	circRNA	ENSRNOT00000018146	ENSRNOT00000018146	4,3	9:1816060-1875551|9:1880538-1983866
9	11209033	11219449	circular_RNA/1	0	-	11209033	11209033	0,0,0	4	61,44,49,28	0,8220,8517,10388	1	circRNA	ENSRNOT00000082837	ENSRNOT00000082837	5,4,3,2	9:11202851-11209033|9:11219449-11339639
9	17128316	17133649	circular_RNA/1	0	-	17128316	17128316	0,0,0	8	83,63,98,47,98,137,97,101	0,570,1181,1691,3066,4050,4655,5232	1	circRNA	ENSRNOT00000025921	ENSRNOT00000025921	28,27,26,25,24,23,22,21	9:17127999-17128316|9:17133649-17139786
9	20826560	20849380	circular_RNA/1	1	+	20826560	20826560	0,0,0	11	188,79,95,105,37,63,166,143,113,102,176	0,2283,2721,4672,7004,8331,12404,13194,19302,20105,22644	1	circRNA	ENSRNOT00000016291	ENSRNOT00000016291	6,7,8,9,10,11,12,13,14,15,16	9:20817197-20826560|9:20849380-20856081
9	20838964	20849380	circular_RNA/1	1	+	20838964	20838964	0,0,0	5	166,143,113,102,176	0,790,6898,7701,10240	1	circRNA	ENSRNOT00000016291	ENSRNOT00000016291	12,13,14,15,16	9:20834954-20838964|9:20849380-20856081
9	31604267	31693992	circular_RNA/2	0	-	31604267	31604267	0,0,0	7	44,103,76,150,109,69,195	0,16050,27232,28193,53105,56528,89530	2	circRNA	ENSRNOT00000016194	ENSRNOT00000016194	15,14,13,12,11,10,9	9:31442183-31604267|9:31693992-31710855
9	31620317	31693992	circular_RNA/1	0	-	31620317	31620317	0,0,0	6	103,76,150,109,69,195	0,11182,12143,37055,40478,73480	1	circRNA	ENSRNOT00000016194	ENSRNOT00000016194	14,13,12,11,10,9	9:31604311-31620317|9:31693992-31710855
9	37099082	37117919	circular_RNA/1	0	-	37099082	37099082	0,0,0	5	305,184,316,1720,162	0,2644,5829,11440,18675	1	circRNA	ENSRNOT00000015638	ENSRNOT00000015638	7,6,5,4,3	9:37088649-37099082|9:37117919-37134324
9	37910961	37923009	circular_RNA/1	1	-	37910961	37910961	0,0,0	11	118,18,75,155,163,164,130,189,144,129,195	0,3066,4211,4442,5128,6155,7452,8807,9619,11222,11853	1	circRNA	ENSRNOT00000044452	ENSRNOT00000044452	96,95,94,93,92,91,90,89,88,87,86	9:37907837-37910961|9:37923009-37926236
9	60039294	60050487	circular_RNA/1	0	+	60039294	60039294	0,0,0	4	1025,208,170,189	0,3077,9790,11004	1	circRNA	ENSRNOT00000093748	ENSRNOT00000093748	2,3,4,5	9:60022121-60039294|9:60050487-60055759
9	66618609	66620541	circular_RNA/1	0	+	66618609	66618609	0,0,0	2	171,171	0,1761	1	circRNA	ENSRNOT00000035238	ENSRNOT00000035238	2,3	9:66568521-66618609|9:66620541-66647080
9	66768773	66774536	circular_RNA/1	0	+	66768773	66768773	0,0,0	3	144,226,121	0,1534,5642	1	circRNA	ENSRNOT00000031261	ENSRNOT00000031261	5,6,7	9:66758584-66768773|9:66774536-66780584
9	66808427	66825851	circular_RNA/2	0	-	66808427	66808427	0,0,0	6	99,126,199,124,73,179	0,2358,6402,7976,15472,17245	2	circRNA	ENSRNOT00000041546	ENSRNOT00000041546	7,6,5,4,3,2	9:66806729-66808427|9:66825851-66845276
9	67242045	67257543	circular_RNA/1	1	+	67242045	67242045	0,0,0	5	177,98,147,122,159	0,6521,9802,10558,15339	1	circRNA	ENSRNOT00000050179	ENSRNOT00000050179	3,4,5,6,7	9:67234748-67242045|9:67257543-67277165
9	69854063	69860576	circular_RNA/2	1	-	69854063	69854063	0,0,0	2	109,731	0,5782	2	circRNA	ENSRNOT00000035879	ENSRNOT00000035879	5,4	9:69849129-69854063|9:69860576-69867955
9	69854063	69868399	circular_RNA/1	0	-	69854063	69854063	0,0,0	4	109,731,247,92	0,5782,13892,14244	1	circRNA	ENSRNOT00000035879	ENSRNOT00000035879	5,4,3,2	9:69849129-69854063|9:69868399-69878604
9	71965844	71972359	circular_RNA/2	1	+	71965844	71965844	0,0,0	5	141,127,1157,101,72	0,879,1244,5065,6443	2	circRNA	ENSRNOT00000020447	ENSRNOT00000020447	18,19,20,21,22	9:71960153-71965844|9:71972359-71972997
9	86407671	86424724	circular_RNA/1	1	-	86407671	86407671	0,0,0	8	156,84,86,184,135,123,73,83	0,276,665,4067,10270,10648,11043,16970	1	circRNA	ENSRNOT00000093635	ENSRNOT00000093635	11,10,9,8,7,6,5,4	9:86398170-86407671|9:86424724-86445221
9	87026768	87027857	circular_RNA/1	0	+	87026768	87026768	0,0,0	1	1089	0	1	circRNA	ENSRNOT00000041337	ENSRNOT00000041337	5	9:86983188-87026768|9:87027857-87054679
9	94463646	94481167	circular_RNA/1	1	+	94463646	94463646	0,0,0	5	130,96,115,112,41	0,1057,11048,16482,17480	1	circRNA	ENSRNOT00000064965	ENSRNOT00000064965	4,5,6,7,8	9:94453653-94463646|9:94481167-94490103
9	94463646	94474809	circular_RNA/3	1	+	94463646	94463646	0,0,0	3	130,96,115	0,1057,11048	3	circRNA	ENSRNOT00000064965	ENSRNOT00000064965	4,5,6	9:94453653-94463646|9:94474809-94480128
9	111668883	111794123	circular_RNA/1	1	+	111668883	111668883	0,0,0	8	193,93,204,123,57,116,95,124	0,21269,29365,34958,79758,85847,87971,125116	1	circRNA	ENSRNOT00000056430	ENSRNOT00000056430	4,5,6,7,8,9,10,11	9:111653766-111668883|9:111794123-111855391
9	115101167	115144280	circular_RNA/1	0	-	115101167	115101167	0,0,0	7	75,37,274,103,202,110,309	0,6728,7734,26690,29695,38717,42804	1	circRNA	ENSRNOT00000056366	ENSRNOT00000056366	14,13,12,11,10,9,8	9:115079642-115101167|9:115144280-115223732
9	119105073	119153721	circular_RNA/1	1	+	119105073	119105073	0,0,0	5	371,92,422,92,153	0,4972,21727,43322,48495	1	circRNA	ENSRNOT00000022351	ENSRNOT00000022351	8,9,10,11,12	9:119051652-119105073|9:119153721-119156425
9	119105073	119110137	circular_RNA/1	1	+	119105073	119105073	0,0,0	2	371,92	0,4972	1	circRNA	ENSRNOT00000022351	ENSRNOT00000022351	8,9	9:119051652-119105073|9:119110137-119126800
9	119105073	119127222	circular_RNA/2	0	+	119105073	119105073	0,0,0	3	371,92,422	0,4972,21727	2	circRNA	ENSRNOT00000022351	ENSRNOT00000022351	8,9,10	9:119051652-119105073|9:119127222-119148395
9	121831707	121843361	circular_RNA/1	1	+	121831707	121831707	0,0,0	7	273,100,99,104,150,156,180	0,4553,7848,8838,9033,11156,11474	1	circRNA	ENSRNOT00000086534	ENSRNOT00000086534	2,3,4,5,6,7,8	9:121802867-121831707|9:121843361-121854965
11	10066410	10068759	circular_RNA/1	1	+	10066410	10066410	0,0,0	4	206,82,169,167	0,1675,1902,2182	1	circRNA	ENSRNOT00000087080	ENSRNOT00000087080	9,10,11,12	11:10056641-10066410|11:10068759-10074135
11	31147231	31152507	circular_RNA/1	1	-	31147231	31147231	0,0,0	5	153,82,170,97,62	0,2152,3332,4401,5214	1	circRNA	ENSRNOT00000052033	ENSRNOT00000052033	10,9,8,7,6	11:31145004-31147231|11:31152507-31157103
11	34060061	34073206	circular_RNA/1	1	+	34060061	34060061	0,0,0	8	73,133,215,148,148,129,120,98	0,3027,3986,5825,7654,10620,11357,13047	1	circRNA	ENSRNOT00000076473	ENSRNOT00000076473	2,3,4,5,6,7,8,9	11:34052168-34060061|11:34073206-34078488
11	34612626	34621503	circular_RNA/2	1	+	34612626	34612626	0,0,0	9	155,43,151,88,54,121,86,95,63	0,433,872,1425,3475,4203,6236,7754,8814	2	circRNA	ENSRNOT00000065600	ENSRNOT00000065600	2,3,4,5,6,7,8,9,10	11:34598537-34612626|11:34621503-34631079
11	34612626	34631134	circular_RNA/4	1	+	34612626	34612626	0,0,0	10	155,43,151,88,54,121,86,95,63,55	0,433,872,1425,3475,4203,6236,7754,8814,18453	4	circRNA	ENSRNOT00000065600	ENSRNOT00000065600	2,3,4,5,6,7,8,9,10,11	11:34598537-34612626|11:34631134-34636145
11	34693284	34722272	circular_RNA/1	0	+	34693284	34693284	0,0,0	6	1024,66,169,13,3,105	0,2233,25674,26201,28811,28883	1	circRNA	ENSRNOT00000065600	ENSRNOT00000065600	33,34,35,36,37,38	11:34668255-34693284|11:34722272-34724336
11	42259760	42810768	circular_RNA/1	0	+	42259760	42259760	0,0,0	12	156,336,125,163,109,71,126,186,126,62,210,150	0,17866,172929,216261,254387,257752,261891,307631,372967,401894,433654,550858	1	circRNA	ENSRNOT00000047310	ENSRNOT00000047310	1,2,3,4,5,6,7,8,9,10,11,12	None|11:42810768-42830135
11	62059610	62067655	circular_RNA/2	0	-	62059610	62059610	0,0,0	4	188,164,49,100	0,553,5943,7945	2	circRNA	ENSRNOT00000081443	ENSRNOT00000081443	7,6,5,4	11:62027825-62059610|11:62067655-62172314
11	69793578	69819350	circular_RNA/1	1	+	69793578	69793578	0,0,0	7	116,123,183,119,67,110,70	0,599,6803,8102,12418,13089,25702	1	circRNA	ENSRNOT00000049292	ENSRNOT00000049292	19,20,21,22,23,24,25	11:69790380-69793578|11:69819350-69821840
11	71056740	71074618	circular_RNA/1	0	-	71056740	71056740	0,0,0	5	110,137,106,127,145	0,2261,13005,16059,17733	1	circRNA	ENSRNOT00000051989	ENSRNOT00000051989	6,5,4,3,2	11:71047468-71056740|11:71074618-71107934
11	72245129	72314401	circular_RNA/1	0	-	72245129	72245129	0,0,0	8	145,137,170,125,51,54,99,165	0,3236,5099,6986,9498,19036,29293,69107	1	circRNA	ENSRNOT00000078737	ENSRNOT00000078737	12,11,10,9,8,7,6,5	11:72236448-72245129|11:72314401-72364674
11	76759229	76761120	circular_RNA/1	1	-	76759229	76759229	0,0,0	4	77,105,45,116	0,866,1057,1775	1	circRNA	ENSRNOT00000002649	ENSRNOT00000002649	9,8,7,6	11:76749676-76759229|11:76761120-76771290
11	83952271	83957228	circular_RNA/1	1	-	83952271	83952271	0,0,0	6	78,99,111,115,143,189	0,177,1791,3319,3800,4768	1	circRNA	ENSRNOT00000044482	ENSRNOT00000044482	13,12,11,10,9,8	11:83951503-83952271|11:83957228-83961144
11	86242342	86258692	circular_RNA/1	1	-	86242342	86242342	0,0,0	6	161,96,95,91,111,63	0,1466,11742,13423,14596,16287	1	circRNA	ENSRNOT00000075164	ENSRNOT00000075164	7,6,5,4,3,2	11:86237932-86242342|11:86258692-86275687
11	87902731	87908586	circular_RNA/1	1	+	87902731	87902731	0,0,0	4	184,104,169,51	0,1350,3274,5804	1	circRNA	ENSRNOT00000091117	ENSRNOT00000091117	16,17,18,19	11:87902134-87902731|11:87908586-87931038
11	89175424	89180448	circular_RNA/1	0	-	89175424	89175424	0,0,0	2	101,254	0,4770	1	circRNA	ENSRNOT00000089517	ENSRNOT00000089517	3,2	11:89155969-89175424|11:89180448-89239633
10	16724061	16730140	circular_RNA/18	0	-	16724061	16724061	0,0,0	3	1090,126,195	0,3674,5884	18	circRNA	ENSRNOT00000079462	ENSRNOT00000079462	4,3,2	10:16712067-16724061|10:16730140-16752154
10	29318808	29319752	circular_RNA/7	1	+	29318808	29318808	0,0,0	1	944	0	7	circRNA	ENSRNOT00000067013	ENSRNOT00000067013	2	10:29289736-29318808|10:29319752-29330336
10	30980708	30993573	circular_RNA/1	1	+	30980708	30980708	0,0,0	7	105,97,109,165,178,247,70	0,621,2795,3728,8022,11500,12795	1	circRNA	ENSRNOT00000035346	ENSRNOT00000035346	2,3,4,5,6,7,8	10:30834050-30980708|10:30993573-31000441
10	35807359	35819778	circular_RNA/1	0	-	35807359	35807359	0,0,0	10	216,157,114,190,193,82,142,59,74,181	0,1681,2486,4952,8116,9030,9511,10890,11595,12238	1	circRNA	ENSRNOT00000049942	ENSRNOT00000049942	11,10,9,8,7,6,5,4,3,2	10:35806594-35807359|10:35819778-35833765
10	35877075	35877135	circular_RNA/3	1	+	35877075	35877075	0,0,0	1	60	0	3	circRNA	ENSRNOT00000078505	ENSRNOT00000078505	10	10:35876397-35877075|10:35877135-35877226
10	37183341	37194876	circular_RNA/1	1	-	37183341	37183341	0,0,0	6	103,173,158,75,171,465	0,1264,1628,2305,4747,11070	1	circRNA	ENSRNOT00000090475	ENSRNOT00000090475	7,6,5,4,3,2	10:37181064-37183341|10:37194876-37209539
10	37194411	37194876	circular_RNA/1	1	-	37194411	37194411	0,0,0	1	465	0	1	circRNA	ENSRNOT00000090475	ENSRNOT00000090475	2	10:37188259-37194411|10:37194876-37209539
10	37764316	37764822	circular_RNA/1	1	+	37764316	37764316	0,0,0	1	506	0	1	circRNA	ENSRNOT00000008119	ENSRNOT00000008119	2	10:37757319-37764316|10:37764822-37768046
10	38712830	38725063	circular_RNA/2	1	+	38712830	38712830	0,0,0	4	127,780,45,87	0,3848,7196,12146	2	circRNA	ENSRNOT00000009440	ENSRNOT00000009440	2,3,4,5	10:38692519-38712830|10:38725063-38740168
10	38712830	38720071	circular_RNA/1	0	+	38712830	38712830	0,0,0	3	127,780,45	0,3848,7196	1	circRNA	ENSRNOT00000009440	ENSRNOT00000009440	2,3,4	10:38692519-38712830|10:38720071-38724976
10	43747094	43747305	circular_RNA/1	1	+	43747094	43747094	0,0,0	1	211	0	1	ciRNA	ENSRNOT00000038123	ENSRNOT00000038123	6	10:43747094-43747369
10	48178919	48200848	circular_RNA/1	0	-	48178919	48178919	0,0,0	7	137,124,85,99,558,183,48	0,3326,4173,9295,14261,15440,21881	1	circRNA	ENSRNOT00000003871	ENSRNOT00000003871	8,7,6,5,4,3,2	10:48175843-48178919|10:48200848-48209822
10	48188214	48200848	circular_RNA/1	0	-	48188214	48188214	0,0,0	4	99,558,183,48	0,4966,6145,12586	1	circRNA	ENSRNOT00000003871	ENSRNOT00000003871	5,4,3,2	10:48183177-48188214|10:48200848-48209822
10	48418261	48438287	circular_RNA/1	1	+	48418261	48418261	0,0,0	4	1583,208,74,179	0,15134,19452,19847	1	circRNA	ENSRNOT00000080682	ENSRNOT00000080682	4,5,6,7	10:48335437-48418261|10:48438287-48452000
10	52487182	52515877	circular_RNA/1	1	-	52487182	52487182	0,0,0	5	163,197,162,240,103	0,9007,14856,27900,28592	1	circRNA	ENSRNOT00000005583	ENSRNOT00000005583	44,43,42,41,40	10:52476674-52487182|10:52515877-52518328
10	57508984	57541484	circular_RNA/1	1	+	57508984	57508984	0,0,0	7	129,204,161,120,136,179,132	0,8695,11047,18564,26304,29144,32368	1	circRNA	ENSRNOT00000041443	ENSRNOT00000041443	2,3,4,5,6,7,8	10:57462526-57508984|10:57541484-57549451
10	61464685	61498597	circular_RNA/1	1	-	61464685	61464685	0,0,0	8	102,229,103,169,207,75,85,209	0,1286,2252,3216,12163,18834,19143,33703	1	circRNA	ENSRNOT00000092712	ENSRNOT00000092712	9,8,7,6,5,4,3,2	10:61461576-61464685|10:61498597-61576287
10	66897862	66900528	circular_RNA/2	1	+	66897862	66897862	0,0,0	4	194,141,280,215	0,925,1762,2451	2	circRNA	ENSRNOT00000046262	ENSRNOT00000046262	39,40,41,42	10:66894799-66897862|10:66900528-66901061
10	73648285	73657751	circular_RNA/2	1	-	73648285	73648285	0,0,0	6	202,165,105,109,177,135	0,1617,4153,6911,7944,9331	2	circRNA	ENSRNOT00000075843	ENSRNOT00000075843	18,17,16,15,14,13	10:73645130-73648285|10:73657751-73667852
10	91291962	91293964	circular_RNA/1	1	-	91291962	91291962	0,0,0	3	833,61,55	0,945,1947	1	circRNA	ENSRNOT00000004371	ENSRNOT00000004371	4,3,2	10:91291441-91291962|10:91293964-91302078
10	91902764	91935180	circular_RNA/1	1	-	91902764	91902764	0,0,0	9	80,67,134,157,96,188,75,166,200	0,1630,10540,13700,14534,22714,23170,23718,32216	1	circRNA	ENSRNOT00000006361	ENSRNOT00000006361	17,16,15,14,13,12,11,10,9	10:91884819-91902764|10:91935180-91965973
10	93451476	93483645	circular_RNA/2	0	+	93451476	93451476	0,0,0	10	168,96,93,111,137,153,67,98,82,92	0,12897,14131,19139,19832,21706,24770,26542,28463,32077	2	circRNA	ENSRNOT00000066484	ENSRNOT00000066484	7,8,9,10,11,12,13,14,15,16	10:93441515-93451476|10:93483645-93492512
10	95029080	95049192	circular_RNA/1	0	-	95029080	95029080	0,0,0	7	138,179,115,104,196,159,85	0,2718,4739,9594,12192,15105,20027	1	circRNA	ENSRNOT00000019781	ENSRNOT00000019781	11,10,9,8,7,6,5	10:95026635-95029080|10:95049192-95051552
10	96759544	96814359	circular_RNA/1	1	+	96759544	96759544	0,0,0	10	48,78,87,100,119,144,155,130,93,60	0,300,19951,31292,33486,35092,51915,52334,53097,54755	1	circRNA	ENSRNOT00000037067	ENSRNOT00000037067	7,8,9,10,11,12,13,14,15,16	10:96722491-96759544|10:96814359-96821059
10	96759544	96821139	circular_RNA/2	0	+	96759544	96759544	0,0,0	11	48,78,87,100,119,144,155,130,93,60,80	0,300,19951,31292,33486,35092,51915,52334,53097,54755,61515	2	circRNA	ENSRNOT00000037067	ENSRNOT00000037067	7,8,9,10,11,12,13,14,15,16,17	10:96722491-96759544|10:96821139-96854104
10	96811459	96894082	circular_RNA/1	1	+	96811459	96811459	0,0,0	8	155,130,93,60,80,136,108,183	0,419,1182,2840,9600,42645,60149,82440	1	circRNA	ENSRNOT00000037067	ENSRNOT00000037067	13,14,15,16,17,18,19,20	10:96794780-96811459|10:96894082-96943094
10	110072089	110090416	circular_RNA/1	1	-	110072089	110072089	0,0,0	9	153,214,135,163,159,201,75,158,102	0,750,8836,9458,11949,15874,17356,17567,18225	1	circRNA	ENSRNOT00000071893	ENSRNOT00000071893	12,11,10,9,8,7,6,5,4	10:110068301-110072089|10:110090416-110099774
13	22048842	22077216	circular_RNA/1	0	+	22048842	22048842	0,0,0	3	148,204,185	0,22868,28189	1	circRNA	ENSRNOT00000047108	ENSRNOT00000047108	5,6,7	13:21908150-22048842|13:22077216-22088485
13	26008833	26010315	circular_RNA/1	1	+	26008833	26008833	0,0,0	1	1482	0	1	circRNA	ENSRNOT00000003870	ENSRNOT00000003870	13	13:26006636-26008833|13:26010315-26012956
13	35748507	35784163	circular_RNA/2	1	-	35748507	35748507	0,0,0	7	173,64,89,88,121,53,45	0,3657,20911,24990,34679,35074,35611	2	circRNA	ENSRNOT00000003568	ENSRNOT00000003568	12,11,10,9,8,7,6	13:35736524-35748507|13:35784163-35789304
13	44905018	44937796	circular_RNA/1	1	+	44905018	44905018	0,0,0	7	102,291,124,155,152,104,173	0,2794,6247,20468,25312,29937,32605	1	circRNA	ENSRNOT00000005372	ENSRNOT00000005372	17,18,19,20,21,22,23	13:44901267-44905018|13:44937796-44944389
13	44907812	44930482	circular_RNA/2	1	+	44907812	44907812	0,0,0	4	291,124,155,152	0,3453,17674,22518	2	circRNA	ENSRNOT00000005372	ENSRNOT00000005372	18,19,20,21	13:44905120-44907812|13:44930482-44934955
13	44973523	44975133	circular_RNA/2	1	+	44973523	44973523	0,0,0	2	55,165	0,1445	2	circRNA	ENSRNOT00000004878	ENSRNOT00000004878	7,8	13:44971786-44973523|13:44975133-44978032
13	68771738	68773859	circular_RNA/2	0	-	68771738	68771738	0,0,0	2	688,59	0,2062	2	circRNA	ENSRNOT00000044255	ENSRNOT00000044255	6,5	13:68768083-68771738|13:68773859-68776898
13	73615096	73622224	circular_RNA/1	1	-	73615096	73615096	0,0,0	5	617,160,112,47,86	0,2924,4276,5473,7042	1	circRNA	ENSRNOT00000005195	ENSRNOT00000005195	6,5,4,3,2	13:73588335-73615096|13:73622224-73637713
13	74485161	74520636	circular_RNA/1	1	-	74485161	74485161	0,0,0	7	127,93,90,84,51,105,143	0,5207,6482,7116,27184,28198,35332	1	circRNA	ENSRNOT00000036200	ENSRNOT00000036200	8,7,6,5,4,3,2	13:74450825-74485161|13:74520636-74564108
13	79744847	79763867	circular_RNA/1	0	-	79744847	79744847	0,0,0	11	92,155,105,88,1170,91,69,66,92,56,21	0,518,1560,6996,7595,11225,12225,17413,18187,18745,18999	1	circRNA	ENSRNOT00000075936	ENSRNOT00000075936	22,21,20,19,18,17,16,15,14,13,12	13:79740186-79744847|13:79763867-79765618
13	83595056	83616688	circular_RNA/1	0	-	83595056	83595056	0,0,0	6	42,322,69,116,118,60	0,6100,6637,7131,11865,21572	1	circRNA	ENSRNOT00000004199	ENSRNOT00000004199	17,16,15,14,13,12	13:83590381-83595056|13:83616688-83624240
13	89163766	89228527	circular_RNA/1	1	-	89163766	89163766	0,0,0	12	115,68,100,114,132,92,186,221,204,127,101,88	0,1211,6290,6954,12409,30130,32846,47622,55807,56803,61706,64673	1	circRNA	ENSRNOT00000029202	ENSRNOT00000029202	14,13,12,11,10,9,8,7,6,5,4,3	13:89107752-89163766|13:89228527-89229893
13	89211388	89225573	circular_RNA/1	0	-	89211388	89211388	0,0,0	4	221,204,127,101	0,8185,9181,14084	1	circRNA	ENSRNOT00000029202	ENSRNOT00000029202	7,6,5,4	13:89196798-89211388|13:89225573-89228439
13	89211388	89229970	circular_RNA/1	0	-	89211388	89211388	0,0,0	6	221,204,127,101,88,77	0,8185,9181,14084,17051,18505	1	circRNA	ENSRNOT00000029202	ENSRNOT00000029202	7,6,5,4,3,2	13:89196798-89211388|13:89229970-89242338
13	111709660	111716205	circular_RNA/1	0	-	111709660	111709660	0,0,0	2	216,165	0,6380	1	circRNA	ENSRNOT00000073041	ENSRNOT00000073041	4,3	13:111671978-111709660|13:111716205-111757225
12	1711587	1725246	circular_RNA/1	1	-	1711587	1711587	0,0,0	5	202,168,257,127,215	0,5290,8701,10639,13444	1	circRNA	ENSRNOT00000041155	ENSRNOT00000041155	10,9,8,7,6	12:1708235-1711587|12:1725246-1729511
12	1975317	1979802	circular_RNA/1	1	+	1975317	1975317	0,0,0	3	251,126,118	0,1588,4367	1	circRNA	ENSRNOT00000066281	ENSRNOT00000066281	13,14,15	12:1972338-1975317|12:1979802-1982475
12	9229551	9240810	circular_RNA/2	1	-	9229551	9229551	0,0,0	8	91,166,102,117,162,58,105,248	0,1136,3816,4004,4358,7505,8814,11011	2	circRNA	ENSRNOT00000044134	ENSRNOT00000044134	14,13,12,11,10,9,8,7	12:9224845-9229551|12:9240810-9273124
12	30082880	30083826	circular_RNA/1	0	-	30082880	30082880	0,0,0	1	946	0	1	circRNA	ENSRNOT00000065868	ENSRNOT00000065868	2	12:30069178-30082880|12:30083826-30106735
12	38282311	38289492	circular_RNA/1	1	+	38282311	38282311	0,0,0	4	191,204,123,80	0,1955,3859,7101	1	circRNA	ENSRNOT00000087905	ENSRNOT00000087905	5,6,7,8	12:38279809-38282311|12:38289492-38291387
12	39701792	39710304	circular_RNA/1	1	+	39701792	39701792	0,0,0	3	150,115,100	0,677,8412	1	circRNA	ENSRNOT00000048454	ENSRNOT00000048454	3,4,5	12:39700846-39701792|12:39710304-39714863
12	40269633	40270510	circular_RNA/2	0	-	40269633	40269633	0,0,0	2	228,146	0,731	2	circRNA	ENSRNOT00000001691	ENSRNOT00000001691	22,21	12:40267854-40269633|12:40270510-40275448
15	2821931	2864286	circular_RNA/1	1	-	2821931	2821931	0,0,0	8	232,94,162,142,116,122,383,133	0,27194,30175,33240,35555,37498,39073,42222	1	circRNA	ENSRNOT00000070893	ENSRNOT00000070893	12,11,10,9,8,7,6,5	15:2821513-2821931|15:2864286-2866923
15	2849125	2867333	circular_RNA/1	1	-	2849125	2849125	0,0,0	9	94,162,142,116,122,383,133,82,116	0,2981,6046,8361,10304,11879,15028,17798,18092	1	circRNA	ENSRNOT00000070893	ENSRNOT00000070893	11,10,9,8,7,6,5,4,3	15:2822163-2849125|15:2867333-2876226
15	4160913	4169698	circular_RNA/1	1	+	4160913	4160913	0,0,0	5	132,378,232,134,168	0,265,871,4566,8617	1	circRNA	ENSRNOT00000083467	ENSRNOT00000083467	12,13,14,15,16	15:4157057-4160913|15:4169698-4173366
15	24527934	24549539	circular_RNA/1	1	+	24527934	24527934	0,0,0	11	91,87,90,81,90,93,72,84,84,84,96	0,1933,4974,13367,14049,14277,15535,15820,16063,19958,21509	1	circRNA	ENSRNOT00000016449	ENSRNOT00000016449	30,31,32,33,34,35,36,37,38,39,40	15:24525798-24527934|15:24549539-24550321
15	25320487	25335135	circular_RNA/1	1	+	25320487	25320487	0,0,0	7	178,114,180,41,84,115,170	0,1809,5130,8290,11215,12740,14478	1	circRNA	ENSRNOT00000017871	ENSRNOT00000017871	4,5,6,7,8,9,10	15:25299821-25320487|15:25335135-25344220
15	36923422	36934600	circular_RNA/2	1	+	36923422	36923422	0,0,0	6	156,831,97,252,126,89	0,2672,5369,7322,10892,11089	2	circRNA	ENSRNOT00000090573	ENSRNOT00000090573	15,16,17,18,19,20	15:36919125-36923422|15:36934600-36937340
15	37190895	37224486	circular_RNA/1	1	+	37190895	37190895	0,0,0	19	72,151,116,117,157,177,2,26,146,35,130,116,172,126,95,169,152,115,252	0,1053,1867,5111,7232,11286,11519,11582,15016,15198,18595,19909,20740,23118,24704,26356,27038,32677,33339	1	circRNA	ENSRNOT00000011684	ENSRNOT00000011684	5,6,7,8,9,10,11,12,13,14,15,16,17,18,19,20,21,22,23	15:37182319-37190895|15:37224486-37225660
15	41493484	41507648	circular_RNA/1	1	+	41493484	41493484	0,0,0	6	85,86,112,147,1495,92	0,1654,4621,10226,11709,14072	1	circRNA	ENSRNOT00000019551	ENSRNOT00000019551	4,5,6,7,8,9	15:41488412-41493484|15:41507648-41513479
14	10786398	10787114	circular_RNA/3	1	+	10786398	10786398	0,0,0	1	716	0	3	circRNA	ENSRNOT00000003006	ENSRNOT00000003006	1	None|14:10787114-10792004
14	10786398	10794860	circular_RNA/3	1	+	10786398	10786398	0,0,0	3	716,124,143	0,5606,8319	3	circRNA	ENSRNOT00000003006	ENSRNOT00000003006	1,2,3	None|14:10794860-10811034
14	21075631	21093811	circular_RNA/1	1	-	21075631	21075631	0,0,0	4	84,93,70,66	0,13419,15551,18114	1	circRNA	ENSRNOT00000092172	ENSRNOT00000092172	11,10,9,8	14:21073574-21075631|14:21093811-21094805
14	25791640	25877265	circular_RNA/1	1	+	25791640	25791640	0,0,0	4	156,125,160,103	0,67567,73392,85522	1	circRNA	ENSRNOT00000043938	ENSRNOT00000043938	7,8,9,10	14:25673329-25791640|14:25877265-25899868
14	38545210	38547942	circular_RNA/1	1	-	38545210	38545210	0,0,0	2	195,327	0,2405	1	circRNA	ENSRNOT00000003146	ENSRNOT00000003146	4,3	14:38540024-38545210|14:38547942-38575668
14	39168188	39186197	circular_RNA/2	1	+	39168188	39168188	0,0,0	6	68,221,83,144,153,260	0,1036,1420,4024,9315,17749	2	circRNA	ENSRNOT00000003191	ENSRNOT00000003191	3,4,5,6,7,8	14:39155261-39168188|14:39186197-39228513
14	45668935	45683858	circular_RNA/1	1	-	45668935	45668935	0,0,0	8	140,120,165,281,87,129,111,92	0,1276,1970,4122,7069,8440,10871,14831	1	circRNA	ENSRNOT00000029209	ENSRNOT00000029209	14,13,12,11,10,9,8,7	14:45644562-45668935|14:45683858-45689965
14	81526428	81556415	circular_RNA/1	1	-	81526428	81526428	0,0,0	8	82,871,231,184,283,291,199,252	0,8090,10390,12468,13318,15427,16613,29735	1	circRNA	ENSRNOT00000018616	ENSRNOT00000018616	20,19,18,17,16,15,14,13	14:81516699-81526428|14:81556415-81560404
14	81526428	81535389	circular_RNA/1	0	-	81526428	81526428	0,0,0	2	82,871	0,8090	1	circRNA	ENSRNOT00000018616	ENSRNOT00000018616	20,19	14:81516699-81526428|14:81535389-81536818
14	81556163	81598570	circular_RNA/1	0	-	81556163	81556163	0,0,0	12	252,180,154,243,113,78,148,125,235,168,155,243	0,4241,4541,7375,7732,8617,12305,17895,23437,30068,30860,42164	1	circRNA	ENSRNOT00000018616	ENSRNOT00000018616	13,12,11,10,9,8,7,6,5,4,3,2	14:81543240-81556163|14:81598570-81638690
14	83919053	83924540	circular_RNA/1	1	+	83919053	83919053	0,0,0	9	141,155,129,106,133,75,378,132,55	0,225,529,1346,1948,3872,4028,4932,5432	1	circRNA	ENSRNOT00000078980	ENSRNOT00000078980	13,14,15,16,17,18,19,20,21	14:83918013-83919053|14:83924540-83925048
14	106153574	106167943	circular_RNA/2	1	+	106153574	106153574	0,0,0	6	156,206,79,35,132,386	0,1265,5478,7970,11385,13983	2	circRNA	ENSRNOT00000010264	ENSRNOT00000010264	1,2,3,4,5,6	None|14:106167943-106178960
14	113906515	113922713	circular_RNA/2	1	+	113906515	113906515	0,0,0	8	278,144,187,146,93,215,84,204	0,492,3541,8019,11093,11308,14944,15994	2	circRNA	ENSRNOT00000067591	ENSRNOT00000067591	10,11,12,13,14,15,16,17	14:113904643-113906515|14:113922713-113923427
14	114139415	114142680	circular_RNA/3	1	+	114139415	114139415	0,0,0	2	57,2352	0,913	3	circRNA	ENSRNOT00000006443	ENSRNOT00000006443	2,3	14:114127734-114139415|14:114142680-114167138
14	115183820	115200200	circular_RNA/1	1	+	115183820	115183820	0,0,0	10	141,117,66,45,150,64,75,123,93,266	0,843,6648,8503,9814,10499,11802,13168,15159,16114	1	circRNA	ENSRNOT00000088916	ENSRNOT00000088916	2,3,4,5,6,7,8,9,10,11	14:115166662-115183820|14:115200200-115201074
17	9500835	9515447	circular_RNA/1	0	-	9500835	9500835	0,0,0	10	122,176,121,166,114,152,166,97,144,189	0,930,1868,2488,3614,5100,7857,8820,12726,14423	1	circRNA	ENSRNOT00000029885	ENSRNOT00000029885	11,10,9,8,7,6,5,4,3,2	17:9496416-9500835|17:9515447-9519345
17	15992059	16003404	circular_RNA/1	1	+	15992059	15992059	0,0,0	10	156,192,540,294,50,169,117,171,46,120	0,540,1877,5757,6511,7352,7589,10342,10626,11225	1	circRNA	ENSRNOT00000050696	ENSRNOT00000050696	9,10,11,12,13,14,15,16,17,18	17:15989064-15992059|17:16003404-16009329
17	24032669	24045965	circular_RNA/1	0	-	24032669	24032669	0,0,0	7	152,122,145,191,109,113,185	0,1580,4277,7403,9079,10740,13111	1	circRNA	ENSRNOT00000024174	ENSRNOT00000024174	14,13,12,11,10,9,8	17:24024800-24032669|17:24045965-24052252
17	30695041	30706843	circular_RNA/1	1	-	30695041	30695041	0,0,0	6	74,211,82,156,174,1197	0,2302,3459,4658,8834,10605	1	circRNA	ENSRNOT00000022902	ENSRNOT00000022902	7,6,5,4,3,2	17:30693619-30695041|17:30706843-30714325
17	52378629	52555114	circular_RNA/1	1	-	52378629	52378629	0,0,0	6	202,147,206,106,243,165	0,4063,7304,32211,98702,176320	1	circRNA	ENSRNOT00000019396	ENSRNOT00000019396	7,6,5,4,3,2	17:52366900-52378629|17:52555114-52568861
17	53652467	53680771	circular_RNA/1	1	-	53652467	53652467	0,0,0	8	199,85,261,176,241,98,95,73	0,2811,13491,21160,21842,24588,25718,28231	1	circRNA	ENSRNOT00000078643	ENSRNOT00000078643	12,11,10,9,8,7,6,5	17:53643023-53652467|17:53680771-53683405
17	58006110	58029779	circular_RNA/3	1	+	58006110	58006110	0,0,0	11	178,97,65,136,23,3,6,30,10,77,241	0,4648,7055,10918,12910,12934,12938,12945,12976,17728,23428	3	circRNA	ENSRNOT00000022688	ENSRNOT00000022688	3,4,5,6,7,8,9,10,11,12,13	17:57996894-58006110|17:58029779-58031055
17	89721612	89735763	circular_RNA/1	0	-	89721612	89721612	0,0,0	6	83,84,151,110,99,163	0,2480,4618,9050,12263,13988	1	circRNA	ENSRNOT00000023395	ENSRNOT00000023395	8,7,6,5,4,3	17:89719508-89721612|17:89735763-89737865
17	89819111	89833262	circular_RNA/1	0	-	89819111	89819111	0,0,0	6	83,84,151,110,99,163	0,2480,4618,9050,12263,13988	1	circRNA	ENSRNOT00000081249	ENSRNOT00000081249	8,7,6,5,4,3	17:89817007-89819111|17:89833262-89835364
16	2158110	2179241	circular_RNA/2	0	-	2158110	2158110	0,0,0	9	169,138,141,72,96,63,37,73,148	0,2639,3863,5184,5561,8347,10267,13603,20983	2	circRNA	ENSRNOT00000089377	ENSRNOT00000089377	11,10,9,8,7,6,5,4,3	16:2142317-2158110|16:2179241-2225725
16	2565990	2581762	circular_RNA/1	0	-	2565990	2565990	0,0,0	8	51,147,37,175,53,183,92,57	0,1729,2439,2564,10539,12911,13959,15715	1	circRNA	ENSRNOT00000018413	ENSRNOT00000018413	19,18,17,16,15,14,13,12	16:2565411-2565990|16:2581762-2583168
16	4915414	5124813	circular_RNA/1	0	-	4915414	4915414	0,0,0	14	56,53,76,71,63,45,62,81,122,96,94,98,46,68	0,1521,4348,17071,117471,126737,127863,188739,191963,199230,201496,203598,203841,209331	1	circRNA	ENSRNOT00000048043	ENSRNOT00000048043	33,32,31,30,29,28,27,26,25,24,23,22,21,20	16:4908200-4915414|16:5124813-5126086
16	7126590	7138308	circular_RNA/1	1	+	7126590	7126590	0,0,0	6	99,86,96,92,214,142	0,4011,4723,5736,9359,11576	1	circRNA	ENSRNOT00000016581	ENSRNOT00000016581	10,11,12,13,14,15	16:7124875-7126590|16:7138308-7139562
16	7438794	7463395	circular_RNA/1	1	+	7438794	7438794	0,0,0	12	109,158,68,201,87,127,86,94,147,107,121,145	0,3980,4977,7156,10067,12700,14403,15831,19208,20097,20973,24456	1	circRNA	ENSRNOT00000026323	ENSRNOT00000026323	2,3,4,5,6,7,8,9,10,11,12,13	16:7435888-7438794|16:7463395-7464233
16	19142946	19176423	circular_RNA/2	1	+	19142946	19142946	0,0,0	19	90,48,96,63,126,60,234,158,157,86,73,162,198,165,124,51,137,61,83	0,698,4356,5065,8888,12295,14550,16611,18713,19108,20315,20754,21354,22636,28012,28826,29730,32651,33394	2	circRNA	ENSRNOT00000018960	ENSRNOT00000018960	3,4,5,6,7,8,9,10,11,12,13,14,15,16,17,18,19,20,21	16:19142528-19142946|16:19176423-19186222
16	54054980	54061837	circular_RNA/1	0	-	54054980	54054980	0,0,0	6	135,137,159,121,132,173	0,2202,2673,3871,6223,6684	1	circRNA	ENSRNOT00000014202	ENSRNOT00000014202	29,28,27,26,25,24	16:54049145-54054980|16:54061837-54066978
16	54080266	54093004	circular_RNA/1	0	-	54080266	54080266	0,0,0	8	359,172,191,146,220,198,191,141	0,2855,6127,6809,7061,8868,11385,12597	1	circRNA	ENSRNOT00000014202	ENSRNOT00000014202	22,21,20,19,18,17,16,15	16:54067143-54080266|16:54093004-54095399
16	54792658	54826033	circular_RNA/1	1	+	54792658	54792658	0,0,0	6	123,163,158,129,135,133	0,1834,11392,22259,27687,33242	1	circRNA	ENSRNOT00000086899	ENSRNOT00000086899	2,3,4,5,6,7	16:54765418-54792658|16:54826033-54843062
16	60310911	60317529	circular_RNA/1	1	+	60310911	60310911	0,0,0	3	179,211,84	0,2425,6534	1	circRNA	ENSRNOT00000015239	ENSRNOT00000015239	2,3,4	16:60307370-60310911|16:60317529-60319416
16	84806783	84842321	circular_RNA/2	0	-	84806783	84806783	0,0,0	7	148,118,106,128,66,111,151	0,12957,17875,20508,22714,28995,35387	2	circRNA	ENSRNOT00000022742	ENSRNOT00000022742	15,14,13,12,11,10,9	16:84785778-84806783|16:84842321-84850533
19	712471	716350	circular_RNA/2	1	+	712471	712471	0,0,0	3	350,65,93	0,3459,3786	2	circRNA	ENSRNOT00000087469	ENSRNOT00000087469	13,14,15	19:704876-712471|19:716350-730455
19	9727304	9743078	circular_RNA/1	1	+	9727304	9727304	0,0,0	11	141,180,117,111,78,178,131,297,141,105,120	0,1299,2700,9583,9982,10233,11593,13134,14445,14680,15654	1	circRNA	ENSRNOT00000016563	ENSRNOT00000016563	24,25,26,27,28,29,30,31,32,33,34	19:9726854-9727304|19:9743078-9746179
19	16965771	17024145	circular_RNA/1	0	-	16965771	16965771	0,0,0	5	144,80,144,619,78	0,6580,30981,49763,58296	1	circRNA	ENSRNOT00000086829	ENSRNOT00000086829	6,5,4,3,2	19:16955541-16965771|19:17024145-17045076
19	22373972	22382073	circular_RNA/1	1	+	22373972	22373972	0,0,0	4	151,109,44,79	0,2049,4060,8022	1	circRNA	ENSRNOT00000021711	ENSRNOT00000021711	11,12,13,14	19:22348381-22373972|19:22382073-22395349
19	37629882	37637482	circular_RNA/2	1	+	37629882	37629882	0,0,0	4	790,171,134,121	0,1097,3943,7479	2	circRNA	ENSRNOT00000023853	ENSRNOT00000023853	3,4,5,6	19:37608071-37629882|19:37637482-37638353
19	38057556	38058694	circular_RNA/1	1	+	38057556	38057556	0,0,0	1	1138	0	1	circRNA	ENSRNOT00000087491	ENSRNOT00000087491	2	19:38039912-38057556|19:38058694-38062030
1	44421672	44425082	circular_RNA/1	1	+	44421672	44421672	0,0,0	4	69,126,109,180	0,878,1744,3230	1	circRNA	ENSRNOT00000065386	ENSRNOT00000065386	17,18,19,20	1:44418893-44421672|1:44425082-44426533
1	80443034	80446422	circular_RNA/2	0	-	80443034	80443034	0,0,0	7	113,156,151,120,101,46,98	0,381,621,994,1507,1721,3290	2	circRNA	ENSRNOT00000023867	ENSRNOT00000023867	8,7,6,5,4,3,2	1:80441795-80443034|1:80446422-80470944
1	114562501	114599418	circular_RNA/1	1	+	114562501	114562501	0,0,0	16	191,106,92,176,112,82,144,91,178,82,172,145,226,172,187,141	0,1627,1817,8015,11068,16226,16405,18080,18432,18755,18922,19972,22640,34718,36149,36776	1	circRNA	ENSRNOT00000090796	ENSRNOT00000090796	53,54,55,56,57,58,59,60,61,62,63,64,65,66,67,68	1:114558728-114562501|1:114599418-114614486
1	116643749	116660509	circular_RNA/2	1	+	116643749	116643749	0,0,0	7	284,1247,145,206,165,156,74	0,3911,12637,14224,15038,16431,16686	2	circRNA	ENSRNOT00000021366	ENSRNOT00000021366	5,6,7,8,9,10,11	1:116610544-116643749|1:116660509-116674177
1	126149935	126157908	circular_RNA/1	1	-	126149935	126149935	0,0,0	4	144,218,475,167	0,1382,3188,7806	1	circRNA	ENSRNOT00000087332	ENSRNOT00000087332	27,26,25,24	1:126147984-126149935|1:126157908-126162431
1	134766137	134780039	circular_RNA/1	1	-	134766137	134766137	0,0,0	5	244,214,100,179,135	0,6084,8836,11633,13767	1	circRNA	ENSRNOT00000076300	ENSRNOT00000076300	38,37,36,35,34	1:134761175-134766137|1:134780039-134782526
1	140044381	140158228	circular_RNA/1	0	-	140044381	140044381	0,0,0	9	189,103,65,24,297,142,143,158,69	0,87236,88227,89658,95783,96528,97059,98259,113778	1	circRNA	ENSRNOT00000041839	ENSRNOT00000041839	12,11,10,9,8,7,6,5,4	1:139956356-140044381|1:140158228-140198321
1	142849915	142852148	circular_RNA/4	0	+	142849915	142849915	0,0,0	1	2233	0	4	circRNA	ENSRNOT00000091569	ENSRNOT00000091569	2	1:142834268-142849915|1:142852148-142856058
1	143179771	143196505	circular_RNA/1	0	-	143179771	143179771	0,0,0	6	137,90,114,253,224,189	0,1079,1467,3945,5751,16545	1	circRNA	ENSRNOT00000080925	ENSRNOT00000080925	7,6,5,4,3,2	1:143176392-143179771|1:143196505-143256418
1	144154618	144177718	circular_RNA/1	1	+	144154618	144154618	0,0,0	7	69,73,144,134,159,104,110	0,7002,9288,11752,14395,21864,22990	1	circRNA	ENSRNOT00000026870	ENSRNOT00000026870	2,3,4,5,6,7,8	1:144070033-144154618|1:144177718-144199772
1	151630850	151689447	circular_RNA/1	1	+	151630850	151630850	0,0,0	4	236,247,169,127	0,31231,54557,58470	1	circRNA	ENSRNOT00000022060	ENSRNOT00000022060	2,3,4,5	1:151439689-151630850|1:151689447-151729248
1	154405930	154447475	circular_RNA/1	1	+	154405930	154405930	0,0,0	18	143,76,103,94,112,107,42,86,124,137,104,150,108,117,31,100,60,105	0,876,5114,9492,10532,12750,14918,16403,18297,18678,19475,26059,33814,35718,35925,36106,40224,41440	1	circRNA	ENSRNOT00000092945	ENSRNOT00000092945	2,3,4,5,6,7,8,9,10,11,12,13,14,15,16,17,18,19	1:154377658-154405930|1:154447475-154457074
1	157470070	157490006	circular_RNA/1	1	-	157470070	157470070	0,0,0	14	36,93,156,184,106,120,100,1553,91,181,1118,195,189,126	0,475,981,1950,3177,3692,8001,11466,13986,14174,15136,17560,18059,19810	1	circRNA	ENSRNOT00000013552	ENSRNOT00000013552	15,14,13,12,11,10,9,8,7,6,5,4,3,2	1:157468854-157470070|1:157490006-157493619
1	162612272	162649918	circular_RNA/1	1	+	162612272	162612272	0,0,0	7	93,206,155,1775,207,105,80	0,3039,17156,27627,31310,36276,37566	1	circRNA	ENSRNOT00000037050	ENSRNOT00000037050	3,4,5,6,7,8,9	1:162591137-162612272|1:162649918-162653856
1	162615311	162643789	circular_RNA/1	0	+	162615311	162615311	0,0,0	4	206,155,1775,207	0,14117,24588,28271	1	circRNA	ENSRNOT00000037050	ENSRNOT00000037050	4,5,6,7	1:162612365-162615311|1:162643789-162648548
1	162639899	162643789	circular_RNA/1	0	+	162639899	162639899	0,0,0	2	1775,207	0,3683	1	circRNA	ENSRNOT00000037050	ENSRNOT00000037050	6,7	1:162629583-162639899|1:162643789-162648548
1	163564634	163598771	circular_RNA/1	0	-	163564634	163564634	0,0,0	10	199,174,137,171,150,67,188,277,260,176	0,2216,4842,11682,13756,18954,19084,22597,30221,33961	1	circRNA	ENSRNOT00000043788	ENSRNOT00000043788	14,13,12,11,10,9,8,7,6,5	1:163556818-163564634|1:163598771-163602170
1	167250517	167269761	circular_RNA/1	0	-	167250517	167250517	0,0,0	6	114,299,117,188,134,141	0,675,4067,9840,13358,19103	1	circRNA	ENSRNOT00000027575	ENSRNOT00000027575	17,16,15,14,13,12	1:167249900-167250517|1:167269761-167276450
1	175200413	175215404	circular_RNA/1	0	-	175200413	175200413	0,0,0	4	150,110,205,99	0,1709,7779,14892	1	circRNA	ENSRNOT00000013126	ENSRNOT00000013126	15,14,13,12	1:175171371-175200413|1:175215404-175217457
1	185233418	185234547	circular_RNA/2	1	+	185233418	185233418	0,0,0	1	1129	0	2	circRNA	ENSRNOT00000055120	ENSRNOT00000055120	3	1:185211770-185233418|1:185234547-185252578
1	188425562	188427210	circular_RNA/2	1	+	188425562	188425562	0,0,0	1	1648	0	2	circRNA	ENSRNOT00000037870	ENSRNOT00000037870	5	1:188422562-188425562|1:188427210-188429816
1	192952649	192953216	circular_RNA/1	1	+	192952649	192952649	0,0,0	2	104,338	0,229	1	circRNA	ENSRNOT00000035770	ENSRNOT00000035770	9,10	1:192951628-192952649|1:192953216-192954815
1	192952649	192955267	circular_RNA/2	0	+	192952649	192952649	0,0,0	5	104,338,97,79,55	0,229,2166,2392,2563	2	circRNA	ENSRNOT00000035770	ENSRNOT00000035770	9,10,11,12,13	1:192951628-192952649|1:192955267-192957675
1	231457045	231498197	circular_RNA/1	1	-	231457045	231457045	0,0,0	4	17,202,75,63	0,1294,25647,41089	1	circRNA	ENSRNOT00000087140	ENSRNOT00000087140	8,7,6,5	1:231415776-231457045|1:231498197-231527568
1	235750192	235789332	circular_RNA/1	0	-	235750192	235750192	0,0,0	14	115,187,143,95,130,63,172,107,128,58,81,60,60,110	0,200,7456,7886,9098,9671,11455,13737,14026,21566,27749,28090,30157,39030	1	circRNA	ENSRNOT00000014800	ENSRNOT00000014800	19,18,17,16,15,14,13,12,11,10,9,8,7,6	1:235737635-235750192|1:235789332-235793876
1	243373400	243376079	circular_RNA/1	1	+	243373400	243373400	0,0,0	1	2679	0	1	circRNA	ENSRNOT00000021496	ENSRNOT00000021496	3	1:243343459-243373400|1:243376079-243386074
1	247922779	247945662	circular_RNA/1	1	-	247922779	247922779	0,0,0	3	90,80,1418	0,8546,21465	1	circRNA	ENSRNOT00000039428	ENSRNOT00000039428	5,4,3	1:247908512-247922779|1:247945662-247960352
1	247922779	247960553	circular_RNA/2	1	-	247922779	247922779	0,0,0	4	90,80,1418,201	0,8546,21465,37573	2	circRNA	ENSRNOT00000039428	ENSRNOT00000039428	5,4,3,2	1:247908512-247922779|1:247960553-247977846
1	247944244	247960553	circular_RNA/1	1	-	247944244	247944244	0,0,0	2	1418,201	0,16108	1	circRNA	ENSRNOT00000039428	ENSRNOT00000039428	3,2	1:247931405-247944244|1:247960553-247977846
1	260484265	260507970	circular_RNA/1	0	-	260484265	260484265	0,0,0	8	131,95,167,132,78,161,123,196	0,2763,6598,8416,13876,15073,16300,23509	1	circRNA	ENSRNOT00000018043	ENSRNOT00000018043	9,8,7,6,5,4,3,2	1:260479043-260484265|1:260507970-260517028
1	260490863	260507970	circular_RNA/2	0	-	260490863	260490863	0,0,0	6	167,132,78,161,123,196	0,1818,7278,8475,9702,16911	2	circRNA	ENSRNOT00000018043	ENSRNOT00000018043	7,6,5,4,3,2	1:260487123-260490863|1:260507970-260517028
1	260791755	260801171	circular_RNA/2	1	+	260791755	260791755	0,0,0	3	133,288,94	0,6433,9322	2	circRNA	ENSRNOT00000076842	ENSRNOT00000076842	5,6,7	1:260775166-260791755|1:260801171-260803931
1	264674064	264689905	circular_RNA/2	0	+	264674064	264674064	0,0,0	7	44,734,55,968,71,123,168	0,683,3883,8329,10289,14777,15673	2	circRNA	ENSRNOT00000034814	ENSRNOT00000034814	3,4,5,6,7,8,9	1:264671209-264674064|1:264689905-264692389
1	264682393	264689905	circular_RNA/1	0	+	264682393	264682393	0,0,0	4	968,71,123,168	0,1960,6448,7344	1	circRNA	ENSRNOT00000034814	ENSRNOT00000034814	6,7,8,9	1:264678002-264682393|1:264689905-264692389
1	267385919	267397007	circular_RNA/1	1	+	267385919	267385919	0,0,0	8	73,195,82,129,1353,131,124,180	0,210,1155,3902,4338,6930,7263,10908	1	circRNA	ENSRNOT00000015495	ENSRNOT00000015495	5,6,7,8,9,10,11,12	1:267381291-267385919|1:267397007-267405677
1	278580845	278701866	circular_RNA/1	1	+	278580845	278580845	0,0,0	23	84,114,129,209,175,88,256,184,155,85,206,119,133,182,214,189,219,138,94,53,95,79,158	0,1157,9773,13527,21006,22948,24825,27614,39822,48950,51831,52967,58656,64785,67257,69770,75415,80977,98176,106425,117466,119339,120863	1	circRNA	ENSRNOT00000023414	ENSRNOT00000023414	2,3,4,5,6,7,8,9,10,11,12,13,14,15,16,17,18,19,20,21,22,23,24	1:278557997-278580845|1:278701866-278731693
1	278679021	278731755	circular_RNA/1	1	+	278679021	278679021	0,0,0	6	94,53,95,79,158,62	0,8249,19290,21163,22687,52672	1	circRNA	ENSRNOT00000023414	ENSRNOT00000023414	20,21,22,23,24,25	1:278661960-278679021|1:278731755-278749750
Y	1030851	1038541	circular_RNA/3	1	-	1030851	1030851	0,0,0	4	206,106,130,734	0,912,2729,6956	3	circRNA	ENSRNOT00000093013	ENSRNOT00000093013	19,18,17,16	Y:1013105-1030851|Y:1038541-1049564
Y	1094107	1112294	circular_RNA/1	0	-	1094107	1094107	0,0,0	5	130,734,96,135,220	0,4227,15984,17149,17967	1	circRNA	ENSRNOT00000082648	ENSRNOT00000082648	17,16,15,14,13	Y:1092396-1094107|Y:1112294-1112936
Y	1110091	1153312	circular_RNA/1	0	-	1110091	1110091	0,0,0	10	96,135,220,99,127,94,35,55,121,59	0,1165,1983,2845,16592,17953,32485,35581,40653,43162	1	circRNA	ENSRNOT00000082648	ENSRNOT00000082648	15,14,13,12,11,10,9,8,7,6	Y:1099068-1110091|Y:1153312-1177469
