20	26810884	26823720	circular_RNA/6	1	+	26810884	26810884	0,0,0	7	120,24,99,168,144,167,67	0,4875,7632,8833,9460,12383,12769	6	circRNA	ENSRNOT00000083017	ENSRNOT00000083017	16,17,18,19,20,21,22	20:26800569-26810884|20:26823720-26828445
20	32379282	32387362	circular_RNA/1	1	-	32379282	32379282	0,0,0	6	147,83,112,240,192,186	0,421,1289,2178,4396,7894	1	circRNA	ENSRNOT00000067004	ENSRNOT00000067004	21,20,19,18,17,16	20:32376363-32379282|20:32387362-32389997
20	44909952	44919097	circular_RNA/3	1	+	44909952	44909952	0,0,0	4	126,193,112,116	0,5187,7349,9029	3	circRNA	ENSRNOT00000057227	ENSRNOT00000057227	16,17,18,19	20:44908562-44909952|20:44919097-44925079
20	54203368	54219701	circular_RNA/2	1	-	54203368	54203368	0,0,0	3	174,54,182	0,3946,16151	2	circRNA	ENSRNOT00000037559	ENSRNOT00000037559	5,4,3	20:54097519-54203368|20:54219701-54260923
4	11098245	11152065	circular_RNA/1	0	-	11098245	11098245	0,0,0	8	144,196,178,186,249,193,92,42	0,1446,7466,9593,34567,42079,47938,53778	1	circRNA	ENSRNOT00000066643	ENSRNOT00000066643	18,17,16,15,14,13,12,11	4:11054158-11098245|4:11152065-11161057
4	27509135	27524886	circular_RNA/1	1	+	27509135	27509135	0,0,0	3	273,301,183	0,3425,15568	1	circRNA	ENSRNOT00000007940	ENSRNOT00000007940	2,3,4	4:27473706-27509135|4:27524886-27537800
4	30182381	30198862	circular_RNA/2	1	+	30182381	30182381	0,0,0	5	156,54,230,97,172	0,12004,14593,16119,16309	2	circRNA	ENSRNOT00000011756	ENSRNOT00000011756	6,7,8,9,10	4:30159890-30182381|4:30198862-30215869
4	38263239	38338391	circular_RNA/3	1	+	38263239	38263239	0,0,0	14	764,145,160,112,138,147,271,107,96,104,132,169,51,122	0,8297,21410,27315,28264,41541,43120,43704,44884,46267,48404,63048,74856,75030	3	circRNA	ENSRNOT00000065649	ENSRNOT00000065649	3,4,5,6,7,8,9,10,11,12,13,14,15,16	4:38256132-38263239|4:38338391-38338982
4	58714646	58725647	circular_RNA/2	1	+	58714646	58714646	0,0,0	5	70,143,89,110,193	0,5047,6428,9029,10808	2	circRNA	ENSRNOT00000081707	ENSRNOT00000081707	2,3,4,5,6	4:58693481-58714646|4:58725647-58737814
4	66180862	66207619	circular_RNA/1	1	+	66180862	66180862	0,0,0	6	102,138,104,490,71,130	0,12868,14373,14927,19704,26627	1	circRNA	ENSRNOT00000064175	ENSRNOT00000064175	3,4,5,6,7,8	4:66172647-66180862|4:66207619-66209695
4	66214542	66219277	circular_RNA/1	1	+	66214542	66214542	0,0,0	3	43,51,1545	0,2104,3190	1	circRNA	ENSRNOT00000064175	ENSRNOT00000064175	13,14,15	4:66212096-66214542|4:66219277-66226187
4	115661994	115662660	circular_RNA/4	1	+	115661994	115661994	0,0,0	1	666	0	4	ciRNA	ENSRNOT00000019617	ENSRNOT00000019617	18	4:115661994-115662660
4	131439625	131453028	circular_RNA/1	1	-	131439625	131439625	0,0,0	4	205,160,90,138	0,6608,12122,13265	1	circRNA	ENSRNOT00000013271	ENSRNOT00000013271	7,6,5,4	4:131415509-131439625|4:131453028-131511427
4	174720691	174742961	circular_RNA/4	0	+	174720691	174720691	0,0,0	6	468,463,84,120,54,81	0,7293,9367,12589,13471,22189	4	circRNA	ENSRNOT00000042291	ENSRNOT00000042291	11,12,13,14,15,16	4:174714355-174720691|4:174742961-174747825
8	508993	509712	circular_RNA/7	1	+	508993	508993	0,0,0	1	719	0	7	circRNA	ENSRNOT00000046058	ENSRNOT00000046058	4	8:456940-508993|8:509712-759957
8	23851918	23884848	circular_RNA/1	1	+	23851918	23851918	0,0,0	6	103,105,141,96,173,153	0,2491,12691,16491,26346,32777	1	circRNA	ENSRNOT00000020481	ENSRNOT00000020481	8,9,10,11,12,13	8:23846962-23851918|8:23884848-23985278
8	33279133	33335423	circular_RNA/1	1	+	33279133	33279133	0,0,0	7	85,87,138,93,123,78,82	0,17325,33187,35742,36983,38498,56208	1	circRNA	ENSRNOT00000011589	ENSRNOT00000011589	5,6,7,8,9,10,11	8:33278802-33279133|8:33335423-33368676
8	58225221	58233692	circular_RNA/3	0	-	58225221	58225221	0,0,0	4	94,81,146,142	0,6709,6872,8329	3	circRNA	ENSRNOT00000010956	ENSRNOT00000010956	8,7,6,5	8:58224235-58225221|8:58233692-58235461
8	58968389	58970397	circular_RNA/1	0	-	58968389	58968389	0,0,0	2	192,1070	0,938	1	circRNA	ENSRNOT00000066197	ENSRNOT00000066197	25,24	8:58966755-58968389|8:58970397-58972656
8	59736469	59745377	circular_RNA/1	1	+	59736469	59736469	0,0,0	5	57,141,85,61,91	0,4155,6756,8310,8817	1	circRNA	ENSRNOT00000019539	ENSRNOT00000019539	4,5,6,7,8	8:59729064-59736469|8:59745377-59750383
8	60441496	60471827	circular_RNA/1	0	-	60441496	60441496	0,0,0	10	108,153,82,143,156,141,112,118,76,171	0,637,2128,10591,11791,19015,28022,28351,29421,30160	1	circRNA	ENSRNOT00000009169	ENSRNOT00000009169	19,18,17,16,15,14,13,12,11,10	8:60408869-60441496|8:60471827-60482534
8	60460511	60471827	circular_RNA/3	0	-	60460511	60460511	0,0,0	5	141,112,118,76,171	0,9007,9336,10406,11145	3	circRNA	ENSRNOT00000009169	ENSRNOT00000009169	14,13,12,11,10	8:60453443-60460511|8:60471827-60482534
8	64445797	64446459	circular_RNA/1	1	+	64445797	64445797	0,0,0	1	662	0	1	ciRNA	ENSRNOT00000058339	ENSRNOT00000058339	4	8:64445797-64446459
8	65512390	65551060	circular_RNA/1	0	-	65512390	65512390	0,0,0	4	164,84,148,62	0,3976,15872,38608	1	circRNA	ENSRNOT00000016491	ENSRNOT00000016491	11,10,9,8	8:65497351-65512390|8:65551060-65568774
8	70318275	70333132	circular_RNA/5	1	+	70318275	70318275	0,0,0	5	131,332,250,70,170	0,3008,6370,12821,14687	5	circRNA	ENSRNOT00000016260	ENSRNOT00000016260	2,3,4,5,6	8:70317658-70318275|8:70333132-70334201
8	70339050	70367391	circular_RNA/1	1	+	70339050	70339050	0,0,0	12	67,59,145,176,101,219,146,134,136,207,129,142	0,1388,3644,4070,7854,12664,13768,25601,27126,27528,27823,28199	1	circRNA	ENSRNOT00000016260	ENSRNOT00000016260	8,9,10,11,12,13,14,15,16,17,18,19	8:70334443-70339050|8:70367391-70371301
8	72087672	72094515	circular_RNA/2	0	+	72087672	72087672	0,0,0	4	174,115,121,172	0,4210,4414,6671	2	circRNA	ENSRNOT00000089336	ENSRNOT00000089336	19,20,21,22	8:72084627-72087672|8:72094515-72097845
8	72138877	72148728	circular_RNA/2	1	+	72138877	72138877	0,0,0	2	161,117	0,9734	2	circRNA	ENSRNOT00000089336	ENSRNOT00000089336	40,41	8:72136113-72138877|8:72148728-72149221
8	73720945	73729461	circular_RNA/1	1	+	73720945	73720945	0,0,0	6	60,81,58,128,107,172	0,1813,2673,4778,6690,8344	1	circRNA	ENSRNOT00000057522	ENSRNOT00000057522	10,11,12,13,14,15	8:73718648-73720945|8:73729461-73732788
8	73720945	73737419	circular_RNA/1	1	+	73720945	73720945	0,0,0	9	60,81,58,128,107,172,63,127,95	0,1813,2673,4778,6690,8344,11843,15658,16379	1	circRNA	ENSRNOT00000057522	ENSRNOT00000057522	10,11,12,13,14,15,16,17,18	8:73718648-73720945|8:73737419-73740732
8	76991894	76995624	circular_RNA/4	0	+	76991894	76991894	0,0,0	3	65,198,48	0,2697,3682	4	circRNA	ENSRNOT00000090268	ENSRNOT00000090268	3,4,5	8:76979001-76991894|8:76995624-77003373
8	77003373	77015875	circular_RNA/3	1	+	77003373	77003373	0,0,0	11	28,469,50,119,150,104,164,86,164,181,125	0,1307,2401,4394,6409,7398,7616,8209,8757,11560,12377	3	circRNA	ENSRNOT00000090268	ENSRNOT00000090268	6,7,8,9,10,11,12,13,14,15,16	8:76995624-77003373|8:77015875-77017027
8	78370997	78388200	circular_RNA/1	1	-	78370997	78370997	0,0,0	8	207,72,77,79,65,145,140,106	0,950,2388,8406,14818,15207,15740,17097	1	circRNA	ENSRNOT00000081185	ENSRNOT00000081185	16,15,14,13,12,11,10,9	8:78359532-78370997|8:78388200-78415869
8	84434783	84496011	circular_RNA/6	0	-	84434783	84434783	0,0,0	7	129,45,45,60,66,72,1467	0,8832,18500,26348,26697,47845,59761	6	circRNA	ENSRNOT00000076213	ENSRNOT00000076213	9,8,7,6,5,4,3	None|8:84496011-84505935
8	84434783	84496086	circular_RNA/3	0	-	84434783	84434783	0,0,0	7	129,45,45,60,66,72,1542	0,8832,18500,26348,26697,47845,59761	3	circRNA	ENSRNOT00000076942	ENSRNOT00000076942	9,8,7,6,5,4,3	None|8:84496086-84505935
8	84443615	84496086	circular_RNA/1	0	-	84443615	84443615	0,0,0	6	45,45,60,66,72,1542	0,9668,17516,17865,39013,50929	1	circRNA	ENSRNOT00000076942	ENSRNOT00000076942	8,7,6,5,4,3	8:84434912-84443615|8:84496086-84505935
8	87268949	87273285	circular_RNA/1	1	-	87268949	87268949	0,0,0	2	58,2806	0,1530	1	circRNA	ENSRNOT00000081437	ENSRNOT00000081437	4,3	8:87259842-87268949|8:87273285-87297729
8	89408678	89434334	circular_RNA/2	1	+	89408678	89408678	0,0,0	2	246,539	0,25117	2	circRNA	ENSRNOT00000037530	ENSRNOT00000037530	2,3	8:89369558-89408678|8:89434334-89487271
8	104046437	104084649	circular_RNA/5	1	+	104046437	104046437	0,0,0	3	58,106,67	0,29101,38145	5	circRNA	ENSRNOT00000081204	ENSRNOT00000081204	2,3,4	8:104041080-104046437|8:104084649-104128474
8	118139609	118148793	circular_RNA/1	0	+	118139609	118139609	0,0,0	7	107,222,184,60,293,114,93	0,1065,4331,5240,5411,7541,9091	1	circRNA	ENSRNOT00000056161	ENSRNOT00000056161	9,10,11,12,13,14,15	8:118121824-118139609|8:118148793-118153771
7	30727477	30735182	circular_RNA/1	0	+	30727477	30727477	0,0,0	4	76,102,117,167	0,1186,4123,7538	1	circRNA	ENSRNOT00000059269	ENSRNOT00000059269	8,9,10,11	7:30714802-30727477|7:30735182-30824947
7	50436464	50436526	circular_RNA/1	0	-	50436464	50436464	0,0,0	1	62	0	1	circRNA	ENSRNOT00000048880	ENSRNOT00000048880	3	7:50278844-50436464|7:50436526-50518923
7	53979119	53999080	circular_RNA/5	1	+	53979119	53979119	0,0,0	10	71,78,102,204,85,172,238,185,82,99	0,5627,7850,10117,12002,13524,15105,16061,18406,19862	5	circRNA	ENSRNOT00000091910	ENSRNOT00000091910	5,6,7,8,9,10,11,12,13,14	7:53954247-53979119|7:53999080-53999726
7	54220480	54234608	circular_RNA/1	1	+	54220480	54220480	0,0,0	12	37,86,103,142,81,129,72,140,146,20,123,30	0,4472,5734,9445,9793,10494,11431,12171,12625,12892,13502,14098	1	circRNA	ENSRNOT00000005286	ENSRNOT00000005286	2,3,4,5,6,7,8,9,10,11,12,13	7:54213463-54220480|7:54234608-54235109
7	78432826	78520474	circular_RNA/1	1	+	78432826	78432826	0,0,0	6	180,110,42,101,173,242	0,1034,20907,29461,49427,87406	1	circRNA	ENSRNOT00000050753	ENSRNOT00000050753	19,20,21,22,23,24	7:78421708-78432826|7:78520474-78574168
7	78462287	78520474	circular_RNA/2	1	+	78462287	78462287	0,0,0	3	101,173,242	0,19966,57945	2	circRNA	ENSRNOT00000050753	ENSRNOT00000050753	22,23,24	7:78453775-78462287|7:78520474-78574168
7	98011162	98016382	circular_RNA/4	1	+	98011162	98011162	0,0,0	6	315,133,183,4,186,136	0,406,1847,2601,2981,5084	4	circRNA	ENSRNOT00000008508	ENSRNOT00000008508	16,17,18,19,20,21	7:98009848-98011162|7:98016382-98017381
7	114504695	114540933	circular_RNA/6	1	-	114504695	114504695	0,0,0	9	98,57,53,31,118,108,78,141,55	0,2316,18980,22288,23524,25066,29325,29852,36183	6	circRNA	ENSRNOT00000011219	ENSRNOT00000011219	14,13,12,11,10,9,8,7,6	7:114499158-114504695|7:114540933-114550935
7	123709340	123715127	circular_RNA/1	1	-	123709340	123709340	0,0,0	1	5787	0	1	circRNA	ENSRNOT00000012699	ENSRNOT00000012699	2	7:123685161-123709340|7:123715127-123767649
7	130248671	130256350	circular_RNA/1	1	+	130248671	130248671	0,0,0	11	65,116,86,81,98,58,122,164,157,89,196	0,1821,3198,3761,4210,4640,4989,5356,6435,6682,7483	1	circRNA	ENSRNOT00000078423	ENSRNOT00000078423	10,11,12,13,14,15,16,17,18,19,20	7:130247440-130248671|7:130256350-130258999
X	20351429	20352081	circular_RNA/2	1	+	20351429	20351429	0,0,0	1	652	0	2	circRNA	ENSRNOT00000082177	ENSRNOT00000082177	2	X:20317020-20351429|X:20352081-20363118
X	31159082	31173096	circular_RNA/1	1	+	31159082	31159082	0,0,0	6	155,61,39,125,177,113	0,2950,5162,8430,12900,13901	1	circRNA	ENSRNOT00000084395	ENSRNOT00000084395	5,6,7,8,9,10	X:31157411-31159082|X:31173096-31175316
X	39835573	39885483	circular_RNA/5	0	+	39835573	39835573	0,0,0	6	69,147,134,212,90,215	0,15248,25251,28561,48144,49695	5	circRNA	ENSRNOT00000080512	ENSRNOT00000080512	8,9,10,11,12,13	X:39830787-39835573|X:39885483-39907521
X	40294550	40306093	circular_RNA/1	1	+	40294550	40294550	0,0,0	6	119,181,95,196,76,219	0,2878,6054,6509,8798,11324	1	circRNA	ENSRNOT00000087898	ENSRNOT00000087898	3,4,5,6,7,8	X:40287446-40294550|X:40306093-40310454
X	123718251	123720910	circular_RNA/5	0	-	123718251	123718251	0,0,0	2	161,183	0,2476	5	circRNA	ENSRNOT00000032618	ENSRNOT00000032618	8,7	X:123717432-123718251|X:123720910-123721314
X	128186177	128211281	circular_RNA/1	1	-	128186177	128186177	0,0,0	17	103,179,185,132,129,158,142,276,165,180,118,97,81,94,85,102,131	0,323,995,1266,1685,3005,3606,4644,8196,9945,11998,15994,17534,17998,18997,24776,24973	1	circRNA	ENSRNOT00000009755	ENSRNOT00000009755	30,29,28,27,26,25,24,23,22,21,20,19,18,17,16,15,14	X:128172115-128186177|X:128211281-128211711
X	128550176	128565869	circular_RNA/1	1	+	128550176	128550176	0,0,0	4	139,79,165,97	0,2971,7965,15596	1	circRNA	ENSRNOT00000044240	ENSRNOT00000044240	2,3,4,5	X:128493974-128550176|X:128565869-128569942
X	143419759	143443355	circular_RNA/1	0	-	143419759	143419759	0,0,0	5	129,108,81,90,120	0,7720,11257,13561,23476	1	circRNA	ENSRNOT00000051319	ENSRNOT00000051319	6,5,4,3,2	X:143409318-143419759|X:143443355-143453390
X	153866969	153867830	circular_RNA/2	0	-	153866969	153866969	0,0,0	1	861	0	2	circRNA	ENSRNOT00000087617	ENSRNOT00000087617	3	X:153726002-153866969|X:153867830-153878676
18	24448522	24449151	circular_RNA/2	1	+	24448522	24448522	0,0,0	3	148,91,108	0,245,521	2	circRNA	ENSRNOT00000022761	ENSRNOT00000022761	8,9,10	18:24436662-24448522|18:24449151-24458701
18	29457227	29457626	circular_RNA/3	1	+	29457227	29457227	0,0,0	2	146,112	0,287	3	circRNA	ENSRNOT00000082079	ENSRNOT00000082079	16,17	18:29450231-29457227|18:29457626-29458289
18	32069616	32094303	circular_RNA/1	0	-	32069616	32069616	0,0,0	8	101,130,105,111,102,72,62,96	0,1750,3217,9118,10623,19275,22763,24591	1	circRNA	ENSRNOT00000090882	ENSRNOT00000090882	9,8,7,6,5,4,3,2	18:32064625-32069616|18:32094303-32207327
18	36640588	36645658	circular_RNA/2	1	+	36640588	36640588	0,0,0	4	154,297,144,120	0,1163,3189,4950	2	circRNA	ENSRNOT00000036613	ENSRNOT00000036613	12,13,14,15	18:36639900-36640588|18:36645658-36646803
18	57743426	57755793	circular_RNA/2	1	+	57743426	57743426	0,0,0	2	154,569	0,11798	2	circRNA	ENSRNOT00000025892	ENSRNOT00000025892	4,5	18:57728715-57743426|18:57755793-57778749
18	59190040	59192425	circular_RNA/4	1	+	59190040	59190040	0,0,0	2	770,89	0,2296	4	circRNA	ENSRNOT00000025325	ENSRNOT00000025325	15,16	18:59173106-59190040|18:59192425-59205019
18	61323688	61340634	circular_RNA/1	1	+	61323688	61323688	0,0,0	4	182,177,163,282	0,4839,11847,16664	1	circRNA	ENSRNOT00000082403	ENSRNOT00000082403	3,4,5,6	18:61311205-61323688|18:61340634-61361848
18	66581615	66603887	circular_RNA/5	1	-	66581615	66581615	0,0,0	4	117,227,163,66	0,5119,15437,22206	5	circRNA	ENSRNOT00000064947	ENSRNOT00000064947	24,23,22,21	18:66566465-66581615|18:66603887-66622850
5	4394308	4425481	circular_RNA/2	1	+	4394308	4394308	0,0,0	6	78,70,143,138,83,187	0,10208,10595,13906,30507,30986	2	circRNA	ENSRNOT00000064946	ENSRNOT00000064946	2,3,4,5,6,7	5:4373749-4394308|5:4425481-4447446
5	8682504	8685648	circular_RNA/4	0	+	8682504	8682504	0,0,0	4	31,157,147,180	0,625,1952,2964	4	circRNA	ENSRNOT00000007766	ENSRNOT00000007766	2,3,4,5	5:8666479-8682504|5:8685648-8688955
5	12171584	12172003	circular_RNA/1	1	-	12171584	12171584	0,0,0	1	419	0	1	circRNA	ENSRNOT00000007769	ENSRNOT00000007769	2	5:12156904-12171584|5:12172003-12199175
5	14282911	14297862	circular_RNA/2	0	-	14282911	14282911	0,0,0	4	114,102,126,179	0,4917,12146,14772	2	circRNA	ENSRNOT00000085654	ENSRNOT00000085654	13,12,11,10	5:14262696-14282911|5:14297862-14305875
5	14282911	14314250	circular_RNA/2	0	-	14282911	14282911	0,0,0	6	114,102,126,179,193,98	0,4917,12146,14772,22964,31241	2	circRNA	ENSRNOT00000085654	ENSRNOT00000085654	13,12,11,10,9,8	5:14262696-14282911|5:14314250-14330859
5	22717442	22738059	circular_RNA/1	1	-	22717442	22717442	0,0,0	10	45,36,39,33,45,57,33,114,75,93	0,5340,6006,9367,9824,11384,12092,13854,17898,20524	1	circRNA	ENSRNOT00000076426	ENSRNOT00000076426	13,12,11,10,9,8,7,6,5,4	5:22662632-22717442|5:22738059-22761570
5	48607351	48698976	circular_RNA/1	1	+	48607351	48607351	0,0,0	6	136,72,165,69,101,67	0,11805,16240,29216,52736,91558	1	circRNA	ENSRNOT00000010614	ENSRNOT00000010614	9,10,11,12,13,14	5:48591948-48607351|5:48698976-48775502
5	59619931	59632668	circular_RNA/1	0	-	59619931	59619931	0,0,0	6	107,162,171,168,214,194	0,1222,3188,4360,10484,12543	1	circRNA	ENSRNOT00000077367	ENSRNOT00000077367	7,6,5,4,3,2	5:59617653-59619931|5:59632668-59638344
5	62411460	62502278	circular_RNA/1	0	-	62411460	62411460	0,0,0	6	237,201,66,102,171,138	0,11682,16855,29414,59516,90680	1	circRNA	ENSRNOT00000011573	ENSRNOT00000011573	7,6,5,4,3,2	5:62365914-62411460|5:62502278-62621269
5	75990186	76011558	circular_RNA/3	0	-	75990186	75990186	0,0,0	8	120,82,140,169,150,119,117,131	0,2308,6485,9743,12542,16261,18239,21241	3	circRNA	ENSRNOT00000019959	ENSRNOT00000019959	10,9,8,7,6,5,4,3	5:75984046-75990186|5:76011558-76032888
5	76831279	76840027	circular_RNA/1	1	+	76831279	76831279	0,0,0	4	195,72,468,129	0,4813,6673,8619	1	circRNA	ENSRNOT00000059458	ENSRNOT00000059458	7,8,9,10	5:76827470-76831279|5:76840027-76847670
5	76925719	76926914	circular_RNA/1	1	+	76925719	76925719	0,0,0	1	1195	0	1	circRNA	ENSRNOT00000022866	ENSRNOT00000022866	2	5:76860546-76925719|5:76926914-76984298
5	106171073	106171781	circular_RNA/9	1	-	106171073	106171073	0,0,0	1	708	0	9	circRNA	ENSRNOT00000015094	ENSRNOT00000015094	3	5:106121498-106171073|5:106171781-106202419
5	106171073	106202563	circular_RNA/3	1	-	106171073	106171073	0,0,0	2	708,144	0,31346	3	circRNA	ENSRNOT00000015094	ENSRNOT00000015094	3,2	5:106121498-106171073|5:106202563-106206318
5	122580013	122593611	circular_RNA/1	0	-	122580013	122580013	0,0,0	4	152,87,224,195	0,1891,5904,13403	1	circRNA	ENSRNOT00000046691	ENSRNOT00000046691	11,10,9,8	5:122569908-122580013|5:122593611-122605824
5	128664994	128667294	circular_RNA/1	1	+	128664994	128664994	0,0,0	3	58,74,70	0,946,2230	1	circRNA	ENSRNOT00000010462	ENSRNOT00000010462	10,11,12	5:128661031-128664994|5:128667294-128669964
5	140128706	140142214	circular_RNA/1	0	-	140128706	140128706	0,0,0	4	203,133,82,155	0,6885,11476,13353	1	circRNA	ENSRNOT00000046906	ENSRNOT00000046906	5,4,3,2	5:140120087-140128706|5:140142214-140162420
5	144367259	144380803	circular_RNA/5	0	-	144367259	144367259	0,0,0	6	102,135,195,91,160,185	0,1949,2796,5692,7324,13359	5	circRNA	ENSRNOT00000042371	ENSRNOT00000042371	17,16,15,14,13,12	5:144365623-144367259|5:144380803-144382491
5	144904224	144916596	circular_RNA/1	0	-	144904224	144904224	0,0,0	9	95,180,54,172,116,145,38,141,151	0,494,1456,3365,6097,9081,10138,10848,12221	1	circRNA	ENSRNOT00000016992	ENSRNOT00000016992	23,22,21,20,19,18,17,16,15	5:144896738-144904224|5:144916596-144917973
5	147363510	147368505	circular_RNA/7	1	-	147363510	147363510	0,0,0	4	92,83,791,117	0,1523,3115,4878	7	circRNA	ENSRNOT00000009436	ENSRNOT00000009436	5,4,3,2	5:147340996-147363510|5:147368505-147374889
5	150850431	150865550	circular_RNA/9	1	+	150850431	150850431	0,0,0	5	102,44,80,67,137	0,4730,8641,11796,14982	9	circRNA	ENSRNOT00000082945	ENSRNOT00000082945	2,3,4,5,6	5:150787174-150850431|5:150865550-150872711
5	151944768	151947717	circular_RNA/8	0	-	151944768	151944768	0,0,0	3	117,456,213	0,1378,2736	8	circRNA	ENSRNOT00000009173	ENSRNOT00000009173	4,3,2	5:151921981-151944768|5:151947717-151976770
5	167516580	167581074	circular_RNA/1	1	+	167516580	167516580	0,0,0	7	106,97,105,49,125,100,99	0,2220,9590,31112,40442,41570,64395	1	circRNA	ENSRNOT00000024443	ENSRNOT00000024443	5,6,7,8,9,10,11	5:167486126-167516580|5:167581074-167615349
3	909604	913614	circular_RNA/2	1	-	909604	909604	0,0,0	3	94,134,108	0,2636,3902	2	circRNA	ENSRNOT00000007471	ENSRNOT00000007471	5,4,3	3:905801-909604|3:913614-925949
3	1784561	1790839	circular_RNA/1	0	-	1784561	1784561	0,0,0	5	128,145,92,66,117	0,2605,4502,5734,6161	1	circRNA	ENSRNOT00000006162	ENSRNOT00000006162	37,36,35,34,33	3:1777191-1784561|3:1790839-1801784
3	2036882	2060164	circular_RNA/1	0	-	2036882	2036882	0,0,0	5	189,137,172,557,67	0,637,14126,20298,23215	1	circRNA	ENSRNOT00000086843	ENSRNOT00000086843	6,5,4,3,2	3:2032401-2036882|3:2060164-2123775
3	12802673	12892860	circular_RNA/1	0	-	12802673	12802673	0,0,0	6	60,56,95,123,130,97	0,2981,57763,80756,83813,90090	1	circRNA	ENSRNOT00000023172	ENSRNOT00000023172	9,8,7,6,5,4	3:12783679-12802673|3:12892860-12898544
3	12860436	12892860	circular_RNA/4	0	-	12860436	12860436	0,0,0	4	95,123,130,97	0,22993,26050,32327	4	circRNA	ENSRNOT00000023172	ENSRNOT00000023172	7,6,5,4	3:12805710-12860436|3:12892860-12898544
3	13270113	13288615	circular_RNA/5	1	-	13270113	13270113	0,0,0	3	136,191,242	0,7297,18260	5	circRNA	ENSRNOT00000082036	ENSRNOT00000082036	6,5,4	3:13247875-13270113|3:13288615-13434880
3	13510409	13522529	circular_RNA/7	1	+	13510409	13510409	0,0,0	3	328,90,149	0,2878,11971	7	circRNA	ENSRNOT00000023889	ENSRNOT00000023889	2,3,4	3:13485352-13510409|3:13522529-13571652
3	13510409	13602354	circular_RNA/1	1	+	13510409	13510409	0,0,0	6	328,90,149,173,177,110	0,2878,11971,61243,77520,91835	1	circRNA	ENSRNOT00000023889	ENSRNOT00000023889	2,3,4,5,6,7	3:13485352-13510409|3:13602354-13645147
3	59653910	59680308	circular_RNA/4	0	-	59653910	59653910	0,0,0	2	193,1360	0,25038	4	circRNA	ENSRNOT00000078752	ENSRNOT00000078752	4,3	3:59648692-59653910|3:59680308-59687513
3	81241503	81270191	circular_RNA/3	0	+	81241503	81241503	0,0,0	10	90,294,99,52,80,61,164,156,76,104	0,1578,15192,17515,18237,18738,21091,26485,28290,28584	3	circRNA	ENSRNOT00000067664	ENSRNOT00000067664	6,7,8,9,10,11,12,13,14,15	3:81240378-81241503|3:81270191-81271123
3	83263402	83270409	circular_RNA/3	0	-	83263402	83263402	0,0,0	6	187,225,78,166,116,147	0,2705,3062,4494,4816,6860	3	circRNA	ENSRNOT00000014088	ENSRNOT00000014088	16,15,14,13,12,11	3:83248690-83263402|3:83270409-83272991
3	94639630	94653706	circular_RNA/1	1	-	94639630	94639630	0,0,0	4	221,121,133,187	0,6738,7913,13889	1	circRNA	ENSRNOT00000077484	ENSRNOT00000077484	5,4,3,2	3:94636424-94639630|3:94653706-94657271
3	104980954	104984877	circular_RNA/9	1	+	104980954	104980954	0,0,0	8	496,35,157,23,26,21,30,166	0,580,669,1434,1699,1961,2527,3757	9	circRNA	ENSRNOT00000042103	ENSRNOT00000042103	5,6,7,8,9,10,11,12	3:104936645-104980954|3:104984877-105017126
3	107618069	107745394	circular_RNA/4	0	-	107618069	107618069	0,0,0	3	77,146,115	0,79506,127210	4	circRNA	ENSRNOT00000077091	ENSRNOT00000077091	9,8,7	3:107565883-107618069|3:107745394-107754085
3	108833169	108851078	circular_RNA/4	1	+	108833169	108833169	0,0,0	4	175,169,50,159	0,12190,13775,17750	4	circRNA	ENSRNOT00000007028	ENSRNOT00000007028	2,3,4,5	3:108795368-108833169|3:108851078-108854515
3	108851078	108854515	circular_RNA/2	1	+	108851078	108851078	0,0,0	1	3437	0	2	ciRNA	ENSRNOT00000007028	ENSRNOT00000007028	5	3:108851078-108854515
3	111255733	111263492	circular_RNA/6	0	-	111255733	111255733	0,0,0	5	204,54,215,121,162	0,1525,3586,4908,7597	6	circRNA	ENSRNOT00000031672	ENSRNOT00000031672	8,7,6,5,4	3:111254641-111255733|3:111263492-111265517
3	113854561	113862070	circular_RNA/1	0	+	113854561	113854561	0,0,0	4	142,81,99,171	0,765,6037,7338	1	circRNA	ENSRNOT00000044158	ENSRNOT00000044158	5,6,7,8	3:113851135-113854561|3:113862070-113877006
3	117365290	117382881	circular_RNA/2	1	-	117365290	117365290	0,0,0	8	102,64,50,154,192,95,60,209	0,9080,9264,9733,10541,14537,16126,17382	2	circRNA	ENSRNOT00000081533	ENSRNOT00000081533	9,8,7,6,5,4,3,2	3:117363878-117365290|3:117382881-117389322
3	118036335	118043500	circular_RNA/2	0	-	118036335	118036335	0,0,0	3	136,325,179	0,1956,6986	2	circRNA	ENSRNOT00000011551	ENSRNOT00000011551	4,3,2	3:118034108-118036335|3:118043500-118051128
3	119290822	119302965	circular_RNA/1	1	-	119290822	119290822	0,0,0	9	144,156,229,281,135,141,54,135,101	0,221,1260,3167,4285,5818,8285,10433,12042	1	circRNA	ENSRNOT00000077398	ENSRNOT00000077398	19,18,17,16,15,14,13,12,11	3:119288521-119290822|3:119302965-119305108
3	128236233	128272114	circular_RNA/2	1	+	128236233	128236233	0,0,0	5	147,158,83,85,178	0,15136,23433,32469,35703	2	circRNA	ENSRNOT00000051184	ENSRNOT00000051184	7,8,9,10,11	3:128199445-128236233|3:128272114-128277039
3	141242224	141245957	circular_RNA/1	1	+	141242224	141242224	0,0,0	9	59,90,73,51,158,75,134,58,108	0,135,928,1221,1709,3095,3252,3484,3625	1	circRNA	ENSRNOT00000016351	ENSRNOT00000016351	5,6,7,8,9,10,11,12,13	3:141241134-141242224|3:141245957-141250395
3	157028111	157049668	circular_RNA/1	0	-	157028111	157028111	0,0,0	4	150,148,518,55	0,2395,11751,21502	1	circRNA	ENSRNOT00000022861	ENSRNOT00000022861	5,4,3,2	3:157018279-157028111|3:157049668-157099218
2	2473888	2523834	circular_RNA/1	1	+	2473888	2473888	0,0,0	10	48,122,164,260,125,85,571,67,172,45	0,20710,25307,31669,40207,40594,42336,45697,48724,49901	1	circRNA	ENSRNOT00000032974	ENSRNOT00000032974	2,3,4,5,6,7,8,9,10,11	2:2457066-2473888|2:2523834-2523922
2	3809212	3860857	circular_RNA/2	1	+	3809212	3809212	0,0,0	9	171,131,187,94,103,103,102,75,120	0,12003,25423,30370,46789,48593,49023,49591,51525	2	circRNA	ENSRNOT00000093593	ENSRNOT00000093593	7,8,9,10,11,12,13,14,15	2:3788653-3809212|2:3860857-3947955
2	4098497	4188168	circular_RNA/1	0	-	4098497	4098497	0,0,0	19	183,93,134,164,146,148,166,129,164,159,54,135,144,144,141,163,241,76,114	0,596,2684,3492,4761,18052,45452,46386,55375,56278,57423,58351,60600,61498,62031,75684,88207,89330,89557	1	circRNA	ENSRNOT00000018457	ENSRNOT00000018457	20,19,18,17,16,15,14,13,12,11,10,9,8,7,6,5,4,3,2	2:4096070-4098497|2:4188168-4195707
2	11788445	11812254	circular_RNA/2	1	+	11788445	11788445	0,0,0	5	187,48,173,130,136	0,2377,20355,22986,23673	2	circRNA	ENSRNOT00000076408	ENSRNOT00000076408	5,6,7,8,9	2:11747274-11788445|2:11812254-11817986
2	20507149	20519067	circular_RNA/2	1	+	20507149	20507149	0,0,0	2	73,62	0,11856	2	circRNA	ENSRNOT00000021857	ENSRNOT00000021857	2,3	2:20431521-20507149|2:20519067-20531359
2	22950022	22957449	circular_RNA/1	1	+	22950022	22950022	0,0,0	3	157,132,93	0,4702,7334	1	circRNA	ENSRNOT00000073871	ENSRNOT00000073871	2,3,4	2:22910433-22950022|2:22957449-22964594
2	22950022	22964734	circular_RNA/5	1	+	22950022	22950022	0,0,0	4	157,132,93,140	0,4702,7334,14572	5	circRNA	ENSRNOT00000073871	ENSRNOT00000073871	2,3,4,5	2:22910433-22950022|2:22964734-22997105
2	23399714	23410608	circular_RNA/6	1	+	23399714	23399714	0,0,0	3	187,191,208	0,3767,10686	6	circRNA	ENSRNOT00000014860	ENSRNOT00000014860	2,3,4	2:23385545-23399714|2:23410608-23458471
2	28986098	29019708	circular_RNA/4	1	-	28986098	28986098	0,0,0	7	97,99,105,153,142,75,92	0,1475,8823,19843,20081,26664,33518	4	circRNA	ENSRNOT00000020692	ENSRNOT00000020692	8,7,6,5,4,3,2	2:28969941-28986098|2:29019708-29029088
2	34315162	34333983	circular_RNA/1	1	+	34315162	34315162	0,0,0	8	139,57,73,47,83,99,127,54	0,1933,4492,10205,15462,15630,16021,18767	1	circRNA	ENSRNOT00000060962	ENSRNOT00000060962	2,3,4,5,6,7,8,9	2:34313155-34315162|2:34333983-34335204
2	57212774	57217628	circular_RNA/3	1	+	57212774	57212774	0,0,0	5	93,167,106,74,92	0,771,1567,3185,4762	3	circRNA	ENSRNOT00000082694	ENSRNOT00000082694	5,6,7,8,9	2:57212021-57212774|2:57217628-57218559
2	122504480	122509375	circular_RNA/3	0	-	122504480	122504480	0,0,0	3	131,169,217	0,2658,4678	3	circRNA	ENSRNOT00000080100	ENSRNOT00000080100	4,3,2	2:122481093-122504480|2:122509375-122646384
2	127855808	127866380	circular_RNA/1	0	+	127855808	127855808	0,0,0	6	61,60,175,141,144,166	0,557,2374,7315,9840,10406	1	circRNA	ENSRNOT00000090861	ENSRNOT00000090861	2,3,4,5,6,7	2:127844789-127855808|2:127866380-127869806
2	128562841	128636642	circular_RNA/4	1	-	128562841	128562841	0,0,0	13	197,193,146,75,72,99,178,92,91,71,66,123,136	0,6453,11779,14347,17614,22542,27570,36253,40092,56232,61764,63524,73665	4	circRNA	ENSRNOT00000019256	ENSRNOT00000019256	18,17,16,15,14,13,12,11,10,9,8,7,6	2:128528306-128562841|2:128636642-128642779
2	128562841	128590589	circular_RNA/3	0	-	128562841	128562841	0,0,0	7	197,193,146,75,72,99,178	0,6453,11779,14347,17614,22542,27570	3	circRNA	ENSRNOT00000019256	ENSRNOT00000019256	18,17,16,15,14,13,12	2:128528306-128562841|2:128590589-128599094
2	128585383	128626488	circular_RNA/4	1	-	128585383	128585383	0,0,0	7	99,178,92,91,71,66,123	0,5028,13711,17550,33690,39222,40982	4	circRNA	ENSRNOT00000019256	ENSRNOT00000019256	13,12,11,10,9,8,7	2:128580527-128585383|2:128626488-128636506
2	140516883	140529795	circular_RNA/3	1	+	140516883	140516883	0,0,0	7	129,214,194,109,99,144,98	0,1156,4573,7304,9899,11391,12814	3	circRNA	ENSRNOT00000017379	ENSRNOT00000017379	13,14,15,16,17,18,19	2:140515786-140516883|2:140529795-140530868
2	150838384	150846727	circular_RNA/3	1	+	150838384	150838384	0,0,0	3	171,111,201	0,1011,8142	3	circRNA	ENSRNOT00000088461	ENSRNOT00000088461	2,3,4	2:150756431-150838384|2:150846727-150855965
2	183520239	183542215	circular_RNA/3	1	-	183520239	183520239	0,0,0	6	175,158,222,113,75,109	0,5305,9042,14081,15547,21867	3	circRNA	ENSRNOT00000014236	ENSRNOT00000014236	8,7,6,5,4,3	2:183505013-183520239|2:183542215-183555213
2	188163292	188192757	circular_RNA/1	0	+	188163292	188163292	0,0,0	11	120,171,193,102,45,11,116,199,87,169,145	0,492,5364,10660,11564,21220,21236,25465,26081,28116,29320	1	circRNA	ENSRNOT00000056789	ENSRNOT00000056789	9,10,11,12,13,14,15,16,17,18,19	2:188162181-188163292|2:188192757-188194306
2	188269008	188286112	circular_RNA/7	1	+	188269008	188269008	0,0,0	2	516,4558	0,12546	7	circRNA	ENSRNOT00000027629	ENSRNOT00000027629	2,3	2:188253535-188269008|2:188286112-188301022
2	189364001	189369293	circular_RNA/1	1	-	189364001	189364001	0,0,0	5	55,190,173,278,199	0,747,2723,3066,5093	1	circRNA	ENSRNOT00000024364	ENSRNOT00000024364	17,16,15,14,13	2:189362600-189364001|2:189369293-189373839
2	189723523	189729005	circular_RNA/1	1	+	189723523	189723523	0,0,0	4	132,171,316,203	0,1472,2368,5279	1	circRNA	ENSRNOT00000021502	ENSRNOT00000021502	5,6,7,8	2:189722569-189723523|2:189729005-189730278
2	199880861	199882743	circular_RNA/1	1	-	199880861	199880861	0,0,0	3	120,132,249	0,743,1633	1	circRNA	ENSRNOT00000087026	ENSRNOT00000087026	35,34,33	2:199879065-199880861|2:199882743-199886110
2	202479063	202493972	circular_RNA/2	1	+	202479063	202479063	0,0,0	5	240,140,154,89,77	0,986,10062,10464,14832	2	circRNA	ENSRNOT00000026953	ENSRNOT00000026953	2,3,4,5,6	2:202470665-202479063|2:202493972-202506323
2	202986320	202998292	circular_RNA/1	1	-	202986320	202986320	0,0,0	6	81,119,52,24,18,256	0,2314,8233,8287,8313,11716	1	circRNA	ENSRNOT00000067000	ENSRNOT00000067000	7,6,5,4,3,2	2:202970894-202986320|2:202998292-203043182
2	223285166	223304322	circular_RNA/3	0	-	223285166	223285166	0,0,0	6	196,111,165,144,173,76	0,7032,7230,10776,11644,19080	3	circRNA	ENSRNOT00000015036	ENSRNOT00000015036	8,7,6,5,4,3	2:223269129-223285166|2:223304322-223320873
2	238162943	238246933	circular_RNA/1	1	-	238162943	238162943	0,0,0	7	129,45,116,94,252,468,438	0,1739,1937,63515,65196,82293,83552	1	circRNA	ENSRNOT00000037154	ENSRNOT00000037154	8,7,6,5,4,3,2	2:238161858-238162943|2:238246933-238253133
2	242113688	242151045	circular_RNA/1	1	+	242113688	242113688	0,0,0	8	125,112,146,140,78,95,126,75	0,7622,9096,12645,20023,22452,35152,37282	1	circRNA	ENSRNOT00000047975	ENSRNOT00000047975	3,4,5,6,7,8,9,10	2:242041689-242113688|2:242151045-242169810
2	264923721	264958357	circular_RNA/3	0	-	264923721	264923721	0,0,0	4	75,93,222,120	0,14283,21330,34516	3	circRNA	ENSRNOT00000066024	ENSRNOT00000066024	29,28,27,26	2:264911138-264923721|2:264958357-264969539
2	264938004	265016533	circular_RNA/1	0	-	264938004	264938004	0,0,0	19	93,222,120,1617,18,27,9,10,181,112,201,249,125,100,70,116,130,73,145	0,7047,20233,31535,33153,33172,33200,33210,35313,35696,45081,49852,51809,54418,56587,60340,61668,73608,78384	1	circRNA	ENSRNOT00000066024	ENSRNOT00000066024	28,27,26,25,24,23,22,21,20,19,18,17,16,15,14,13,12,11,10	2:264923796-264938004|2:265016533-265022332
6	27673700	27686187	circular_RNA/3	1	-	27673700	27673700	0,0,0	4	102,90,139,61	0,669,4419,12426	3	circRNA	ENSRNOT00000071425	ENSRNOT00000071425	5,4,3,2	6:27670548-27673700|6:27686187-27720945
6	29032001	29074704	circular_RNA/1	0	+	29032001	29032001	0,0,0	16	152,50,154,103,109,117,76,99,112,116,175,89,160,91,312,133	0,1798,2239,3945,5148,6259,11819,14654,17746,20268,20806,23751,29487,33088,37731,42570	1	circRNA	ENSRNOT00000079077	ENSRNOT00000079077	2,3,4,5,6,7,8,9,10,11,12,13,14,15,16,17	6:29012496-29032001|6:29074704-29106140
6	53883228	53890985	circular_RNA/1	0	-	53883228	53883228	0,0,0	4	122,127,151,242	0,2376,3584,7515	1	circRNA	ENSRNOT00000005521	ENSRNOT00000005521	6,5,4,3	6:53858565-53883228|6:53890985-53976109
6	57720452	57839749	circular_RNA/1	1	+	57720452	57720452	0,0,0	15	154,141,50,75,120,118,89,117,99,33,117,74,75,86,90	0,18429,23977,26930,29969,38081,40660,40828,48940,71031,83645,94614,100891,117468,119207	1	circRNA	ENSRNOT00000063874	ENSRNOT00000063874	5,6,7,8,9,10,11,12,13,14,15,16,17,18,19	6:57707318-57720452|6:57839749-57851909
6	57821343	57852070	circular_RNA/5	1	+	57821343	57821343	0,0,0	4	75,86,90,161	0,16577,18316,30566	5	circRNA	ENSRNOT00000063874	ENSRNOT00000063874	17,18,19,20	6:57815140-57821343|6:57852070-57961173
6	72392024	72430205	circular_RNA/1	1	-	72392024	72392024	0,0,0	15	108,141,168,122,48,176,134,141,111,142,127,174,79,74,104	0,1639,2999,5054,5456,5658,7272,11469,20576,26095,27764,29737,31531,37613,38077	1	circRNA	ENSRNOT00000077578	ENSRNOT00000077578	16,15,14,13,12,11,10,9,8,7,6,5,4,3,2	6:72378234-72392024|6:72430205-72462181
6	72532851	72555504	circular_RNA/1	0	-	72532851	72532851	0,0,0	13	222,837,177,167,324,140,135,106,95,147,135,77,264	0,840,5006,5272,7046,7660,8878,14291,16126,17670,19219,22202,22389	1	circRNA	ENSRNOT00000008459	ENSRNOT00000008459	26,25,24,23,22,21,20,19,18,17,16,15,14	6:72529431-72532851|6:72555504-72556106
6	73357939	73361828	circular_RNA/1	1	+	73357939	73357939	0,0,0	1	3889	0	1	circRNA	ENSRNOT00000088378	ENSRNOT00000088378	2	6:73345512-73357939|6:73361828-73385740
6	76491314	76492176	circular_RNA/2	0	-	76491314	76491314	0,0,0	1	862	0	2	circRNA	ENSRNOT00000010824	ENSRNOT00000010824	30	6:76487951-76491314|6:76492176-76500537
6	80306620	80308602	circular_RNA/3	1	-	80306620	80306620	0,0,0	2	686,111	0,1871	3	circRNA	ENSRNOT00000059316	ENSRNOT00000059316	4,3	6:80304314-80306620|6:80308602-80333913
6	93505934	93518247	circular_RNA/1	1	+	93505934	93505934	0,0,0	6	73,124,232,254,198,85	0,1591,2710,7114,9591,12228	1	circRNA	ENSRNOT00000031595	ENSRNOT00000031595	10,11,12,13,14,15	6:93493709-93505934|6:93518247-93518935
6	108857236	108862500	circular_RNA/2	1	+	108857236	108857236	0,0,0	2	2115,118	0,5146	2	circRNA	ENSRNOT00000089683	ENSRNOT00000089683	9,10	6:108841020-108857236|6:108862500-108867857
6	122741263	122741693	circular_RNA/1	1	+	122741263	122741263	0,0,0	1	430	0	1	circRNA	ENSRNOT00000039509	ENSRNOT00000039509	6	6:122739995-122741263|6:122741693-122742374
6	125046191	125051669	circular_RNA/2	0	-	125046191	125046191	0,0,0	2	170,159	0,5319	2	circRNA	ENSRNOT00000034961	ENSRNOT00000034961	13,12	6:125045337-125046191|6:125051669-125053166
6	125523807	125538431	circular_RNA/2	1	-	125523807	125523807	0,0,0	3	200,115,192	0,1062,14432	2	circRNA	ENSRNOT00000006371	ENSRNOT00000006371	10,9,8	6:125438632-125523807|6:125538431-125550200
6	125524869	125553497	circular_RNA/2	0	-	125524869	125524869	0,0,0	5	115,192,117,101,76	0,13370,25331,27714,28552	2	circRNA	ENSRNOT00000006371	ENSRNOT00000006371	9,8,7,6,5	6:125524007-125524869|6:125553497-125568126
6	125776334	125791354	circular_RNA/2	1	-	125776334	125776334	0,0,0	6	164,194,141,3021,213,87	0,4398,5214,8609,12194,14933	2	circRNA	ENSRNOT00000007061	ENSRNOT00000007061	14,13,12,11,10,9	6:125775042-125776334|6:125791354-125792424
6	129864988	129898091	circular_RNA/1	0	+	129864988	129864988	0,0,0	11	165,56,70,88,109,93,133,121,59,179,145	0,6180,13428,14353,18330,18553,20390,21075,22023,24944,32958	1	circRNA	ENSRNOT00000036035	ENSRNOT00000036035	2,3,4,5,6,7,8,9,10,11,12	6:129836208-129864988|6:129898091-129902424
9	1442053	1485363	circular_RNA/2	0	+	1442053	1442053	0,0,0	9	109,90,75,68,103,89,51,70,173	0,1472,1650,4013,31593,40122,41506,41660,43137	2	circRNA	ENSRNOT00000014171	ENSRNOT00000014171	5,6,7,8,9,10,11,12,13	9:1363362-1442053|9:1485363-1545229
9	1875551	1880538	circular_RNA/1	1	-	1875551	1875551	0,0,0	2	204,2487	0,2500	1	circRNA	ENSRNOT00000018146	ENSRNOT00000018146	4,3	9:1816060-1875551|9:1880538-1983866
9	11194238	11219449	circular_RNA/1	0	-	11194238	11194238	0,0,0	6	105,181,61,44,49,28	0,8432,14795,23015,23312,25183	1	circRNA	ENSRNOT00000082837	ENSRNOT00000082837	7,6,5,4,3,2	9:11190487-11194238|9:11219449-11339639
9	28588166	28609952	circular_RNA/3	1	-	28588166	28588166	0,0,0	9	154,172,131,113,47,124,100,111,68	0,259,2156,7284,10761,14479,18107,19801,21718	3	circRNA	ENSRNOT00000015453	ENSRNOT00000015453	16,15,14,13,12,11,10,9,8	9:28587173-28588166|9:28609952-28659250
9	31620317	31693992	circular_RNA/1	0	-	31620317	31620317	0,0,0	6	103,76,150,109,69,195	0,11182,12143,37055,40478,73480	1	circRNA	ENSRNOT00000016194	ENSRNOT00000016194	14,13,12,11,10,9	9:31604311-31620317|9:31693992-31710855
9	37110522	37117919	circular_RNA/1	0	-	37110522	37110522	0,0,0	2	1720,162	0,7235	1	circRNA	ENSRNOT00000015638	ENSRNOT00000015638	4,3	9:37105227-37110522|9:37117919-37134324
9	38321691	38326937	circular_RNA/5	1	+	38321691	38321691	0,0,0	2	217,178	0,5068	5	circRNA	ENSRNOT00000078157	ENSRNOT00000078157	2,3	9:38297423-38321691|9:38326937-38342830
9	39720316	39723576	circular_RNA/1	1	-	39720316	39720316	0,0,0	2	199,128	0,3132	1	circRNA	ENSRNOT00000016578	ENSRNOT00000016578	6,5	9:39588530-39720316|9:39723576-39796542
9	65303836	65306002	circular_RNA/3	0	-	65303836	65303836	0,0,0	4	67,91,226,161	0,457,1417,2005	3	circRNA	ENSRNOT00000030934	ENSRNOT00000030934	5,4,3,2	9:65302114-65303836|9:65306002-65307862
9	66618609	66620541	circular_RNA/2	0	+	66618609	66618609	0,0,0	2	171,171	0,1761	2	circRNA	ENSRNOT00000035238	ENSRNOT00000035238	2,3	9:66568521-66618609|9:66620541-66647080
9	66751636	66758584	circular_RNA/1	1	+	66751636	66751636	0,0,0	3	152,93,114	0,3834,6834	1	circRNA	ENSRNOT00000031261	ENSRNOT00000031261	2,3,4	9:66717038-66751636|9:66758584-66768773
9	72063669	72081672	circular_RNA/1	1	+	72063669	72063669	0,0,0	3	103,111,116	0,17662,17887	1	circRNA	ENSRNOT00000021099	ENSRNOT00000021099	2,3,4	9:72053257-72063669|9:72081672-72096207
9	75281526	75299016	circular_RNA/1	0	-	75281526	75281526	0,0,0	4	133,200,91,74	0,9374,16325,17416	1	circRNA	ENSRNOT00000019283	ENSRNOT00000019283	12,11,10,9	9:75273933-75281526|9:75299016-75305711
9	84367942	84370769	circular_RNA/2	0	-	84367942	84367942	0,0,0	3	109,151,116	0,1232,2711	2	circRNA	ENSRNOT00000019685	ENSRNOT00000019685	7,6,5	9:84366111-84367942|9:84370769-84372620
9	100575891	100588953	circular_RNA/1	0	-	100575891	100575891	0,0,0	8	108,207,216,207,216,158,113,65	0,804,1648,1997,7823,9070,11444,12997	1	circRNA	ENSRNOT00000051155	ENSRNOT00000051155	9,8,7,6,5,4,3,2	9:100574823-100575891|9:100588953-100624564
9	112318299	112360586	circular_RNA/1	1	+	112318299	112318299	0,0,0	5	145,172,128,174,187	0,9966,24027,35168,42100	1	circRNA	ENSRNOT00000020767	ENSRNOT00000020767	3,4,5,6,7	9:112317736-112318299|9:112360586-112363254
9	112406659	112412113	circular_RNA/1	1	+	112406659	112406659	0,0,0	4	166,222,123,115	0,1545,2824,5339	1	circRNA	ENSRNOT00000020767	ENSRNOT00000020767	13,14,15,16	9:112377503-112406659|9:112412113-112426557
9	119750464	119779777	circular_RNA/3	0	-	119750464	119750464	0,0,0	11	145,120,78,114,83,107,114,195,184,121,211	0,9399,9921,14613,16225,17157,17937,19239,20638,26380,29102	3	circRNA	ENSRNOT00000019359	ENSRNOT00000019359	20,19,18,17,16,15,14,13,12,11,10	9:119739365-119750464|9:119779777-119780324
9	121831707	121843361	circular_RNA/5	1	+	121831707	121831707	0,0,0	7	273,100,99,104,150,156,180	0,4553,7848,8838,9033,11156,11474	5	circRNA	ENSRNOT00000086534	ENSRNOT00000086534	2,3,4,5,6,7,8	9:121802867-121831707|9:121843361-121854965
11	34612626	34631134	circular_RNA/1	1	+	34612626	34612626	0,0,0	10	155,43,151,88,54,121,86,95,63,55	0,433,872,1425,3475,4203,6236,7754,8814,18453	1	circRNA	ENSRNOT00000065600	ENSRNOT00000065600	2,3,4,5,6,7,8,9,10,11	11:34598537-34612626|11:34631134-34636145
11	34613498	34620475	circular_RNA/1	1	+	34613498	34613498	0,0,0	6	151,88,54,121,86,95	0,553,2603,3331,5364,6882	1	circRNA	ENSRNOT00000065600	ENSRNOT00000065600	4,5,6,7,8,9	11:34613102-34613498|11:34620475-34621440
11	62059610	62067655	circular_RNA/2	0	-	62059610	62059610	0,0,0	4	188,164,49,100	0,553,5943,7945	2	circRNA	ENSRNOT00000081443	ENSRNOT00000081443	7,6,5,4	11:62027825-62059610|11:62067655-62172314
11	66855362	66875553	circular_RNA/1	1	-	66855362	66855362	0,0,0	7	110,179,100,94,130,163,112	0,2254,6783,10384,14538,19703,20079	1	circRNA	ENSRNOT00000066616	ENSRNOT00000066616	9,8,7,6,5,4,3	11:66853874-66855362|11:66875553-66877930
11	70008445	70016051	circular_RNA/2	1	+	70008445	70008445	0,0,0	6	28,172,122,132,165,79	0,705,2881,3641,5488,7527	2	circRNA	ENSRNOT00000049292	ENSRNOT00000049292	51,52,53,54,55,56	11:69993223-70008445|11:70016051-70018782
11	84084002	84084227	circular_RNA/1	1	-	84084002	84084002	0,0,0	1	225	0	1	ciRNA	ENSRNOT00000002321	ENSRNOT00000002321	10	11:84083646-84084227
11	84369372	84379343	circular_RNA/2	1	-	84369372	84369372	0,0,0	4	104,159,240,175	0,1872,5132,9796	2	circRNA	ENSRNOT00000064212	ENSRNOT00000064212	12,11,10,9	11:84366918-84369372|11:84379343-84383123
11	84571219	84583542	circular_RNA/2	0	-	84571219	84571219	0,0,0	6	162,116,246,93,98,119	0,4281,5910,8972,10338,12204	2	circRNA	ENSRNOT00000064212	ENSRNOT00000064212	6,5,4,3,2,1	11:84385968-84571219|None
11	87873016	87886449	circular_RNA/3	1	+	87873016	87873016	0,0,0	6	117,94,89,73,260,67	0,2680,7837,8915,10216,13366	3	circRNA	ENSRNOT00000091117	ENSRNOT00000091117	2,3,4,5,6,7	11:87858547-87873016|11:87886449-87889899
10	5130479	5179352	circular_RNA/4	0	-	5130479	5130479	0,0,0	9	133,184,114,54,175,124,106,149,134	0,14238,29487,32554,33781,37339,39201,43831,48739	4	circRNA	ENSRNOT00000083982	ENSRNOT00000083982	11,10,9,8,7,6,5,4,3	10:5127620-5130479|10:5179352-5183012
10	29318808	29319752	circular_RNA/4	1	+	29318808	29318808	0,0,0	1	944	0	4	circRNA	ENSRNOT00000067013	ENSRNOT00000067013	2	10:29289736-29318808|10:29319752-29330336
10	35812311	35817012	circular_RNA/1	1	-	35812311	35812311	0,0,0	4	190,193,82,142	0,3164,4078,4559	1	circRNA	ENSRNOT00000049942	ENSRNOT00000049942	8,7,6,5	10:35809959-35812311|10:35817012-35818249
10	35877075	35877135	circular_RNA/1	1	+	35877075	35877075	0,0,0	1	60	0	1	circRNA	ENSRNOT00000078505	ENSRNOT00000078505	10	10:35876397-35877075|10:35877135-35877226
10	37764316	37764822	circular_RNA/2	1	+	37764316	37764316	0,0,0	1	506	0	2	circRNA	ENSRNOT00000008119	ENSRNOT00000008119	2	10:37757319-37764316|10:37764822-37768046
10	38742299	38758073	circular_RNA/1	1	+	38742299	38742299	0,0,0	11	49,55,38,136,918,89,241,95,64,137,72	0,3065,4175,4606,5439,8674,9785,14173,15158,15337,15702	1	circRNA	ENSRNOT00000009440	ENSRNOT00000009440	7,8,9,10,11,12,13,14,15,16,17	10:38740205-38742299|10:38758073-38759738
10	43560920	43572697	circular_RNA/1	0	-	43560920	43560920	0,0,0	8	255,211,120,148,138,99,123,114	0,1587,2207,6620,8792,9649,11422,11663	1	circRNA	ENSRNOT00000044299	ENSRNOT00000044299	24,23,22,21,20,19,18,17	10:43559127-43560920|10:43572697-43575472
10	48601426	48609510	circular_RNA/6	1	+	48601426	48601426	0,0,0	4	111,57,62,95	0,1225,1996,7989	6	circRNA	ENSRNOT00000057777	ENSRNOT00000057777	3,4,5,6	10:48599738-48601426|10:48609510-48623671
10	74338951	74360926	circular_RNA/1	0	-	74338951	74338951	0,0,0	6	60,134,90,119,46,136	0,4178,7326,7903,19139,21839	1	circRNA	ENSRNOT00000079311	ENSRNOT00000079311	9,8,7,6,5,4	10:74336703-74338951|10:74360926-74364740
10	93451476	93471445	circular_RNA/3	0	+	93451476	93451476	0,0,0	5	168,96,93,111,137	0,12897,14131,19139,19832	3	circRNA	ENSRNOT00000066484	ENSRNOT00000066484	7,8,9,10,11	10:93441515-93451476|10:93471445-93473182
13	25681293	25699374	circular_RNA/3	1	+	25681293	25681293	0,0,0	9	72,56,114,204,92,300,76,96,113	0,180,329,4973,5279,5941,8572,9677,17968	3	circRNA	ENSRNOT00000020892	ENSRNOT00000020892	3,4,5,6,7,8,9,10,11	13:25672813-25681293|13:25699374-25709618
13	44866843	44937796	circular_RNA/3	1	+	44866843	44866843	0,0,0	22	209,211,42,90,115,79,60,141,109,96,38,51,227,255,152,102,291,124,155,152,104,173	0,1568,10219,11002,16238,17224,22799,22942,26619,26823,29245,29366,29517,31976,34272,38175,40969,44422,58643,63487,68112,70780	3	circRNA	ENSRNOT00000005372	ENSRNOT00000005372	2,3,4,5,6,7,8,9,10,11,12,13,14,15,16,17,18,19,20,21,22,23	13:44812758-44866843|13:44937796-44944389
13	44883081	44925641	circular_RNA/1	1	+	44883081	44883081	0,0,0	15	115,79,60,141,109,96,38,51,227,255,152,102,291,124,155	0,986,6561,6704,10381,10585,13007,13128,13279,15738,18034,21937,24731,28184,42405	1	circRNA	ENSRNOT00000005372	ENSRNOT00000005372	6,7,8,9,10,11,12,13,14,15,16,17,18,19,20	13:44877935-44883081|13:44925641-44930330
13	60591301	60591406	circular_RNA/1	0	+	60591301	60591301	0,0,0	1	105	0	1	circRNA	ENSRNOT00000077153	ENSRNOT00000077153	5	13:60591221-60591301|13:60591406-60591486
13	73203186	73265813	circular_RNA/3	1	+	73203186	73203186	0,0,0	5	65,97,83,106,90	0,3027,36635,52050,62537	3	circRNA	ENSRNOT00000004772	ENSRNOT00000004772	2,3,4,5,6	13:73197291-73203186|13:73265813-73319253
13	74485161	74520636	circular_RNA/2	1	-	74485161	74485161	0,0,0	7	127,93,90,84,51,105,143	0,5207,6482,7116,27184,28198,35332	2	circRNA	ENSRNOT00000036200	ENSRNOT00000036200	8,7,6,5,4,3,2	13:74450825-74485161|13:74520636-74564108
13	74512345	74520636	circular_RNA/2	1	-	74512345	74512345	0,0,0	3	51,105,143	0,1014,8148	2	circRNA	ENSRNOT00000036200	ENSRNOT00000036200	4,3,2	13:74492361-74512345|13:74520636-74564108
13	78770864	78776163	circular_RNA/4	0	+	78770864	78770864	0,0,0	5	113,282,215,368,165	0,602,1362,4144,5134	4	circRNA	ENSRNOT00000003689	ENSRNOT00000003689	9,10,11,12,13	13:78768967-78770864|13:78776163-78778959
13	83587207	83607039	circular_RNA/2	0	-	83587207	83587207	0,0,0	8	89,157,139,42,322,69,116,118	0,1433,3035,7849,13949,14486,14980,19714	2	circRNA	ENSRNOT00000004199	ENSRNOT00000004199	20,19,18,17,16,15,14,13	13:83584200-83587207|13:83607039-83616628
13	94898231	95013012	circular_RNA/1	1	+	94898231	94898231	0,0,0	15	153,83,114,126,141,65,189,139,153,135,117,143,128,109,132	0,1490,4187,6399,11458,15200,15550,23513,32676,38730,41984,77691,105150,107302,114649	1	circRNA	ENSRNOT00000077995	ENSRNOT00000077995	2,3,4,5,6,7,8,9,10,11,12,13,14,15,16	13:94888343-94898231|13:95013012-95068065
13	94975922	95068192	circular_RNA/1	1	+	94975922	94975922	0,0,0	5	143,128,109,132,127	0,27459,29611,36958,92143	1	circRNA	ENSRNOT00000077995	ENSRNOT00000077995	13,14,15,16,17	13:94940332-94975922|13:95068192-95111916
13	113836105	113836291	circular_RNA/1	0	-	113836105	113836105	0,0,0	1	186	0	1	circRNA	ENSRNOT00000010799	ENSRNOT00000010799	9	13:113833752-113836105|13:113836291-113840081
12	8323967	8349668	circular_RNA/1	1	-	8323967	8323967	0,0,0	2	195,241	0,25460	1	circRNA	ENSRNOT00000085869	ENSRNOT00000085869	4,3	12:8220963-8323967|12:8349668-8353936
12	9273124	9313769	circular_RNA/1	0	-	9273124	9273124	0,0,0	5	148,162,71,67,122	0,24566,36862,38396,40523	1	circRNA	ENSRNOT00000044134	ENSRNOT00000044134	6,5,4,3,2	12:9240810-9273124|12:9313769-9331109
12	25364779	25366678	circular_RNA/1	0	+	25364779	25364779	0,0,0	3	38,78,193	0,1116,1706	1	circRNA	ENSRNOT00000087656	ENSRNOT00000087656	26,27,28	12:25364103-25364779|12:25366678-25368352
12	25431709	25435591	circular_RNA/1	1	+	25431709	25431709	0,0,0	2	139,135	0,3747	1	circRNA	ENSRNOT00000077189	ENSRNOT00000077189	3,4	12:25430562-25431709|12:25435591-25437829
12	37414402	37423737	circular_RNA/1	0	-	37414402	37414402	0,0,0	6	66,139,127,197,101,196	0,2160,3848,4497,6234,9139	1	circRNA	ENSRNOT00000084553	ENSRNOT00000084553	9,8,7,6,5,4	12:37412832-37414402|12:37423737-37424609
12	45106588	45111351	circular_RNA/1	1	-	45106588	45106588	0,0,0	3	46,102,72	0,3432,4691	1	circRNA	ENSRNOT00000089043	ENSRNOT00000089043	4,3,2	12:45105543-45106588|12:45111351-45116376
15	900843	906589	circular_RNA/1	1	+	900843	900843	0,0,0	1	5746	0	1	ciRNA	ENSRNOT00000091318	ENSRNOT00000091318	16	15:900843-907064
15	6233049	6349912	circular_RNA/4	0	-	6233049	6233049	0,0,0	3	234,163,111	0,53800,116752	4	circRNA	ENSRNOT00000038449	ENSRNOT00000038449	5,4,3	15:6203770-6233049|15:6349912-6464169
15	37190895	37218085	circular_RNA/5	1	+	37190895	37190895	0,0,0	17	72,151,116,117,157,177,2,26,146,35,130,116,172,126,95,169,152	0,1053,1867,5111,7232,11286,11519,11582,15016,15198,18595,19909,20740,23118,24704,26356,27038	5	circRNA	ENSRNOT00000011684	ENSRNOT00000011684	5,6,7,8,9,10,11,12,13,14,15,16,17,18,19,20,21	15:37182319-37190895|15:37218085-37223572
15	108541357	108574805	circular_RNA/3	1	+	108541357	108541357	0,0,0	15	68,94,128,130,125,112,80,109,133,120,58,160,152,112,172	0,2535,9782,13369,16594,18478,19622,20628,22481,24089,26442,28136,29014,30195,33276	3	circRNA	ENSRNOT00000017211	ENSRNOT00000017211	2,3,4,5,6,7,8,9,10,11,12,13,14,15,16	15:108526676-108541357|15:108574805-108578584
14	19405257	19409873	circular_RNA/1	1	+	19405257	19405257	0,0,0	4	172,448,156,150	0,979,1993,4466	1	circRNA	ENSRNOT00000086542	ENSRNOT00000086542	25,26,27,28	14:19400343-19405257|14:19409873-19414460
14	20655314	20662523	circular_RNA/3	1	-	20655314	20655314	0,0,0	2	180,161	0,7048	3	circRNA	ENSRNOT00000004391	ENSRNOT00000004391	7,6	14:20619328-20655314|14:20662523-20673451
14	36172930	36207022	circular_RNA/5	1	-	36172930	36172930	0,0,0	11	157,94,108,110,131,108,65,104,58,40,45	0,1376,7841,15579,23662,24379,25078,27949,29037,33919,34047	5	circRNA	ENSRNOT00000088448	ENSRNOT00000088448	12,11,10,9,8,7,6,5,4,3,2	14:36162011-36172930|14:36207022-36208069
14	37228631	37262083	circular_RNA/3	0	-	37228631	37228631	0,0,0	7	109,92,71,92,115,40,71	0,9873,12977,22654,25255,33170,33381	3	circRNA	ENSRNOT00000065458	ENSRNOT00000065458	8,7,6,5,4,3,2	14:37216464-37228631|14:37262083-37284490
14	39985574	40035210	circular_RNA/3	1	+	39985574	39985574	0,0,0	7	149,68,221,83,138,153,212	0,29724,40331,42145,46443,46704,49424	3	circRNA	ENSRNOT00000003240	ENSRNOT00000003240	2,3,4,5,6,7,8	14:39964790-39985574|14:40035210-40048844
14	44818560	44830761	circular_RNA/4	1	-	44818560	44818560	0,0,0	3	187,213,197	0,7471,12004	4	circRNA	ENSRNOT00000004003	ENSRNOT00000004003	6,5,4	14:44814530-44818560|14:44830761-44831962
14	63169851	63171638	circular_RNA/1	0	+	63169851	63169851	0,0,0	3	916,105,121	0,1408,1666	1	circRNA	ENSRNOT00000006071	ENSRNOT00000006071	8,9,10	14:63156487-63169851|14:63171638-63181516
14	106921498	107008241	circular_RNA/2	0	-	106921498	106921498	0,0,0	10	125,108,148,144,885,49,179,205,163,123	0,3655,9293,30278,35962,40801,41430,72682,82203,86620	2	circRNA	ENSRNOT00000012131	ENSRNOT00000012131	18,17,16,15,14,13,12,11,10,9	14:106919203-106921498|14:107008241-107008816
14	108446848	108456923	circular_RNA/1	1	+	108446848	108446848	0,0,0	5	46,65,86,126,57	0,1559,3686,4592,10018	1	circRNA	ENSRNOT00000083763	ENSRNOT00000083763	7,8,9,10,11	14:108446317-108446848|14:108456923-108461393
14	113906515	113922713	circular_RNA/2	1	+	113906515	113906515	0,0,0	8	278,144,187,146,93,215,84,204	0,492,3541,8019,11093,11308,14944,15994	2	circRNA	ENSRNOT00000067591	ENSRNOT00000067591	10,11,12,13,14,15,16,17	14:113904643-113906515|14:113922713-113923427
17	5555490	5571375	circular_RNA/1	1	+	5555490	5555490	0,0,0	6	98,117,692,84,87,149	0,4166,8028,14256,15568,15736	1	circRNA	ENSRNOT00000025381	ENSRNOT00000025381	13,14,15,16,17,18	17:5548199-5555490|17:5571375-5582855
17	5559656	5571375	circular_RNA/1	1	+	5559656	5559656	0,0,0	5	117,692,84,87,149	0,3862,10090,11402,11570	1	circRNA	ENSRNOT00000025381	ENSRNOT00000025381	14,15,16,17,18	17:5555588-5559656|17:5571375-5582855
17	9602247	9618606	circular_RNA/1	1	+	9602247	9602247	0,0,0	6	61,243,232,388,184,240	0,9021,10782,11987,15079,16119	1	circRNA	ENSRNOT00000017349	ENSRNOT00000017349	2,3,4,5,6,7	17:9597068-9602247|17:9618606-9623898
17	9912157	9929565	circular_RNA/5	0	-	9912157	9912157	0,0,0	3	2551,173,136	0,8460,17272	5	circRNA	ENSRNOT00000060928	ENSRNOT00000060928	5,4,3	17:9897707-9912157|17:9929565-9951410
17	18369554	18375993	circular_RNA/1	1	+	18369554	18369554	0,0,0	4	223,249,140,129	0,5000,6088,6310	1	circRNA	ENSRNOT00000001979	ENSRNOT00000001979	2,3,4,5	17:18359358-18369554|17:18375993-18382721
17	54298406	54301447	circular_RNA/2	1	+	54298406	54298406	0,0,0	2	37,755	0,2286	2	circRNA	ENSRNOT00000024022	ENSRNOT00000024022	2,3	17:54280989-54298406|17:54301447-54354447
17	65759819	65789756	circular_RNA/3	1	-	65759819	65759819	0,0,0	5	84,104,105,217,193	0,21086,26275,27825,29744	3	circRNA	ENSRNOT00000023601	ENSRNOT00000023601	24,23,22,21,20	17:65752878-65759819|17:65789756-65794194
17	75588945	75616081	circular_RNA/2	1	+	75588945	75588945	0,0,0	5	135,80,159,64,135	0,7993,11751,15397,27001	2	circRNA	ENSRNOT00000023436	ENSRNOT00000023436	5,6,7,8,9	17:75579760-75588945|17:75616081-75640959
17	85009877	85057912	circular_RNA/1	1	-	85009877	85009877	0,0,0	6	120,164,91,94,98,166	0,27059,36151,45673,46610,47869	1	circRNA	ENSRNOT00000000162	ENSRNOT00000000162	9,8,7,6,5,4	17:84993829-85009877|17:85057912-85063955
17	85036936	85057912	circular_RNA/1	1	-	85036936	85036936	0,0,0	5	164,91,94,98,166	0,9092,18614,19551,20810	1	circRNA	ENSRNOT00000000162	ENSRNOT00000000162	8,7,6,5,4	17:85009997-85036936|17:85057912-85063955
17	89630809	89650376	circular_RNA/2	1	-	89630809	89630809	0,0,0	3	49,31,62	0,3920,19505	2	circRNA	ENSRNOT00000052342	ENSRNOT00000052342	7,6,5	17:89602749-89630809|17:89650376-89675433
17	89721612	89735763	circular_RNA/1	0	-	89721612	89721612	0,0,0	6	83,84,151,110,99,163	0,2480,4618,9050,12263,13988	1	circRNA	ENSRNOT00000023395	ENSRNOT00000023395	8,7,6,5,4,3	17:89719508-89721612|17:89735763-89737865
16	3083563	3096966	circular_RNA/1	1	+	3083563	3083563	0,0,0	7	73,72,702,368,145,60,929	0,159,1530,4557,6275,7431,12474	1	circRNA	ENSRNOT00000074069	ENSRNOT00000074069	12,13,14,15,16,17,18	16:3072642-3083563|16:3096966-3100428
16	7126590	7138308	circular_RNA/1	1	+	7126590	7126590	0,0,0	6	99,86,96,92,214,142	0,4011,4723,5736,9359,11576	1	circRNA	ENSRNOT00000016581	ENSRNOT00000016581	10,11,12,13,14,15	16:7124875-7126590|16:7138308-7139562
16	7158682	7177048	circular_RNA/3	1	+	7158682	7158682	0,0,0	6	212,186,158,264,146,158	0,10739,12201,12912,15854,18208	3	circRNA	ENSRNOT00000016581	ENSRNOT00000016581	21,22,23,24,25,26	16:7152613-7158682|16:7177048-7186601
16	11079316	11080627	circular_RNA/2	1	+	11079316	11079316	0,0,0	3	153,137,112	0,390,1199	2	circRNA	ENSRNOT00000078390	ENSRNOT00000078390	5,6,7	16:11070974-11079316|16:11080627-11084208
16	83037946	83063511	circular_RNA/4	0	-	83037946	83037946	0,0,0	7	123,96,95,89,202,131,85	0,5092,5412,12900,20699,24002,25480	4	circRNA	ENSRNOT00000043449	ENSRNOT00000043449	9,8,7,6,5,4,3	16:83033936-83037946|16:83063511-83084828
19	9973287	10000846	circular_RNA/3	1	+	9973287	9973287	0,0,0	7	112,102,51,60,84,111,102	0,9921,13779,21697,26124,26855,27457	3	circRNA	ENSRNOT00000016386	ENSRNOT00000016386	2,3,4,5,6,7,8	19:9972640-9973287|19:10000846-10002977
19	19872832	19874612	circular_RNA/4	0	-	19872832	19872832	0,0,0	4	137,83,158,91	0,1132,1412,1689	4	circRNA	ENSRNOT00000020793	ENSRNOT00000020793	11,10,9,8	19:19868985-19872832|19:19874612-19881334
19	25251083	25254224	circular_RNA/2	0	-	25251083	25251083	0,0,0	5	123,173,109,134,73	0,1358,1615,2150,3068	2	circRNA	ENSRNOT00000045180	ENSRNOT00000045180	14,13,12,11,10	19:25251002-25251083|19:25254224-25254293
19	60322404	60332725	circular_RNA/1	1	+	60322404	60322404	0,0,0	5	126,383,140,129,39	0,1308,6085,7936,10282	1	circRNA	ENSRNOT00000042623	ENSRNOT00000042623	8,9,10,11,12	19:60311343-60322404|19:60332725-60341855
1	1901430	1906299	circular_RNA/2	1	+	1901430	1901430	0,0,0	6	68,65,118,143,97,117	0,152,1696,2713,3856,4752	2	circRNA	ENSRNOT00000021437	ENSRNOT00000021437	2,3,4,5,6,7	1:1897448-1901430|1:1906299-1909244
1	28362166	28375861	circular_RNA/2	1	+	28362166	28362166	0,0,0	2	234,165	0,13530	2	circRNA	ENSRNOT00000017831	ENSRNOT00000017831	2,3	1:28302381-28362166|1:28375861-28386778
1	92039555	92043956	circular_RNA/1	1	-	92039555	92039555	0,0,0	3	146,122,91	0,1749,4310	1	circRNA	ENSRNOT00000039115	ENSRNOT00000039115	6,5,4	1:92037308-92039555|1:92043956-92064271
1	123959920	123970510	circular_RNA/3	1	-	123959920	123959920	0,0,0	2	110,45	0,10545	3	circRNA	ENSRNOT00000082487	ENSRNOT00000082487	3,2	1:123914251-123959920|1:123970510-124038824
1	128501691	128576607	circular_RNA/1	1	-	128501691	128501691	0,0,0	6	160,176,103,207,138,38	0,2070,11837,24957,73842,74878	1	circRNA	ENSRNOT00000033858	ENSRNOT00000033858	9,8,7,6,5,4	1:128487872-128501691|1:128576607-128586070
1	128621051	128637195	circular_RNA/2	1	+	128621051	128621051	0,0,0	5	200,124,151,126,178	0,4336,6870,7185,15966	2	circRNA	ENSRNOT00000073355	ENSRNOT00000073355	2,3,4,5,6	1:128606883-128621051|1:128637195-128656387
1	134817262	134848903	circular_RNA/2	0	-	134817262	134817262	0,0,0	15	189,191,90,217,125,179,45,101,226,134,141,108,62,87,232	0,4853,5713,7529,10664,12544,12886,13871,14927,16425,18046,20590,25897,27628,31409	2	circRNA	ENSRNOT00000076300	ENSRNOT00000076300	17,16,15,14,13,12,11,10,9,8,7,6,5,4,3	1:134813696-134817262|1:134848903-134870193
1	144154618	144177718	circular_RNA/3	1	+	144154618	144154618	0,0,0	7	69,73,144,134,159,104,110	0,7002,9288,11752,14395,21864,22990	3	circRNA	ENSRNOT00000026870	ENSRNOT00000026870	2,3,4,5,6,7,8	1:144070033-144154618|1:144177718-144199772
1	154406806	154418787	circular_RNA/1	1	+	154406806	154406806	0,0,0	5	76,103,94,112,107	0,4238,8616,9656,11874	1	circRNA	ENSRNOT00000092945	ENSRNOT00000092945	3,4,5,6,7	1:154406073-154406806|1:154418787-154420848
1	157470070	157490006	circular_RNA/3	1	-	157470070	157470070	0,0,0	14	36,93,156,184,106,120,100,1553,91,181,1118,195,189,126	0,475,981,1950,3177,3692,8001,11466,13986,14174,15136,17560,18059,19810	3	circRNA	ENSRNOT00000013552	ENSRNOT00000013552	15,14,13,12,11,10,9,8,7,6,5,4,3,2	1:157468854-157470070|1:157490006-157493619
1	162639899	162643789	circular_RNA/4	0	+	162639899	162639899	0,0,0	2	1775,207	0,3683	4	circRNA	ENSRNOT00000037050	ENSRNOT00000037050	6,7	1:162629583-162639899|1:162643789-162648548
1	162639899	162648653	circular_RNA/2	0	+	162639899	162639899	0,0,0	3	1775,207,105	0,3683,8649	2	circRNA	ENSRNOT00000037050	ENSRNOT00000037050	6,7,8	1:162629583-162639899|1:162648653-162649838
1	174905063	174906523	circular_RNA/3	1	+	174905063	174905063	0,0,0	2	228,147	0,1313	3	circRNA	ENSRNOT00000013276	ENSRNOT00000013276	4,5	1:174897168-174905063|1:174906523-174908374
1	176917365	176923739	circular_RNA/1	0	+	176917365	176917365	0,0,0	5	105,208,116,120,778	0,753,2502,4198,5596	1	circRNA	ENSRNOT00000065712	ENSRNOT00000065712	16,17,18,19,20	1:176916682-176917365|1:176923739-176929698
1	190980863	190991049	circular_RNA/1	1	+	190980863	190980863	0,0,0	3	191,210,185	0,4285,10001	1	circRNA	ENSRNOT00000039186	ENSRNOT00000039186	2,3,4	1:190965049-190980863|1:190991049-191009221
1	192938630	192948640	circular_RNA/2	0	+	192938630	192938630	0,0,0	6	100,37,45,89,100,140	0,2906,7256,9223,9427,9870	2	circRNA	ENSRNOT00000035770	ENSRNOT00000035770	2,3,4,5,6,7	1:192933904-192938630|1:192948640-192951455
1	204267318	204275972	circular_RNA/2	1	-	204267318	204267318	0,0,0	4	157,147,340,991	0,4357,6624,7663	2	circRNA	ENSRNOT00000022157	ENSRNOT00000022157	5,4,3,2	1:204254857-204267318|1:204275972-204322150
1	231457045	231498197	circular_RNA/1	1	-	231457045	231457045	0,0,0	4	17,202,75,63	0,1294,25647,41089	1	circRNA	ENSRNOT00000087140	ENSRNOT00000087140	8,7,6,5	1:231415776-231457045|1:231498197-231527568
1	235653120	235654280	circular_RNA/2	1	-	235653120	235653120	0,0,0	3	147,105,396	0,254,764	2	circRNA	ENSRNOT00000014800	ENSRNOT00000014800	50,49,48	None|1:235654280-235656005
1	235789222	235800597	circular_RNA/1	1	-	235789222	235789222	0,0,0	5	110,102,96,43,44	0,4654,5007,7169,11331	1	circRNA	ENSRNOT00000014800	ENSRNOT00000014800	6,5,4,3,2	1:235780409-235789222|1:235800597-235812930
1	247922779	247960553	circular_RNA/1	1	-	247922779	247922779	0,0,0	4	90,80,1418,201	0,8546,21465,37573	1	circRNA	ENSRNOT00000039428	ENSRNOT00000039428	5,4,3,2	1:247908512-247922779|1:247960553-247977846
1	247931325	247960553	circular_RNA/1	1	-	247931325	247931325	0,0,0	3	80,1418,201	0,12919,29027	1	circRNA	ENSRNOT00000039428	ENSRNOT00000039428	4,3,2	1:247922869-247931325|1:247960553-247977846
1	264683361	264683831	circular_RNA/2	1	+	264683361	264683361	0,0,0	1	470	0	2	ciRNA	ENSRNOT00000034814	ENSRNOT00000034814	6	1:264683361-264684353
Y	1030851	1038541	circular_RNA/1	1	-	1030851	1030851	0,0,0	4	206,106,130,734	0,912,2729,6956	1	circRNA	ENSRNOT00000093013	ENSRNOT00000093013	19,18,17,16	Y:1013105-1030851|Y:1038541-1049564
Y	1091378	1099068	circular_RNA/1	1	-	1091378	1091378	0,0,0	4	206,106,130,734	0,912,2729,6956	1	circRNA	ENSRNOT00000082648	ENSRNOT00000082648	19,18,17,16	Y:1073632-1091378|Y:1099068-1110091
