20	22771350	22786641	circular_RNA/1	0	-	22771350	22771350	0,0,0	6	128,90,153,215,202,2171	0,672,5761,6853,8930,13120	1	circRNA	ENSRNOT00000000804	ENSRNOT00000000804	15,14,13,12,11,10	20:22771055-22771350|20:22786641-22787002
20	27409749	27415954	circular_RNA/1	1	+	27409749	27409749	0,0,0	5	1911,27,253,91,94	0,1912,1940,5500,6111	1	circRNA	ENSRNOT00000000302	ENSRNOT00000000302	3,4,5,6,7	20:27381559-27409749|20:27415954-27426195
20	32513667	32537033	circular_RNA/1	1	+	32513667	32513667	0,0,0	7	134,102,100,95,132,89,100	0,1635,1851,5640,8269,10241,23266	1	circRNA	ENSRNOT00000046268	ENSRNOT00000046268	2,3,4,5,6,7,8	20:32509747-32513667|20:32537033-32555832
20	44915139	44925198	circular_RNA/1	1	+	44915139	44915139	0,0,0	4	193,112,116,119	0,2162,3842,9940	1	circRNA	ENSRNOT00000057227	ENSRNOT00000057227	17,18,19,20	20:44910078-44915139|20:44925198-44927442
4	8223839	8239403	circular_RNA/1	1	-	8223839	8223839	0,0,0	4	81,230,115,185	0,3074,5052,15379	1	circRNA	ENSRNOT00000076583	ENSRNOT00000076583	5,4,3,2	4:8217614-8223839|4:8239403-8255222
4	16596780	16608452	circular_RNA/2	0	-	16596780	16596780	0,0,0	3	91,137,2188	0,4892,9484	2	circRNA	ENSRNOT00000093412	ENSRNOT00000093412	8,7,6	4:16574841-16596780|4:16608452-16647212
4	16647212	16669365	circular_RNA/1	0	-	16647212	16647212	0,0,0	2	7599,708	0,21445	1	circRNA	ENSRNOT00000093412	ENSRNOT00000093412	5,4	4:16608452-16647212|4:16669365-17032160
4	17032160	17053486	circular_RNA/1	1	-	17032160	17032160	0,0,0	2	1463,1459	0,19867	1	circRNA	ENSRNOT00000093412	ENSRNOT00000093412	3,2	4:16669365-17032160|4:17053486-17058517
4	17032160	17033623	circular_RNA/3	0	-	17032160	17032160	0,0,0	1	1463	0	3	circRNA	ENSRNOT00000093412	ENSRNOT00000093412	3	4:16669365-17032160|4:17033623-17052027
4	27509135	27563899	circular_RNA/1	0	+	27509135	27509135	0,0,0	9	273,301,183,118,209,89,145,167,89	0,3425,15568,28665,40039,41483,44745,48595,54675	1	circRNA	ENSRNOT00000007940	ENSRNOT00000007940	2,3,4,5,6,7,8,9,10	4:27473706-27509135|4:27563899-27573803
4	28494650	28520904	circular_RNA/2	1	+	28494650	28494650	0,0,0	6	95,99,91,177,119,107	0,390,16252,19347,22377,26147	2	circRNA	ENSRNOT00000067087	ENSRNOT00000067087	15,16,17,18,19,20	4:28490448-28494650|4:28520904-28533249
4	34569948	34602713	circular_RNA/1	1	+	34569948	34569948	0,0,0	5	152,87,114,153,211	0,16948,25869,29670,32554	1	circRNA	ENSRNOT00000011138	ENSRNOT00000011138	5,6,7,8,9	4:34447350-34569948|4:34602713-34610174
4	38263239	38264003	circular_RNA/1	1	+	38263239	38263239	0,0,0	1	764	0	1	circRNA	ENSRNOT00000047029	ENSRNOT00000047029	6	4:38256132-38263239|4:38264003-38271536
4	50103024	50124701	circular_RNA/1	1	+	50103024	50103024	0,0,0	10	92,86,21,97,83,135,135,164,136,147	0,6048,8751,8972,11808,13139,14447,17037,19662,21530	1	circRNA	ENSRNOT00000008719	ENSRNOT00000008719	14,15,16,17,18,19,20,21,22,23	4:50093669-50103024|4:50124701-50129724
4	66193730	66212096	circular_RNA/2	0	+	66193730	66193730	0,0,0	9	138,104,490,71,130,119,114,144,51	0,1505,2059,6836,13759,15965,16674,17273,18315	2	circRNA	ENSRNOT00000064175	ENSRNOT00000064175	4,5,6,7,8,9,10,11,12	4:66180964-66193730|4:66212096-66214542
4	66214542	66219277	circular_RNA/7	1	+	66214542	66214542	0,0,0	3	43,51,1545	0,2104,3190	7	circRNA	ENSRNOT00000064175	ENSRNOT00000064175	13,14,15	4:66212096-66214542|4:66219277-66226187
4	67449578	67483807	circular_RNA/1	1	-	67449578	67449578	0,0,0	7	117,149,103,104,95,70,102	0,1109,4225,5382,13978,14172,34127	1	circRNA	ENSRNOT00000014604	ENSRNOT00000014604	8,7,6,5,4,3,2	4:67440979-67449578|4:67483807-67520263
4	96732981	96787475	circular_RNA/1	1	+	96732981	96732981	0,0,0	10	175,175,122,80,85,158,94,161,94,86	0,1688,3399,6896,11238,12382,29524,31486,34076,54408	1	circRNA	ENSRNOT00000009569	ENSRNOT00000009569	4,5,6,7,8,9,10,11,12,13	4:96716570-96732981|4:96787475-96810024
4	112671444	112685658	circular_RNA/3	1	+	112671444	112671444	0,0,0	7	98,116,187,124,82,113,200	0,4669,8209,10275,11544,12014,14014	3	circRNA	ENSRNOT00000009104	ENSRNOT00000009104	3,4,5,6,7,8,9	4:112669730-112671444|4:112685658-112687603
4	115631195	115664663	circular_RNA/1	1	+	115631195	115631195	0,0,0	18	62,39,170,275,147,123,56,53,51,69,84,69,38,132,129,42,135,123	0,5365,6908,8473,10243,11945,17805,18031,19285,21117,21970,22665,24123,26500,29838,30757,31465,33345	1	circRNA	ENSRNOT00000019617	ENSRNOT00000019617	3,4,5,6,7,8,9,10,11,12,13,14,15,16,17,18,19,20	4:115626399-115631195|4:115664663-115670901
4	117383089	117425208	circular_RNA/1	1	+	117383089	117383089	0,0,0	11	126,193,118,140,119,160,3783,134,1784,230,126	0,1333,7110,8245,10096,14637,19294,24222,27535,39590,41993	1	circRNA	ENSRNOT00000045735	ENSRNOT00000045735	2,3,4,5,6,7,8,9,10,11,12	4:117372024-117383089|4:117425208-117431217
4	117422679	117446827	circular_RNA/1	1	+	117422679	117422679	0,0,0	6	230,126,156,135,90,1151	0,2403,8538,13498,20159,22997	1	circRNA	ENSRNOT00000045735	ENSRNOT00000045735	11,12,13,14,15,16	4:117412408-117422679|4:117446827-117464556
4	129533390	129538089	circular_RNA/1	0	-	129533390	129533390	0,0,0	5	157,167,143,106,127	0,549,1258,2859,4572	1	circRNA	ENSRNOT00000087215	ENSRNOT00000087215	8,7,6,5,4	4:129530592-129533390|4:129538089-129539157
4	131439625	131453028	circular_RNA/3	1	-	131439625	131439625	0,0,0	4	205,160,90,138	0,6608,12122,13265	3	circRNA	ENSRNOT00000013271	ENSRNOT00000013271	7,6,5,4	4:131415509-131439625|4:131453028-131511427
8	508993	509712	circular_RNA/2	1	+	508993	508993	0,0,0	1	719	0	2	circRNA	ENSRNOT00000046058	ENSRNOT00000046058	4	8:456940-508993|8:509712-759957
8	23035954	23048640	circular_RNA/1	0	-	23035954	23035954	0,0,0	5	39,226,154,104,220	0,1264,1588,12155,12466	1	circRNA	ENSRNOT00000018416	ENSRNOT00000018416	6,5,4,3,2	8:23031061-23035954|8:23048640-23062967
8	26267894	26271172	circular_RNA/1	0	-	26267894	26267894	0,0,0	3	115,318,123	0,795,3155	1	circRNA	ENSRNOT00000046432	ENSRNOT00000046432	7,6,5	8:26267433-26267894|8:26271172-26290096
8	45097514	45098170	circular_RNA/1	0	-	45097514	45097514	0,0,0	1	656	0	1	circRNA	ENSRNOT00000010743	ENSRNOT00000010743	8	8:45094174-45097514|8:45098170-45103543
8	62486463	62500921	circular_RNA/2	1	+	62486463	62486463	0,0,0	3	254,320,336	0,3073,14122	2	circRNA	ENSRNOT00000026492	ENSRNOT00000026492	2,3,4	8:62482219-62486463|8:62500921-62517047
8	70339050	70367391	circular_RNA/1	1	+	70339050	70339050	0,0,0	12	67,59,145,176,101,219,146,134,136,207,129,142	0,1388,3644,4070,7854,12664,13768,25601,27126,27528,27823,28199	1	circRNA	ENSRNOT00000016260	ENSRNOT00000016260	8,9,10,11,12,13,14,15,16,17,18,19	8:70334443-70339050|8:70367391-70371301
8	70383123	70390893	circular_RNA/1	1	+	70383123	70383123	0,0,0	9	95,176,147,199,255,118,27,163,65	0,1432,1697,4303,4784,6718,6938,7410,7705	1	circRNA	ENSRNOT00000016260	ENSRNOT00000016260	24,25,26,27,28,29,30,31,32	8:70381883-70383123|8:70390893-70403997
8	70384555	70390893	circular_RNA/1	1	+	70384555	70384555	0,0,0	8	176,147,199,255,118,27,163,65	0,265,2871,3352,5286,5506,5978,6273	1	circRNA	ENSRNOT00000016260	ENSRNOT00000016260	25,26,27,28,29,30,31,32	8:70383218-70384555|8:70390893-70403997
8	70524345	70535723	circular_RNA/1	1	+	70524345	70524345	0,0,0	5	134,273,113,174,169	0,2091,6762,8296,11209	1	circRNA	ENSRNOT00000025873	ENSRNOT00000025873	2,3,4,5,6	8:70522198-70524345|8:70535723-70540635
8	78908445	78910847	circular_RNA/1	1	+	78908445	78908445	0,0,0	3	135,308,141	0,1835,2261	1	circRNA	ENSRNOT00000089335	ENSRNOT00000089335	14,15,16	8:78902225-78908445|8:78910847-78921275
8	84434783	84496011	circular_RNA/1	0	-	84434783	84434783	0,0,0	7	129,45,45,60,66,72,1467	0,8832,18500,26348,26697,47845,59761	1	circRNA	ENSRNOT00000076213	ENSRNOT00000076213	9,8,7,6,5,4,3	None|8:84496011-84505935
8	84443615	84496086	circular_RNA/1	0	-	84443615	84443615	0,0,0	6	45,45,60,66,72,1542	0,9668,17516,17865,39013,50929	1	circRNA	ENSRNOT00000076942	ENSRNOT00000076942	8,7,6,5,4,3	8:84434912-84443615|8:84496086-84505935
8	84453283	84496086	circular_RNA/1	0	-	84453283	84453283	0,0,0	5	45,60,66,72,1542	0,7848,8197,29345,41261	1	circRNA	ENSRNOT00000076942	ENSRNOT00000076942	7,6,5,4,3	8:84443660-84453283|8:84496086-84505935
8	84461131	84496086	circular_RNA/1	0	-	84461131	84461131	0,0,0	4	60,66,72,1542	0,349,21497,33413	1	circRNA	ENSRNOT00000076942	ENSRNOT00000076942	6,5,4,3	8:84453328-84461131|8:84496086-84505935
8	87521065	87531662	circular_RNA/1	1	+	87521065	87521065	0,0,0	4	71,143,388,230	0,4460,7797,10367	1	circRNA	ENSRNOT00000015741	ENSRNOT00000015741	7,8,9,10	8:87516210-87521065|8:87531662-87537536
8	116550007	116564316	circular_RNA/2	1	-	116550007	116550007	0,0,0	9	147,86,82,43,98,161,267,61,75	0,571,901,1269,2490,4085,4932,8968,14234	2	circRNA	ENSRNOT00000024939	ENSRNOT00000024939	15,14,13,12,11,10,9,8,7	8:116546770-116550007|8:116564316-116596999
8	117136961	117150102	circular_RNA/1	1	+	117136961	117136961	0,0,0	9	131,127,146,62,141,118,174,159,225	0,2322,3393,3669,6464,7441,8557,11157,12916	1	circRNA	ENSRNOT00000083046	ENSRNOT00000083046	3,4,5,6,7,8,9,10,11	8:117129999-117136961|8:117150102-117150931
8	130762664	130768360	circular_RNA/3	1	+	130762664	130762664	0,0,0	2	51,696	0,5000	3	circRNA	ENSRNOT00000079273	ENSRNOT00000079273	2,3	8:130749952-130762664|8:130768360-130792977
7	1131839	1143648	circular_RNA/1	1	-	1131839	1131839	0,0,0	5	117,226,106,203,106	0,1128,3789,10319,11703	1	circRNA	ENSRNOT00000074108	ENSRNOT00000074108	8,7,6,5,4	7:1130897-1131839|7:1143648-1156230
7	30714505	30735182	circular_RNA/1	0	+	30714505	30714505	0,0,0	5	297,76,102,117,167	0,12972,14158,17095,20510	1	circRNA	ENSRNOT00000059269	ENSRNOT00000059269	7,8,9,10,11	7:30712706-30714505|7:30735182-30824947
7	30824947	31265799	circular_RNA/1	1	+	30824947	30824947	0,0,0	7	144,166,137,181,587,73,107	0,104835,165722,206629,369162,371395,440745	1	circRNA	ENSRNOT00000059269	ENSRNOT00000059269	12,13,14,15,16,17,18	7:30735182-30824947|7:31265799-31339919
7	30990669	31031757	circular_RNA/1	1	+	30990669	30990669	0,0,0	2	137,181	0,40907	1	circRNA	ENSRNOT00000059269	ENSRNOT00000059269	14,15	7:30929948-30990669|7:31031757-31194109
7	37119217	37131623	circular_RNA/1	1	+	37119217	37119217	0,0,0	8	128,55,66,40,114,122,156,117	0,724,869,3514,4409,5088,6290,12289	1	circRNA	ENSRNOT00000087297	ENSRNOT00000087297	4,5,6,7,8,9,10,11	7:37106621-37119217|7:37131623-37140102
7	52349007	52380182	circular_RNA/1	0	-	52349007	52349007	0,0,0	4	1030,122,184,73	0,13545,28069,31102	1	circRNA	ENSRNOT00000082100	ENSRNOT00000082100	6,5,4,3	7:52335503-52349007|7:52380182-52404024
7	78366432	78453775	circular_RNA/1	1	+	78366432	78366432	0,0,0	10	131,172,154,69,157,111,66,180,110,42	0,6603,8969,37699,47485,48802,55210,66394,67428,87301	1	circRNA	ENSRNOT00000050753	ENSRNOT00000050753	12,13,14,15,16,17,18,19,20,21	7:78363275-78366432|7:78453775-78462287
7	120608345	120610489	circular_RNA/1	1	-	120608345	120608345	0,0,0	2	166,250	0,1894	1	circRNA	ENSRNOT00000031117	ENSRNOT00000031117	3,2	7:120602199-120608345|7:120610489-120636480
X	10567594	10584058	circular_RNA/1	1	-	10567594	10567594	0,0,0	6	212,96,343,88,134,137	0,749,2096,3835,14574,16327	1	circRNA	ENSRNOT00000080651	ENSRNOT00000080651	18,17,16,15,14,13	X:10565134-10567594|X:10584058-10584791
X	20351429	20352081	circular_RNA/1	1	+	20351429	20351429	0,0,0	1	652	0	1	circRNA	ENSRNOT00000082177	ENSRNOT00000082177	2	X:20317020-20351429|X:20352081-20363118
X	20952576	20987315	circular_RNA/2	1	+	20952576	20952576	0,0,0	7	100,77,278,274,172,250,115	0,907,1453,2375,3553,15097,34624	2	circRNA	ENSRNOT00000093701	ENSRNOT00000093701	5,6,7,8,9,10,11	X:20536573-20952576|X:20987315-21006608
X	26345318	26365382	circular_RNA/1	0	-	26345318	26345318	0,0,0	6	180,149,151,56,196,257	0,7627,8790,12616,18005,19807	1	circRNA	ENSRNOT00000051655	ENSRNOT00000051655	7,6,5,4,3,2	X:26329845-26345318|X:26365382-26376394
X	39830727	39885483	circular_RNA/1	0	+	39830727	39830727	0,0,0	7	60,69,147,134,212,90,215	0,4846,20094,30097,33407,52990,54541	1	circRNA	ENSRNOT00000080512	ENSRNOT00000080512	7,8,9,10,11,12,13	X:39825832-39830727|X:39885483-39907521
X	39850821	39864346	circular_RNA/1	1	+	39850821	39850821	0,0,0	3	147,134,212	0,10003,13313	1	circRNA	ENSRNOT00000080512	ENSRNOT00000080512	9,10,11	X:39835642-39850821|X:39864346-39883717
X	63177768	63195572	circular_RNA/1	1	-	63177768	63177768	0,0,0	3	570,90,68	0,4527,17736	1	circRNA	ENSRNOT00000065194	ENSRNOT00000065194	4,3,2	X:63166092-63177768|X:63195572-63203277
X	70600177	70645337	circular_RNA/1	1	+	70600177	70600177	0,0,0	18	54,51,125,170,137,145,160,157,103,115,177,76,46,51,102,173,110,92	0,307,754,1073,1527,1966,2758,4486,5097,24923,35876,36550,39302,42236,42918,43608,44659,45068	1	circRNA	ENSRNOT00000045082	ENSRNOT00000045082	2,3,4,5,6,7,8,9,10,11,12,13,14,15,16,17,18,19	X:70597278-70600177|X:70645337-70646338
X	99905939	99926471	circular_RNA/1	1	+	99905939	99905939	0,0,0	7	119,117,119,65,105,294,115	0,6114,9001,10469,13594,19343,20417	1	circRNA	ENSRNOT00000082451	ENSRNOT00000082451	7,8,9,10,11,12,13	X:99900275-99905939|X:99926471-100019198
X	123718251	123720910	circular_RNA/2	0	-	123718251	123718251	0,0,0	2	161,183	0,2476	2	circRNA	ENSRNOT00000032618	ENSRNOT00000032618	8,7	X:123717432-123718251|X:123720910-123721314
X	153866969	153867830	circular_RNA/1	0	-	153866969	153866969	0,0,0	1	861	0	1	circRNA	ENSRNOT00000087617	ENSRNOT00000087617	3	X:153726002-153866969|X:153867830-153878676
18	17404076	17625862	circular_RNA/1	1	+	17404076	17404076	0,0,0	7	143,95,130,114,674,182,109	0,5184,24074,92726,145894,208723,221677	1	circRNA	ENSRNOT00000045150	ENSRNOT00000045150	2,3,4,5,6,7,8	18:17403440-17404076|18:17625862-17674944
18	32047891	32094303	circular_RNA/1	0	-	32047891	32047891	0,0,0	10	79,95,101,130,105,111,102,72,62,96	0,16639,21725,23475,24942,30843,32348,41000,44488,46316	1	circRNA	ENSRNOT00000090882	ENSRNOT00000090882	11,10,9,8,7,6,5,4,3,2	18:31992075-32047891|18:32094303-32207327
18	32064530	32094303	circular_RNA/1	0	-	32064530	32064530	0,0,0	9	95,101,130,105,111,102,72,62,96	0,5086,6836,8303,14204,15709,24361,27849,29677	1	circRNA	ENSRNOT00000090882	ENSRNOT00000090882	10,9,8,7,6,5,4,3,2	18:32047970-32064530|18:32094303-32207327
18	57743426	57755793	circular_RNA/1	1	+	57743426	57743426	0,0,0	2	154,569	0,11798	1	circRNA	ENSRNOT00000025892	ENSRNOT00000025892	4,5	18:57728715-57743426|18:57755793-57778749
18	69634005	69657373	circular_RNA/1	0	-	69634005	69634005	0,0,0	9	169,184,51,117,120,213,30,175,377	0,835,8124,9446,9654,13496,20499,21136,22991	1	circRNA	ENSRNOT00000082484	ENSRNOT00000082484	10,9,8,7,6,5,4,3,2	18:69629556-69634005|18:69657373-69671137
5	4424815	4469629	circular_RNA/1	0	+	4424815	4424815	0,0,0	5	83,187,140,84,90	0,479,22631,24670,44724	1	circRNA	ENSRNOT00000064946	ENSRNOT00000064946	6,7,8,9,10	5:4408352-4424815|5:4469629-4495025
5	12156801	12172003	circular_RNA/1	1	-	12156801	12156801	0,0,0	2	103,419	0,14783	1	circRNA	ENSRNOT00000007769	ENSRNOT00000007769	3,2	5:12143701-12156801|5:12172003-12199175
5	29851600	29865341	circular_RNA/1	0	-	29851600	29851600	0,0,0	5	162,50,158,156,154	0,1139,5489,11096,13587	1	circRNA	ENSRNOT00000012963	ENSRNOT00000012963	6,5,4,3,2	5:29848558-29851600|5:29865341-29870083
5	101653100	101738333	circular_RNA/1	1	+	101653100	101653100	0,0,0	15	136,175,191,132,15,36,22,14,12,29,19,93,161,139,103	0,3252,7642,10735,17741,24322,32739,36248,39904,41156,42086,42202,44582,70388,85130	1	circRNA	ENSRNOT00000036233	ENSRNOT00000036233	2,3,4,5,6,7,8,9,10,11,12,13,14,15,16	5:101648562-101653100|5:101738333-101755046
5	106171073	106171781	circular_RNA/3	1	-	106171073	106171073	0,0,0	1	708	0	3	circRNA	ENSRNOT00000015094	ENSRNOT00000015094	3	5:106121498-106171073|5:106171781-106202419
5	106171073	106202563	circular_RNA/1	1	-	106171073	106171073	0,0,0	2	708,144	0,31346	1	circRNA	ENSRNOT00000015094	ENSRNOT00000015094	3,2	5:106121498-106171073|5:106202563-106206318
5	122569105	122593611	circular_RNA/1	0	-	122569105	122569105	0,0,0	6	122,158,152,87,224,195	0,645,10908,12799,16812,24311	1	circRNA	ENSRNOT00000046691	ENSRNOT00000046691	13,12,11,10,9,8	5:122560581-122569105|5:122593611-122605824
5	122580013	122593611	circular_RNA/1	0	-	122580013	122580013	0,0,0	4	152,87,224,195	0,1891,5904,13403	1	circRNA	ENSRNOT00000046691	ENSRNOT00000046691	11,10,9,8	5:122569908-122580013|5:122593611-122605824
5	125943744	125952433	circular_RNA/1	1	+	125943744	125943744	0,0,0	9	66,75,159,115,104,108,96,162,48	0,2450,3071,4226,4638,7852,8109,8294,8641	1	circRNA	ENSRNOT00000029228	ENSRNOT00000029228	8,9,10,11,12,13,14,15,16	5:125940812-125943744|5:125952433-125957852
5	135818987	135829631	circular_RNA/1	1	+	135818987	135818987	0,0,0	4	357,149,151,180	0,5962,8981,10464	1	circRNA	ENSRNOT00000068267	ENSRNOT00000068267	2,3,4,5	5:135735967-135818987|5:135829631-135837485
5	144367259	144380803	circular_RNA/2	0	-	144367259	144367259	0,0,0	6	102,135,195,91,160,185	0,1949,2796,5692,7324,13359	2	circRNA	ENSRNOT00000042371	ENSRNOT00000042371	17,16,15,14,13,12	5:144365623-144367259|5:144380803-144382491
5	144916445	144942704	circular_RNA/1	1	-	144916445	144916445	0,0,0	13	151,173,151,279,116,151,213,175,256,85,171,62,522	0,1528,2383,2966,3612,4178,7875,8198,15498,16002,23374,23898,25737	1	circRNA	ENSRNOT00000016992	ENSRNOT00000016992	15,14,13,12,11,10,9,8,7,6,5,4,3	5:144915213-144916445|5:144942704-144969314
5	147363510	147368505	circular_RNA/6	1	-	147363510	147363510	0,0,0	4	92,83,791,117	0,1523,3115,4878	6	circRNA	ENSRNOT00000009436	ENSRNOT00000009436	5,4,3,2	5:147340996-147363510|5:147368505-147374889
5	151944768	151947717	circular_RNA/10	0	-	151944768	151944768	0,0,0	3	117,456,213	0,1378,2736	10	circRNA	ENSRNOT00000009173	ENSRNOT00000009173	4,3,2	5:151921981-151944768|5:151947717-151976770
5	151946146	151947717	circular_RNA/1	0	-	151946146	151946146	0,0,0	2	456,213	0,1358	1	circRNA	ENSRNOT00000009173	ENSRNOT00000009173	3,2	5:151944885-151946146|5:151947717-151976770
5	167455210	167455676	circular_RNA/1	1	+	167455210	167455210	0,0,0	1	466	0	1	circRNA	ENSRNOT00000024443	ENSRNOT00000024443	2	5:167331470-167455210|5:167455676-167478402
5	167486000	167526275	circular_RNA/2	1	+	167486000	167486000	0,0,0	4	126,106,97,105	0,30580,32800,40170	2	circRNA	ENSRNOT00000024443	ENSRNOT00000024443	4,5,6,7	5:167478473-167486000|5:167526275-167547692
3	11035943	11050105	circular_RNA/1	1	+	11035943	11035943	0,0,0	6	76,79,88,59,1755,71	0,1148,4796,7480,9383,14091	1	circRNA	ENSRNOT00000037164	ENSRNOT00000037164	18,19,20,21,22,23	3:11028863-11035943|3:11050105-11057649
3	12860436	12931658	circular_RNA/1	1	-	12860436	12860436	0,0,0	6	95,123,130,97,108,123	0,22993,26050,32327,38108,71099	1	circRNA	ENSRNOT00000023172	ENSRNOT00000023172	7,6,5,4,3,2	3:12805710-12860436|3:12931658-12944412
3	13510409	13522529	circular_RNA/8	1	+	13510409	13510409	0,0,0	3	328,90,149	0,2878,11971	8	circRNA	ENSRNOT00000023889	ENSRNOT00000023889	2,3,4	3:13485352-13510409|3:13522529-13571652
3	54455978	54566332	circular_RNA/1	1	-	54455978	54455978	0,0,0	13	68,63,30,123,66,49,134,102,110,56,142,109,113	0,1928,7219,7342,53962,54144,60997,63239,63669,91267,92438,98408,110241	1	circRNA	ENSRNOT00000037133	ENSRNOT00000037133	14,13,12,11,10,9,8,7,6,5,4,3,2	3:54414158-54455978|3:54566332-54624770
3	54455978	54554495	circular_RNA/1	0	-	54455978	54455978	0,0,0	12	68,63,30,123,66,49,134,102,110,56,142,109	0,1928,7219,7342,53962,54144,60997,63239,63669,91267,92438,98408	1	circRNA	ENSRNOT00000037133	ENSRNOT00000037133	14,13,12,11,10,9,8,7,6,5,4,3	3:54414158-54455978|3:54554495-54566219
3	56098189	56101083	circular_RNA/1	1	+	56098189	56098189	0,0,0	5	101,72,40,141,196	0,1134,1502,2063,2698	1	circRNA	ENSRNOT00000011174	ENSRNOT00000011174	6,7,8,9,10	3:56098115-56098189|3:56101083-56101178
3	59653910	59680308	circular_RNA/2	0	-	59653910	59653910	0,0,0	2	193,1360	0,25038	2	circRNA	ENSRNOT00000078752	ENSRNOT00000078752	4,3	3:59648692-59653910|3:59680308-59687513
3	83229028	83275617	circular_RNA/2	1	-	83229028	83229028	0,0,0	13	160,121,154,260,171,187,225,78,166,116,147,113,161	0,3007,6873,9340,19491,34374,37079,37436,38868,39190,41234,43963,46428	2	circRNA	ENSRNOT00000014088	ENSRNOT00000014088	21,20,19,18,17,16,15,14,13,12,11,10,9	3:83227702-83229028|3:83275617-83278402
3	111505704	111523935	circular_RNA/1	1	+	111505704	111505704	0,0,0	5	148,208,112,136,178	0,3480,8243,17161,18053	1	circRNA	ENSRNOT00000056392	ENSRNOT00000056392	3,4,5,6,7	3:111496083-111505704|3:111523935-111527668
3	113854561	113855407	circular_RNA/1	1	+	113854561	113854561	0,0,0	2	142,81	0,765	1	circRNA	ENSRNOT00000044158	ENSRNOT00000044158	5,6	3:113851135-113854561|3:113855407-113860598
3	121214806	121219672	circular_RNA/1	1	-	121214806	121214806	0,0,0	6	221,146,74,83,101,52	0,414,2642,3911,4520,4814	1	circRNA	ENSRNOT00000055875	ENSRNOT00000055875	9,8,7,6,5,4	3:121213230-121214806|3:121219672-121223001
3	162401400	162422870	circular_RNA/1	1	+	162401400	162401400	0,0,0	4	68,175,143,84	0,3273,12656,21386	1	circRNA	ENSRNOT00000087530	ENSRNOT00000087530	6,7,8,9	3:162373261-162401400|3:162422870-162446020
3	162762422	162776059	circular_RNA/1	1	+	162762422	162762422	0,0,0	15	105,173,101,175,186,99,141,148,377,869,130,195,294,127,172	0,286,1085,2794,4028,4327,5123,5508,7045,7541,9607,11376,11886,12396,13465	1	circRNA	ENSRNOT00000007768	ENSRNOT00000007768	3,4,5,6,7,8,9,10,11,12,13,14,15,16,17	3:162734568-162762422|3:162776059-162782714
3	164202712	164219349	circular_RNA/1	1	+	164202712	164202712	0,0,0	7	144,139,106,117,83,112,221	0,3001,5337,10931,13080,14260,16416	1	circRNA	ENSRNOT00000012175	ENSRNOT00000012175	8,9,10,11,12,13,14	3:164198685-164202712|3:164219349-164221198
3	167989368	167999762	circular_RNA/1	1	-	167989368	167989368	0,0,0	3	213,45,156	0,9610,10238	1	circRNA	ENSRNOT00000055111	ENSRNOT00000055111	6,5,4	3:167981694-167989368|3:167999762-168018175
2	3809212	3839676	circular_RNA/1	1	+	3809212	3809212	0,0,0	4	171,131,187,94	0,12003,25423,30370	1	circRNA	ENSRNOT00000093593	ENSRNOT00000093593	7,8,9,10	2:3788653-3809212|2:3839676-3856001
2	3809212	3860857	circular_RNA/1	1	+	3809212	3809212	0,0,0	9	171,131,187,94,103,103,102,75,120	0,12003,25423,30370,46789,48593,49023,49591,51525	1	circRNA	ENSRNOT00000093593	ENSRNOT00000093593	7,8,9,10,11,12,13,14,15	2:3788653-3809212|2:3860857-3947955
2	3839582	3977804	circular_RNA/1	1	+	3839582	3839582	0,0,0	8	94,103,103,102,75,120,120,54	0,16419,18223,18653,19221,21155,108373,138168	1	circRNA	ENSRNOT00000093593	ENSRNOT00000093593	10,11,12,13,14,15,16,17	2:3834822-3839582|2:3977804-4081149
2	20507149	20531444	circular_RNA/1	0	+	20507149	20507149	0,0,0	3	73,62,85	0,11856,24210	1	circRNA	ENSRNOT00000021857	ENSRNOT00000021857	2,3,4	2:20431521-20507149|2:20531444-20626714
2	22950022	22964734	circular_RNA/5	1	+	22950022	22950022	0,0,0	4	157,132,93,140	0,4702,7334,14572	5	circRNA	ENSRNOT00000073871	ENSRNOT00000073871	2,3,4,5	2:22910433-22950022|2:22964734-22997105
2	29005941	29019708	circular_RNA/1	1	-	29005941	29005941	0,0,0	4	153,142,75,92	0,238,6821,13675	1	circRNA	ENSRNOT00000020692	ENSRNOT00000020692	5,4,3,2	2:28995026-29005941|2:29019708-29029088
2	62955689	62981330	circular_RNA/1	1	+	62955689	62955689	0,0,0	10	108,139,61,60,100,103,71,45,158,106	0,542,1203,11312,12748,15681,17605,22780,24214,25535	1	circRNA	ENSRNOT00000048026	ENSRNOT00000048026	20,21,22,23,24,25,26,27,28,29	2:62950810-62955689|2:62981330-62990345
2	100696651	100698250	circular_RNA/1	1	+	100696651	100696651	0,0,0	1	1599	0	1	circRNA	ENSRNOT00000067556	ENSRNOT00000067556	4	2:100683782-100696651|2:100698250-100708244
2	116051314	116074780	circular_RNA/1	0	+	116051314	116051314	0,0,0	8	159,99,244,449,153,48,154,251	0,2233,8337,13527,14249,14681,18839,23215	1	circRNA	ENSRNOT00000089477	ENSRNOT00000089477	5,6,7,8,9,10,11,12	2:116040784-116051314|2:116074780-116081753
2	128562841	128636642	circular_RNA/2	1	-	128562841	128562841	0,0,0	13	197,193,146,75,72,99,178,92,91,71,66,123,136	0,6453,11779,14347,17614,22542,27570,36253,40092,56232,61764,63524,73665	2	circRNA	ENSRNOT00000019256	ENSRNOT00000019256	18,17,16,15,14,13,12,11,10,9,8,7,6	2:128528306-128562841|2:128636642-128642779
2	128562841	128626488	circular_RNA/1	1	-	128562841	128562841	0,0,0	12	197,193,146,75,72,99,178,92,91,71,66,123	0,6453,11779,14347,17614,22542,27570,36253,40092,56232,61764,63524	1	circRNA	ENSRNOT00000019256	ENSRNOT00000019256	18,17,16,15,14,13,12,11,10,9,8,7	2:128528306-128562841|2:128626488-128636506
2	140516883	140521650	circular_RNA/2	1	+	140516883	140516883	0,0,0	3	129,214,194	0,1156,4573	2	circRNA	ENSRNOT00000017379	ENSRNOT00000017379	13,14,15	2:140515786-140516883|2:140521650-140524187
2	157508171	157581187	circular_RNA/1	1	+	157508171	157508171	0,0,0	7	120,176,186,82,78,204,94	0,1814,13499,44133,52281,54820,72922	1	circRNA	ENSRNOT00000051494	ENSRNOT00000051494	4,5,6,7,8,9,10	2:157471381-157508171|2:157581187-157595849
2	166415872	166421732	circular_RNA/1	1	+	166415872	166415872	0,0,0	4	79,97,118,146	0,264,4293,5714	1	circRNA	ENSRNOT00000064244	ENSRNOT00000064244	8,9,10,11	2:166411788-166415872|2:166421732-166423429
2	188269008	188286112	circular_RNA/1	1	+	188269008	188269008	0,0,0	2	516,4558	0,12546	1	circRNA	ENSRNOT00000027629	ENSRNOT00000027629	2,3	2:188253535-188269008|2:188286112-188301022
2	188269008	188309036	circular_RNA/2	1	+	188269008	188269008	0,0,0	4	516,4558,102,736	0,12546,32014,39292	2	circRNA	ENSRNOT00000027629	ENSRNOT00000027629	2,3,4,5	2:188253535-188269008|2:188309036-188326830
2	188269008	188330330	circular_RNA/1	1	+	188269008	188269008	0,0,0	6	516,4558,102,736,180,95	0,12546,32014,39292,57822,61227	1	circRNA	ENSRNOT00000027629	ENSRNOT00000027629	2,3,4,5,6,7	2:188253535-188269008|2:188330330-188337237
2	189723523	189726207	circular_RNA/1	1	+	189723523	189723523	0,0,0	3	132,171,316	0,1472,2368	1	circRNA	ENSRNOT00000021502	ENSRNOT00000021502	5,6,7	2:189722569-189723523|2:189726207-189728802
2	199878227	199929889	circular_RNA/1	1	-	199878227	199878227	0,0,0	25	125,190,120,132,249,186,102,224,52,236,529,117,193,204,106,233,89,128,113,138,117,92,82,171,195	0,648,2634,3377,4267,7883,10048,10753,11937,13216,14876,15923,17108,19272,19599,24312,31026,41129,42251,43066,43387,46411,47233,47480,51467	1	circRNA	ENSRNOT00000087026	ENSRNOT00000087026	37,36,35,34,33,32,31,30,29,28,27,26,25,24,23,22,21,20,19,18,17,16,15,14,13	2:199875585-199878227|2:199929889-199930904
2	202970799	202998292	circular_RNA/1	1	-	202970799	202970799	0,0,0	7	95,81,119,52,24,18,256	0,15521,17835,23754,23808,23834,27237	1	circRNA	ENSRNOT00000067000	ENSRNOT00000067000	8,7,6,5,4,3,2	2:202944395-202970799|2:202998292-203043182
2	223285166	223304322	circular_RNA/2	0	-	223285166	223285166	0,0,0	6	196,111,165,144,173,76	0,7032,7230,10776,11644,19080	2	circRNA	ENSRNOT00000015036	ENSRNOT00000015036	8,7,6,5,4,3	2:223269129-223285166|2:223304322-223320873
6	1284112	1284216	circular_RNA/1	1	-	1284112	1284112	0,0,0	1	104	0	1	circRNA	ENSRNOT00000006527	ENSRNOT00000006527	2	6:1275972-1284112|6:1284216-1319224
6	14242133	14490352	circular_RNA/1	1	-	14242133	14242133	0,0,0	6	182,120,174,191,382,123	0,207958,215557,238356,239674,248096	1	circRNA	ENSRNOT00000071402	ENSRNOT00000071402	9,8,7,6,5,4	6:14087100-14242133|6:14490352-14513632
6	28022405	28084649	circular_RNA/1	0	+	28022405	28022405	0,0,0	5	86,155,106,167,125	0,19168,26306,29132,62119	1	circRNA	ENSRNOT00000077830	ENSRNOT00000077830	5,6,7,8,9	6:28004718-28022405|6:28084649-28112860
6	28727427	28733354	circular_RNA/1	0	-	28727427	28727427	0,0,0	3	181,1330,148	0,3219,5779	1	circRNA	ENSRNOT00000091659	ENSRNOT00000091659	12,11,10	6:28713092-28727427|6:28733354-28742444
6	29032001	29106327	circular_RNA/1	1	+	29032001	29032001	0,0,0	17	152,50,154,103,109,117,76,99,112,116,175,89,160,91,312,133,187	0,1798,2239,3945,5148,6259,11819,14654,17746,20268,20806,23751,29487,33088,37731,42570,74139	1	circRNA	ENSRNOT00000079077	ENSRNOT00000079077	2,3,4,5,6,7,8,9,10,11,12,13,14,15,16,17,18	6:29012496-29032001|6:29106327-29119598
6	43674296	43682268	circular_RNA/2	1	+	43674296	43674296	0,0,0	2	151,100	0,7872	2	circRNA	ENSRNOT00000086798	ENSRNOT00000086798	7,8	6:43672022-43674296|6:43682268-43707997
6	52278276	52280394	circular_RNA/1	1	+	52278276	52278276	0,0,0	1	2118	0	1	ciRNA	ENSRNOT00000087513	ENSRNOT00000087513	3	6:52278276-52280394
6	53823558	53886963	circular_RNA/1	0	-	53823558	53823558	0,0,0	9	261,218,211,123,116,132,122,127,151	0,15177,16075,19064,29625,34875,59670,62046,63254	1	circRNA	ENSRNOT00000005521	ENSRNOT00000005521	12,11,10,9,8,7,6,5,4	6:53759927-53823558|6:53886963-53890743
6	54570722	54585265	circular_RNA/1	1	+	54570722	54570722	0,0,0	7	108,111,162,72,146,69,113	0,1494,5398,6676,12203,12585,14430	1	circRNA	ENSRNOT00000084661	ENSRNOT00000084661	19,20,21,22,23,24,25	6:54567107-54570722|6:54585265-54588305
6	57744429	57791516	circular_RNA/1	1	+	57744429	57744429	0,0,0	8	50,75,120,118,89,117,99,33	0,2953,5992,14104,16683,16851,24963,47054	1	circRNA	ENSRNOT00000063874	ENSRNOT00000063874	7,8,9,10,11,12,13,14	6:57739022-57744429|6:57791516-57804097
6	72392024	72430205	circular_RNA/1	1	-	72392024	72392024	0,0,0	15	108,141,168,122,48,176,134,141,111,142,127,174,79,74,104	0,1639,2999,5054,5456,5658,7272,11469,20576,26095,27764,29737,31531,37613,38077	1	circRNA	ENSRNOT00000077578	ENSRNOT00000077578	16,15,14,13,12,11,10,9,8,7,6,5,4,3,2	6:72378234-72392024|6:72430205-72462181
6	73357939	73385888	circular_RNA/2	1	+	73357939	73357939	0,0,0	2	3889,148	0,27801	2	circRNA	ENSRNOT00000088378	ENSRNOT00000088378	2,3	6:73345512-73357939|6:73385888-73396559
6	76487879	76492176	circular_RNA/1	0	-	76487879	76487879	0,0,0	2	72,862	0,3435	1	circRNA	ENSRNOT00000010824	ENSRNOT00000010824	31,30	6:76461552-76487879|6:76492176-76500537
6	86834723	86853404	circular_RNA/1	1	+	86834723	86834723	0,0,0	11	159,132,133,129,87,185,207,205,152,156,1876	0,1770,4078,6105,7330,8187,9805,11602,14211,15235,16805	1	circRNA	ENSRNOT00000086081	ENSRNOT00000086081	4,5,6,7,8,9,10,11,12,13,14	6:86830110-86834723|6:86853404-86859025
6	101987022	102002839	circular_RNA/1	1	+	101987022	101987022	0,0,0	6	209,78,147,162,78,184	0,8039,8471,10297,11725,15633	1	circRNA	ENSRNOT00000012005	ENSRNOT00000012005	4,5,6,7,8,9	6:101973538-101987022|6:102002839-102003976
6	108876162	108896503	circular_RNA/1	1	+	108876162	108876162	0,0,0	5	84,81,52,131,178	0,7674,10713,15682,20163	1	circRNA	ENSRNOT00000089683	ENSRNOT00000089683	20,21,22,23,24	6:108875911-108876162|6:108896503-108896812
6	109145564	109155462	circular_RNA/1	0	-	109145564	109145564	0,0,0	5	51,65,111,132,106	0,3298,5379,7516,9792	1	circRNA	ENSRNOT00000077518	ENSRNOT00000077518	9,8,7,6,5	6:109144306-109145564|6:109155462-109156838
6	122735611	122754204	circular_RNA/1	1	+	122735611	122735611	0,0,0	8	115,41,196,430,161,101,156,75	0,3250,4188,5652,6763,7303,9897,18518	1	circRNA	ENSRNOT00000039509	ENSRNOT00000039509	3,4,5,6,7,8,9,10	6:122730327-122735611|6:122754204-122763493
6	144075511	144117069	circular_RNA/1	1	-	144075511	144075511	0,0,0	17	100,61,52,62,114,163,173,130,89,112,130,103,217,78,309,92,433	0,3198,4777,5226,5386,10712,11814,15315,20190,21074,21856,29498,34079,34769,36070,39729,41125	1	circRNA	ENSRNOT00000087845	ENSRNOT00000087845	20,19,18,17,16,15,14,13,12,11,10,9,8,7,6,5,4	6:144075335-144075511|6:144117069-144118066
9	2205171	2246426	circular_RNA/1	1	+	2205171	2205171	0,0,0	8	245,177,127,124,112,455,213,156	0,3868,4800,5701,23855,26177,33731,41099	1	circRNA	ENSRNOT00000077417	ENSRNOT00000077417	3,4,5,6,7,8,9,10	9:2192764-2205171|9:2246426-2271446
9	20596862	20599410	circular_RNA/1	0	-	20596862	20596862	0,0,0	2	495,652	0,1896	1	circRNA	ENSRNOT00000015918	ENSRNOT00000015918	3,2	9:20568512-20596862|9:20599410-20620508
9	66618609	66657942	circular_RNA/1	1	+	66618609	66618609	0,0,0	8	171,171,111,92,231,115,161,148	0,1761,28471,29513,31397,33436,38010,39185	1	circRNA	ENSRNOT00000035238	ENSRNOT00000035238	2,3,4,5,6,7,8,9	9:66568521-66618609|9:66657942-66664376
9	66751636	66770533	circular_RNA/1	1	+	66751636	66751636	0,0,0	5	152,93,114,144,226	0,3834,6834,17137,18671	1	circRNA	ENSRNOT00000031261	ENSRNOT00000031261	2,3,4,5,6	9:66717038-66751636|9:66770533-66774415
9	115107895	115144280	circular_RNA/2	0	-	115107895	115107895	0,0,0	6	37,274,103,202,110,309	0,1006,19962,22967,31989,36076	2	circRNA	ENSRNOT00000056366	ENSRNOT00000056366	13,12,11,10,9,8	9:115101242-115107895|9:115144280-115223732
9	119105073	119110137	circular_RNA/1	1	+	119105073	119105073	0,0,0	2	371,92	0,4972	1	circRNA	ENSRNOT00000022351	ENSRNOT00000022351	8,9	9:119051652-119105073|9:119110137-119126800
9	119105073	119127222	circular_RNA/1	0	+	119105073	119105073	0,0,0	3	371,92,422	0,4972,21727	1	circRNA	ENSRNOT00000022351	ENSRNOT00000022351	8,9,10	9:119051652-119105073|9:119127222-119148395
9	119570783	119572066	circular_RNA/1	1	+	119570783	119570783	0,0,0	2	124,340	0,943	1	circRNA	ENSRNOT00000020476	ENSRNOT00000020476	6,7	9:119569955-119570783|9:119572066-119574259
11	30385456	30403930	circular_RNA/2	0	-	30385456	30385456	0,0,0	16	126,87,169,158,157,114,101,191,74,396,109,194,150,140,136,162	0,344,515,1643,3130,5180,5676,6478,7681,8158,9785,10174,15476,16176,16809,18312	2	circRNA	ENSRNOT00000047741	ENSRNOT00000047741	19,18,17,16,15,14,13,12,11,10,9,8,7,6,5,4	11:30373036-30385456|11:30403930-30406464
11	31125777	31161288	circular_RNA/1	1	-	31125777	31125777	0,0,0	20	163,79,216,118,157,159,193,141,85,192,24,166,153,82,170,97,62,84,226,268	0,3326,5108,5424,6040,8503,8899,9184,12609,14372,16776,19061,21454,23606,24786,25855,26668,31326,32098,35243	1	circRNA	ENSRNOT00000052033	ENSRNOT00000052033	22,21,20,19,18,17,16,15,14,13,12,11,10,9,8,7,6,5,4,3	11:31119966-31125777|11:31161288-31164192
11	45487964	45497839	circular_RNA/1	0	-	45487964	45487964	0,0,0	6	135,208,149,110,127,174	0,1954,4264,6292,8176,9701	1	circRNA	ENSRNOT00000002238	ENSRNOT00000002238	7,6,5,4,3,2	11:45484705-45487964|11:45497839-45510631
11	53168574	53202367	circular_RNA/1	1	+	53168574	53168574	0,0,0	6	81,75,81,1006,136,149	0,3221,9960,28956,30862,33644	1	circRNA	ENSRNOT00000002700	ENSRNOT00000002700	6,7,8,9,10,11	11:53159042-53168574|11:53202367-53215933
11	62059610	62067655	circular_RNA/1	0	-	62059610	62059610	0,0,0	4	188,164,49,100	0,553,5943,7945	1	circRNA	ENSRNOT00000081443	ENSRNOT00000081443	7,6,5,4	11:62027825-62059610|11:62067655-62172314
10	4328048	4340199	circular_RNA/1	1	+	4328048	4328048	0,0,0	8	231,34,78,181,155,141,94,81	0,2077,3981,6239,7784,8115,10896,12070	1	circRNA	ENSRNOT00000091610	ENSRNOT00000091610	4,5,6,7,8,9,10,11	10:4327043-4328048|10:4340199-4343183
10	16724061	16730140	circular_RNA/2	0	-	16724061	16724061	0,0,0	3	1090,126,195	0,3674,5884	2	circRNA	ENSRNOT00000079462	ENSRNOT00000079462	4,3,2	10:16712067-16724061|10:16730140-16752154
10	18082170	18089356	circular_RNA/1	1	-	18082170	18082170	0,0,0	9	75,102,84,58,62,107,94,120,80	0,1848,2606,3000,5725,5901,6411,6704,7106	1	circRNA	ENSRNOT00000006591	ENSRNOT00000006591	10,9,8,7,6,5,4,3,2	10:18081295-18082170|10:18089356-18090799
10	18396547	18415627	circular_RNA/1	1	-	18396547	18396547	0,0,0	8	194,173,147,120,74,166,105,66	0,3053,4011,5991,9278,11821,13662,19014	1	circRNA	ENSRNOT00000080021	ENSRNOT00000080021	12,11,10,9,8,7,6,5	10:18371502-18396547|10:18415627-18424726
10	29318808	29319752	circular_RNA/1	1	+	29318808	29318808	0,0,0	1	944	0	1	circRNA	ENSRNOT00000067013	ENSRNOT00000067013	2	10:29289736-29318808|10:29319752-29330336
10	30980708	30993573	circular_RNA/3	1	+	30980708	30980708	0,0,0	7	105,97,109,165,178,247,70	0,621,2795,3728,8022,11500,12795	3	circRNA	ENSRNOT00000035346	ENSRNOT00000035346	2,3,4,5,6,7,8	10:30834050-30980708|10:30993573-31000441
10	35877075	35877135	circular_RNA/2	1	+	35877075	35877075	0,0,0	1	60	0	2	circRNA	ENSRNOT00000078505	ENSRNOT00000078505	10	10:35876397-35877075|10:35877135-35877226
10	37158163	37172772	circular_RNA/1	1	-	37158163	37158163	0,0,0	7	111,174,159,121,207,56,119	0,4882,6044,7903,9236,10504,14490	1	circRNA	ENSRNOT00000090475	ENSRNOT00000090475	17,16,15,14,13,12,11	10:37156337-37158163|10:37172772-37175453
10	38712830	38720071	circular_RNA/1	0	+	38712830	38712830	0,0,0	3	127,780,45	0,3848,7196	1	circRNA	ENSRNOT00000009440	ENSRNOT00000009440	2,3,4	10:38692519-38712830|10:38720071-38724976
10	66766205	66783965	circular_RNA/2	1	+	66766205	66766205	0,0,0	6	132,135,114,80,124,162	0,4684,7710,13683,15332,17598	2	circRNA	ENSRNOT00000046262	ENSRNOT00000046262	12,13,14,15,16,17	10:66760923-66766205|10:66783965-66785839
10	67584044	67587851	circular_RNA/1	1	+	67584044	67584044	0,0,0	4	82,44,54,53	0,1910,2411,3754	1	circRNA	ENSRNOT00000082685	ENSRNOT00000082685	3,4,5,6	10:67580010-67584044|10:67587851-67594108
10	72329604	72371397	circular_RNA/1	1	-	72329604	72329604	0,0,0	18	212,112,152,175,174,106,139,75,82,155,118,141,176,193,103,62,84,63	0,2397,6018,6609,8591,10122,10441,12648,14885,16175,20240,30317,31125,33408,36130,39474,40186,41730	1	circRNA	ENSRNOT00000081649	ENSRNOT00000081649	26,25,24,23,22,21,20,19,18,17,16,15,14,13,12,11,10,9	10:72324107-72329604|10:72371397-72371722
10	86116049	86122643	circular_RNA/1	0	-	86116049	86116049	0,0,0	6	119,125,112,90,74,75	0,591,1433,2401,5812,6519	1	circRNA	ENSRNOT00000067901	ENSRNOT00000067901	13,12,11,10,9,8	10:86113831-86116049|10:86122643-86124065
10	93439728	93471445	circular_RNA/1	0	+	93439728	93439728	0,0,0	8	70,44,96,168,96,93,111,137	0,920,1691,11748,24645,25879,30887,31580	1	circRNA	ENSRNOT00000066484	ENSRNOT00000066484	4,5,6,7,8,9,10,11	10:93438786-93439728|10:93471445-93473182
10	95029080	95038778	circular_RNA/1	1	-	95029080	95029080	0,0,0	4	138,179,115,104	0,2718,4739,9594	1	circRNA	ENSRNOT00000019781	ENSRNOT00000019781	11,10,9,8	10:95026635-95029080|10:95038778-95041272
10	95292541	95299099	circular_RNA/1	1	-	95292541	95292541	0,0,0	6	180,139,130,132,356,188	0,1349,2134,4286,4754,6370	1	circRNA	ENSRNOT00000085210	ENSRNOT00000085210	12,11,10,9,8,7	10:95290877-95292541|10:95299099-95303413
13	35748507	35784163	circular_RNA/1	1	-	35748507	35748507	0,0,0	7	173,64,89,88,121,53,45	0,3657,20911,24990,34679,35074,35611	1	circRNA	ENSRNOT00000003568	ENSRNOT00000003568	12,11,10,9,8,7,6	13:35736524-35748507|13:35784163-35789304
13	60591301	60591406	circular_RNA/1	0	+	60591301	60591301	0,0,0	1	105	0	1	circRNA	ENSRNOT00000077153	ENSRNOT00000077153	5	13:60591221-60591301|13:60591406-60591486
13	68736731	68756721	circular_RNA/1	1	-	68736731	68736731	0,0,0	7	67,132,185,149,139,164,146	0,3862,9035,12908,15435,17512,19844	1	circRNA	ENSRNOT00000044255	ENSRNOT00000044255	18,17,16,15,14,13,12	13:68731203-68736731|13:68756721-68761052
13	68764054	68773859	circular_RNA/1	0	-	68764054	68764054	0,0,0	5	102,139,60,688,59	0,1411,3969,7684,9746	1	circRNA	ENSRNOT00000044255	ENSRNOT00000044255	9,8,7,6,5	13:68763048-68764054|13:68773859-68776898
13	70281029	70288727	circular_RNA/1	0	-	70281029	70281029	0,0,0	5	136,151,72,172,133	0,506,1680,2921,7565	1	circRNA	ENSRNOT00000092397	ENSRNOT00000092397	8,7,6,5,4	13:70278391-70281029|13:70288727-70290347
13	83601156	83607039	circular_RNA/1	0	-	83601156	83601156	0,0,0	4	322,69,116,118	0,537,1031,5765	1	circRNA	ENSRNOT00000004199	ENSRNOT00000004199	16,15,14,13	13:83595098-83601156|13:83607039-83616628
13	111709660	111716205	circular_RNA/1	0	-	111709660	111709660	0,0,0	2	216,165	0,6380	1	circRNA	ENSRNOT00000073041	ENSRNOT00000073041	4,3	13:111671978-111709660|13:111716205-111757225
12	9229551	9238470	circular_RNA/1	1	-	9229551	9229551	0,0,0	7	91,166,102,117,162,58,105	0,1136,3816,4004,4358,7505,8814	1	circRNA	ENSRNOT00000044134	ENSRNOT00000044134	14,13,12,11,10,9,8	12:9224845-9229551|12:9238470-9240562
12	9233367	9240810	circular_RNA/1	1	-	9233367	9233367	0,0,0	6	102,117,162,58,105,248	0,188,542,3689,4998,7195	1	circRNA	ENSRNOT00000044134	ENSRNOT00000044134	12,11,10,9,8,7	12:9230853-9233367|12:9240810-9273124
12	9237056	9273272	circular_RNA/1	0	-	9237056	9237056	0,0,0	4	58,105,248,148	0,1309,3506,36068	1	circRNA	ENSRNOT00000044134	ENSRNOT00000044134	9,8,7,6	12:9234071-9237056|12:9273272-9297690
12	25363910	25365973	circular_RNA/1	1	+	25363910	25363910	0,0,0	3	193,38,78	0,869,1985	1	circRNA	ENSRNOT00000087656	ENSRNOT00000087656	25,26,27	12:25363379-25363910|12:25365973-25366485
12	29071871	29073771	circular_RNA/1	0	+	29071871	29071871	0,0,0	3	38,78,193	0,1116,1707	1	circRNA	ENSRNOT00000085696	ENSRNOT00000085696	25,26,27	12:29071195-29071871|12:29073771-29078412
12	51960259	51961629	circular_RNA/2	1	+	51960259	51960259	0,0,0	1	1370	0	2	circRNA	ENSRNOT00000056735	ENSRNOT00000056735	2	12:51948758-51960259|12:51961629-51975365
15	2849125	2867333	circular_RNA/2	1	-	2849125	2849125	0,0,0	9	94,162,142,116,122,383,133,82,116	0,2981,6046,8361,10304,11879,15028,17798,18092	2	circRNA	ENSRNOT00000070893	ENSRNOT00000070893	11,10,9,8,7,6,5,4,3	15:2822163-2849125|15:2867333-2876226
15	4152544	4162016	circular_RNA/1	1	+	4152544	4152544	0,0,0	6	150,169,171,132,378,232	0,2478,4342,8369,8634,9240	1	circRNA	ENSRNOT00000083467	ENSRNOT00000083467	9,10,11,12,13,14	15:4149809-4152544|15:4162016-4165479
15	10416532	10434205	circular_RNA/1	1	-	10416532	10416532	0,0,0	7	186,165,111,146,122,223,166	0,2992,5551,6896,9084,11533,17507	1	circRNA	ENSRNOT00000008289	ENSRNOT00000008289	10,9,8,7,6,5,4	15:10406354-10416532|15:10434205-10443410
15	33332205	33332907	circular_RNA/1	1	-	33332205	33332205	0,0,0	1	702	0	1	ciRNA	ENSRNOT00000018982	ENSRNOT00000018982	1	15:33331501-33332907
15	109120331	109141568	circular_RNA/1	1	+	109120331	109120331	0,0,0	9	144,75,30,12,21,6,76,111,103	0,1198,5381,6461,6778,7243,7375,15334,21134	1	circRNA	ENSRNOT00000077482	ENSRNOT00000077482	18,19,20,21,22,23,24,25,26	15:109094629-109120331|15:109141568-109168310
14	2944121	2955913	circular_RNA/2	0	+	2944121	2944121	0,0,0	8	190,225,75,126,144,90,98,61	0,763,1861,6411,8434,9406,9588,11731	2	circRNA	ENSRNOT00000061630	ENSRNOT00000061630	3,4,5,6,7,8,9,10	14:2924865-2944121|14:2955913-2960527
14	43545087	43559238	circular_RNA/1	0	-	43545087	43545087	0,0,0	6	118,102,144,211,184,153	0,5227,5767,11672,13480,13998	1	circRNA	ENSRNOT00000039835	ENSRNOT00000039835	10,9,8,7,6,5	14:43530834-43545087|14:43559238-43580428
14	66955239	66977993	circular_RNA/2	0	-	66955239	66955239	0,0,0	6	139,12,164,72,72,72	0,1284,2769,6621,10921,22682	2	circRNA	ENSRNOT00000005477	ENSRNOT00000005477	10,9,8,7,6,5	14:66935535-66955239|14:66977993-67154350
14	79953864	79974054	circular_RNA/1	0	-	79953864	79953864	0,0,0	4	150,82,102,180	0,6122,6761,20010	1	circRNA	ENSRNOT00000090597	ENSRNOT00000090597	8,7,6,5	14:79947011-79953864|14:79974054-79976483
14	104268361	104277402	circular_RNA/1	0	+	104268361	104268361	0,0,0	3	178,169,65	0,6497,8976	1	circRNA	ENSRNOT00000006573	ENSRNOT00000006573	2,3,4	14:104191542-104268361|14:104277402-104286579
14	106921498	107008241	circular_RNA/1	0	-	106921498	106921498	0,0,0	10	125,108,148,144,885,49,179,205,163,123	0,3655,9293,30278,35962,40801,41430,72682,82203,86620	1	circRNA	ENSRNOT00000012131	ENSRNOT00000012131	18,17,16,15,14,13,12,11,10,9	14:106919203-106921498|14:107008241-107008816
14	113906515	113922713	circular_RNA/2	1	+	113906515	113906515	0,0,0	8	278,144,187,146,93,215,84,204	0,492,3541,8019,11093,11308,14944,15994	2	circRNA	ENSRNOT00000067591	ENSRNOT00000067591	10,11,12,13,14,15,16,17	14:113904643-113906515|14:113922713-113923427
17	5246991	5265904	circular_RNA/1	0	+	5246991	5246991	0,0,0	15	153,181,1100,151,87,101,58,104,90,114,78,178,48,83,116	0,3145,4637,6260,7651,8510,10912,13537,15387,15816,16220,16847,17786,17915,18797	1	circRNA	ENSRNOT00000022373	ENSRNOT00000022373	11,12,13,14,15,16,17,18,19,20,21,22,23,24,25	17:5241140-5246991|17:5265904-5268323
17	9611268	9618606	circular_RNA/1	1	+	9611268	9611268	0,0,0	5	243,232,388,184,240	0,1761,2966,6058,7098	1	circRNA	ENSRNOT00000017349	ENSRNOT00000017349	3,4,5,6,7	17:9602308-9611268|17:9618606-9623898
17	18369554	18375993	circular_RNA/1	1	+	18369554	18369554	0,0,0	4	223,249,140,129	0,5000,6088,6310	1	circRNA	ENSRNOT00000001979	ENSRNOT00000001979	2,3,4,5	17:18359358-18369554|17:18375993-18382721
17	24032669	24045965	circular_RNA/1	0	-	24032669	24032669	0,0,0	7	152,122,145,191,109,113,185	0,1580,4277,7403,9079,10740,13111	1	circRNA	ENSRNOT00000024174	ENSRNOT00000024174	14,13,12,11,10,9,8	17:24024800-24032669|17:24045965-24052252
17	53483963	53563999	circular_RNA/1	1	+	53483963	53483963	0,0,0	13	102,151,140,122,186,135,106,97,84,110,121,114,153	0,5497,12474,15904,18629,44616,56163,58636,71993,72908,78237,79054,79883	1	circRNA	ENSRNOT00000082040	ENSRNOT00000082040	11,12,13,14,15,16,17,18,19,20,21,22,23	17:53479782-53483963|17:53563999-53599995
17	53489460	53542696	circular_RNA/1	1	+	53489460	53489460	0,0,0	7	151,140,122,186,135,106,97	0,6977,10407,13132,39119,50666,53139	1	circRNA	ENSRNOT00000082040	ENSRNOT00000082040	12,13,14,15,16,17,18	17:53484065-53489460|17:53542696-53555956
17	78773188	78775690	circular_RNA/1	0	+	78773188	78773188	0,0,0	2	672,147	0,2355	1	circRNA	ENSRNOT00000020924	ENSRNOT00000020924	3,4	17:78765363-78773188|17:78775690-78778099
17	87758881	87771508	circular_RNA/3	1	-	87758881	87758881	0,0,0	5	1894,30,55,79,93	0,3173,8234,10996,12534	3	circRNA	ENSRNOT00000068156	ENSRNOT00000068156	8,7,6,5,4	17:87750199-87758881|17:87771508-87795319
16	5104153	5167428	circular_RNA/1	0	-	5104153	5104153	0,0,0	13	81,122,96,94,98,46,68,62,72,84,75,81,72	0,3224,10491,12757,14859,15102,20592,21933,22255,29982,56105,61877,63203	1	circRNA	ENSRNOT00000048043	ENSRNOT00000048043	26,25,24,23,22,21,20,19,18,17,16,15,14	16:5043339-5104153|16:5167428-5236996
16	7040375	7061123	circular_RNA/1	1	+	7040375	7040375	0,0,0	5	108,155,142,402,150	0,3547,6157,16512,20598	1	circRNA	ENSRNOT00000024296	ENSRNOT00000024296	4,5,6,7,8	16:7039927-7040375|16:7061123-7062077
16	7151970	7152613	circular_RNA/2	1	+	7151970	7151970	0,0,0	1	643	0	2	circRNA	ENSRNOT00000016581	ENSRNOT00000016581	20	16:7149750-7151970|16:7152613-7158682
16	23555918	23600154	circular_RNA/1	0	+	23555918	23555918	0,0,0	6	207,81,113,59,3,90	0,306,2674,17553,19965,44146	1	circRNA	ENSRNOT00000068629	ENSRNOT00000068629	6,7,8,9,10,11	16:23492639-23555918|16:23600154-23687863
16	39881895	39884207	circular_RNA/2	0	+	39881895	39881895	0,0,0	4	203,150,131,126	0,1516,1752,2186	2	circRNA	ENSRNOT00000074885	ENSRNOT00000074885	13,14,15,16	16:39880117-39881895|16:39884207-39885259
19	17426914	17440665	circular_RNA/1	0	-	17426914	17426914	0,0,0	8	211,256,144,177,244,122,138,87	0,1377,1725,4086,7624,10996,12720,13664	1	circRNA	ENSRNOT00000078786	ENSRNOT00000078786	15,14,13,12,11,10,9,8	19:17424808-17426914|19:17440665-17445978
19	19684112	19690451	circular_RNA/1	1	+	19684112	19684112	0,0,0	4	44,185,124,76	0,4553,5471,6263	1	circRNA	ENSRNOT00000064275	ENSRNOT00000064275	5,6,7,8	19:19680648-19684112|19:19690451-19691993
19	32229582	32241362	circular_RNA/1	1	+	32229582	32229582	0,0,0	4	258,126,222,257	0,2880,6508,11523	1	circRNA	ENSRNOT00000025079	ENSRNOT00000025079	3,4,5,6	19:32215127-32229582|19:32241362-32247308
19	54803497	54822499	circular_RNA/1	1	+	54803497	54803497	0,0,0	6	176,240,168,131,72,39	0,6920,11778,17128,18324,18963	1	circRNA	ENSRNOT00000025894	ENSRNOT00000025894	6,7,8,9,10,11	19:54802037-54803497|19:54822499-54835153
19	60118629	60415963	circular_RNA/1	1	+	60118629	60118629	0,0,0	20	102,181,179,132,92,84,126,383,140,129,39,189,171,160,190,152,45,228,232,111	0,115667,141622,158703,190121,192630,203775,205083,209860,211711,214057,223226,224153,233168,239759,246762,247929,252106,264980,297223	1	circRNA	ENSRNOT00000042623	ENSRNOT00000042623	2,3,4,5,6,7,8,9,10,11,12,13,14,15,16,17,18,19,20,21	19:60018124-60118629|19:60415963-60429759
1	15488391	15494771	circular_RNA/1	1	+	15488391	15488391	0,0,0	4	194,169,107,171	0,1779,3413,6209	1	circRNA	ENSRNOT00000051496	ENSRNOT00000051496	4,5,6,7	1:15484268-15488391|1:15494771-15513972
1	15809311	15815385	circular_RNA/1	1	+	15809311	15809311	0,0,0	5	114,912,666,170,106	0,936,3031,3836,5968	1	circRNA	ENSRNOT00000078589	ENSRNOT00000078589	3,4,5,6,7	1:15805826-15809311|1:15815385-15816583
1	28362166	28375861	circular_RNA/1	1	+	28362166	28362166	0,0,0	2	234,165	0,13530	1	circRNA	ENSRNOT00000017831	ENSRNOT00000017831	2,3	1:28302381-28362166|1:28375861-28386778
1	29322016	29369105	circular_RNA/1	1	+	29322016	29322016	0,0,0	7	108,114,126,185,1043,169,148	0,2446,3527,5002,7390,9333,46941	1	circRNA	ENSRNOT00000018849	ENSRNOT00000018849	5,6,7,8,9,10,11	1:29319423-29322016|1:29369105-29377159
1	123959920	123970510	circular_RNA/1	1	-	123959920	123959920	0,0,0	2	110,45	0,10545	1	circRNA	ENSRNOT00000082487	ENSRNOT00000082487	3,2	1:123914251-123959920|1:123970510-124038824
1	126188350	126195625	circular_RNA/1	1	-	126188350	126188350	0,0,0	6	148,169,104,277,103,125	0,463,1015,4268,6201,7150	1	circRNA	ENSRNOT00000014988	ENSRNOT00000014988	7,6,5,4,3,2	1:126181439-126188350|1:126195625-126211380
1	157470070	157490006	circular_RNA/4	1	-	157470070	157470070	0,0,0	14	36,93,156,184,106,120,100,1553,91,181,1118,195,189,126	0,475,981,1950,3177,3692,8001,11466,13986,14174,15136,17560,18059,19810	4	circRNA	ENSRNOT00000013552	ENSRNOT00000013552	15,14,13,12,11,10,9,8,7,6,5,4,3,2	1:157468854-157470070|1:157490006-157493619
1	163938954	164064815	circular_RNA/1	0	-	163938954	163938954	0,0,0	10	166,61,88,85,127,106,83,75,162,35	0,8084,9692,11900,26046,37786,86563,107147,116339,125826	1	circRNA	ENSRNOT00000022176	ENSRNOT00000022176	12,11,10,9,8,7,6,5,4,3	1:163901947-163938954|1:164064815-164075123
1	163965000	164064815	circular_RNA/1	0	-	163965000	163965000	0,0,0	6	127,106,83,75,162,35	0,11740,60517,81101,90293,99780	1	circRNA	ENSRNOT00000022176	ENSRNOT00000022176	8,7,6,5,4,3	1:163950939-163965000|1:164064815-164075123
1	165819192	165865115	circular_RNA/1	0	+	165819192	165819192	0,0,0	4	88,81,27,126	0,34970,40615,45797	1	circRNA	ENSRNOT00000025827	ENSRNOT00000025827	2,3,4,5	1:165724662-165819192|1:165865115-165871220
1	167233889	167276543	circular_RNA/1	1	-	167233889	167233889	0,0,0	14	230,430,154,183,165,178,139,114,299,117,188,134,141,93	0,1825,5343,6052,12509,14511,15872,16628,17303,20695,26468,29986,35731,42561	1	circRNA	ENSRNOT00000027575	ENSRNOT00000027575	24,23,22,21,20,19,18,17,16,15,14,13,12,11	1:167226921-167233889|1:167276543-167280723
1	171905308	171932215	circular_RNA/1	1	+	171905308	171905308	0,0,0	5	93,114,132,183,93	0,4116,15642,23733,26814	1	circRNA	ENSRNOT00000088110	ENSRNOT00000088110	5,6,7,8,9	1:171876415-171905308|1:171932215-171939562
1	204960840	204961691	circular_RNA/1	1	+	204960840	204960840	0,0,0	1	851	0	1	circRNA	ENSRNOT00000023257	ENSRNOT00000023257	2	1:204959337-204960840|1:204961691-204979933
1	241008519	241037947	circular_RNA/1	1	-	241008519	241008519	0,0,0	9	133,95,155,256,72,162,141,135,163	0,1761,13352,14806,20584,23303,25124,27021,29265	1	circRNA	ENSRNOT00000067796	ENSRNOT00000067796	12,11,10,9,8,7,6,5,4	1:241005506-241008519|1:241037947-241039180
1	241010280	241023581	circular_RNA/1	0	-	241010280	241010280	0,0,0	3	95,155,256	0,11591,13045	1	circRNA	ENSRNOT00000067796	ENSRNOT00000067796	11,10,9	1:241008652-241010280|1:241023581-241029103
1	247944244	247945662	circular_RNA/1	1	-	247944244	247944244	0,0,0	1	1418	0	1	circRNA	ENSRNOT00000039428	ENSRNOT00000039428	3	1:247931405-247944244|1:247945662-247960352
1	247944244	247960553	circular_RNA/1	1	-	247944244	247944244	0,0,0	2	1418,201	0,16108	1	circRNA	ENSRNOT00000039428	ENSRNOT00000039428	3,2	1:247931405-247944244|1:247960553-247977846
1	255608044	255632992	circular_RNA/2	1	+	255608044	255608044	0,0,0	14	141,125,121,105,150,143,175,204,427,191,154,110,202,149	0,841,4025,10529,12238,12778,13408,15186,17791,19580,21239,21776,22864,24799	2	circRNA	ENSRNOT00000081786	ENSRNOT00000081786	12,13,14,15,16,17,18,19,20,21,22,23,24,25	1:255604500-255608044|1:255632992-255634812
1	260492681	260507970	circular_RNA/1	0	-	260492681	260492681	0,0,0	5	132,78,161,123,196	0,5460,6657,7884,15093	1	circRNA	ENSRNOT00000018043	ENSRNOT00000018043	6,5,4,3,2	1:260491030-260492681|1:260507970-260517028
1	264674064	264689905	circular_RNA/1	0	+	264674064	264674064	0,0,0	7	44,734,55,968,71,123,168	0,683,3883,8329,10289,14777,15673	1	circRNA	ENSRNOT00000034814	ENSRNOT00000034814	3,4,5,6,7,8,9	1:264671209-264674064|1:264689905-264692389
1	265250238	265254011	circular_RNA/1	1	+	265250238	265250238	0,0,0	4	250,119,111,79	0,1512,3062,3694	1	circRNA	ENSRNOT00000022426	ENSRNOT00000022426	9,10,11,12	1:265248583-265250238|1:265254011-265263753
1	269995249	270215219	circular_RNA/1	1	-	269995249	269995249	0,0,0	21	132,113,124,134,187,172,114,131,118,108,92,77,103,147,180,90,119,65,74,159,100	0,1020,6633,8168,16980,38234,51130,54139,55748,57458,59683,61736,62076,77825,89690,96230,98497,124671,149269,169925,219870	1	circRNA	ENSRNOT00000015979	ENSRNOT00000015979	23,22,21,20,19,18,17,16,15,14,13,12,11,10,9,8,7,6,5,4,3	1:269988631-269995249|1:270215219-270300441
1	278679021	278731755	circular_RNA/1	1	+	278679021	278679021	0,0,0	6	94,53,95,79,158,62	0,8249,19290,21163,22687,52672	1	circRNA	ENSRNOT00000023414	ENSRNOT00000023414	20,21,22,23,24,25	1:278661960-278679021|1:278731755-278749750
1	278679021	278749829	circular_RNA/1	1	+	278679021	278679021	0,0,0	7	94,53,95,79,158,62,79	0,8249,19290,21163,22687,52672,70729	1	circRNA	ENSRNOT00000023414	ENSRNOT00000023414	20,21,22,23,24,25,26	1:278661960-278679021|1:278749829-278812161
