20	8247935	8251825	circular_RNA/1	1	+	8247935	8247935	0,0,0	2	66,115	0,3775	1	circRNA	ENSRNOT00000090298	ENSRNOT00000090298	6,7	20:8246603-8247935|20:8251825-8257908
20	22769413	22794331	circular_RNA/1	1	-	22769413	22769413	0,0,0	14	279,215,211,128,90,153,215,202,2171,173,1676,193,144,125	0,768,1431,1937,2609,7698,8790,10867,15057,17589,21361,23311,23598,24793	1	circRNA	ENSRNOT00000000804	ENSRNOT00000000804	18,17,16,15,14,13,12,11,10,9,8,7,6,5	20:22766436-22769413|20:22794331-22796062
20	47806642	47896656	circular_RNA/1	0	-	47806642	47806642	0,0,0	4	96,152,186,139	0,53977,87006,89875	1	circRNA	ENSRNOT00000000348	ENSRNOT00000000348	5,4,3,2	20:47752687-47806642|20:47896656-47910279
20	50516362	50564137	circular_RNA/1	1	-	50516362	50516362	0,0,0	3	72,185,182	0,1463,47593	1	circRNA	ENSRNOT00000034485	ENSRNOT00000034485	4,3,2	20:50487175-50516362|20:50564137-50564977
4	8223839	8242710	circular_RNA/1	1	-	8223839	8223839	0,0,0	5	81,230,115,185,73	0,3074,5052,15379,18798	1	circRNA	ENSRNOT00000076950	ENSRNOT00000076950	6,5,4,3,2	4:8217614-8223839|4:8242710-8255222
4	11044325	11152065	circular_RNA/2	0	-	11044325	11044325	0,0,0	10	89,139,144,196,178,186,249,193,92,42	0,9694,53920,55366,61386,63513,88487,95999,101858,107698	2	circRNA	ENSRNOT00000066643	ENSRNOT00000066643	20,19,18,17,16,15,14,13,12,11	4:10996162-11044325|4:11152065-11161057
4	11098245	11152065	circular_RNA/1	0	-	11098245	11098245	0,0,0	8	144,196,178,186,249,193,92,42	0,1446,7466,9593,34567,42079,47938,53778	1	circRNA	ENSRNOT00000066643	ENSRNOT00000066643	18,17,16,15,14,13,12,11	4:11054158-11098245|4:11152065-11161057
4	16539462	16669365	circular_RNA/1	0	-	16539462	16539462	0,0,0	12	27,125,51,212,68,109,126,91,137,2188,7599,708	0,3821,6110,11377,12433,13041,35253,57318,62210,66802,107750,129195	1	circRNA	ENSRNOT00000093412	ENSRNOT00000093412	15,14,13,12,11,10,9,8,7,6,5,4	4:16524625-16539462|4:16669365-17032160
4	17032160	17033623	circular_RNA/1	0	-	17032160	17032160	0,0,0	1	1463	0	1	circRNA	ENSRNOT00000093412	ENSRNOT00000093412	3	4:16669365-17032160|4:17033623-17052027
4	27449970	27463961	circular_RNA/2	0	-	27449970	27449970	0,0,0	6	167,152,157,108,157,144	0,2910,4264,6714,7431,13847	2	circRNA	ENSRNOT00000032505	ENSRNOT00000032505	13,12,11,10,9,8	4:27449029-27449970|4:27463961-27464149
4	27509135	27537918	circular_RNA/1	1	+	27509135	27509135	0,0,0	4	273,301,183,118	0,3425,15568,28665	1	circRNA	ENSRNOT00000007940	ENSRNOT00000007940	2,3,4,5	4:27473706-27509135|4:27537918-27549174
4	27509135	27563899	circular_RNA/1	0	+	27509135	27509135	0,0,0	9	273,301,183,118,209,89,145,167,89	0,3425,15568,28665,40039,41483,44745,48595,54675	1	circRNA	ENSRNOT00000007940	ENSRNOT00000007940	2,3,4,5,6,7,8,9,10	4:27473706-27509135|4:27563899-27573803
4	33929478	33934304	circular_RNA/1	1	+	33929478	33929478	0,0,0	2	237,668	0,4158	1	circRNA	ENSRNOT00000078680	ENSRNOT00000078680	2,3	4:33890721-33929478|4:33934304-33938515
4	34586896	34602713	circular_RNA/1	1	+	34586896	34586896	0,0,0	4	87,114,153,211	0,8921,12722,15606	1	circRNA	ENSRNOT00000011138	ENSRNOT00000011138	6,7,8,9	4:34570100-34586896|4:34602713-34610174
4	38263239	38264003	circular_RNA/1	1	+	38263239	38263239	0,0,0	1	764	0	1	circRNA	ENSRNOT00000047029	ENSRNOT00000047029	6	4:38256132-38263239|4:38264003-38271536
4	50103024	50120225	circular_RNA/1	1	+	50103024	50103024	0,0,0	8	92,86,21,97,83,135,135,164	0,6048,8751,8972,11808,13139,14447,17037	1	circRNA	ENSRNOT00000008719	ENSRNOT00000008719	14,15,16,17,18,19,20,21	4:50093669-50103024|4:50120225-50122686
4	58469324	58485447	circular_RNA/1	0	-	58469324	58469324	0,0,0	2	101,72	0,16051	1	circRNA	ENSRNOT00000090651	ENSRNOT00000090651	2,1	4:58436876-58469324|None
4	58714646	58725647	circular_RNA/1	1	+	58714646	58714646	0,0,0	5	70,143,89,110,193	0,5047,6428,9029,10808	1	circRNA	ENSRNOT00000081707	ENSRNOT00000081707	2,3,4,5,6	4:58693481-58714646|4:58725647-58737814
4	62320151	62365057	circular_RNA/1	0	+	62320151	62320151	0,0,0	11	169,127,101,113,67,81,58,72,46,191,229	0,7202,8572,8898,17209,19010,21845,32646,35561,36842,44677	1	circRNA	ENSRNOT00000032077	ENSRNOT00000032077	8,9,10,11,12,13,14,15,16,17,18	4:62317006-62320151|4:62365057-62374769
4	62590880	62609627	circular_RNA/1	1	-	62590880	62590880	0,0,0	7	498,250,58,125,126,102,87	0,1887,5295,13392,17158,17918,18660	1	circRNA	ENSRNOT00000040969	ENSRNOT00000040969	10,9,8,7,6,5,4	4:62563705-62590880|4:62609627-62617601
4	64472351	64579710	circular_RNA/4	1	-	64472351	64472351	0,0,0	13	45,80,101,200,112,74,63,56,79,138,114,61,83	0,2499,37125,62384,74408,76060,78562,79916,88961,92185,93862,105502,107276	4	circRNA	ENSRNOT00000033268	ENSRNOT00000033268	23,22,21,20,19,18,17,16,15,14,13,12,11	4:64457678-64472351|4:64579710-64586793
4	66193730	66200637	circular_RNA/2	0	+	66193730	66193730	0,0,0	4	138,104,490,71	0,1505,2059,6836	2	circRNA	ENSRNOT00000064175	ENSRNOT00000064175	4,5,6,7	4:66180964-66193730|4:66200637-66207489
4	66195235	66207619	circular_RNA/1	1	+	66195235	66195235	0,0,0	4	104,490,71,130	0,554,5331,12254	1	circRNA	ENSRNOT00000064175	ENSRNOT00000064175	5,6,7,8	4:66193868-66195235|4:66207619-66209695
4	66214542	66219277	circular_RNA/3	1	+	66214542	66214542	0,0,0	3	43,51,1545	0,2104,3190	3	circRNA	ENSRNOT00000064175	ENSRNOT00000064175	13,14,15	4:66212096-66214542|4:66219277-66226187
4	67427303	67450836	circular_RNA/3	1	-	67427303	67427303	0,0,0	8	177,85,118,146,37,160,117,149	0,873,4901,5951,10097,13516,22275,23384	3	circRNA	ENSRNOT00000014604	ENSRNOT00000014604	14,13,12,11,10,9,8,7	4:67412670-67427303|4:67450836-67453803
4	96734844	96735144	circular_RNA/1	1	+	96734844	96734844	0,0,0	1	300	0	1	ciRNA	ENSRNOT00000009569	ENSRNOT00000009569	5	4:96734844-96736380
4	96739877	96787475	circular_RNA/1	1	+	96739877	96739877	0,0,0	7	80,85,158,94,161,94,86	0,4342,5486,22628,24590,27180,47512	1	circRNA	ENSRNOT00000009569	ENSRNOT00000009569	7,8,9,10,11,12,13	4:96736502-96739877|4:96787475-96810024
4	115104273	115106428	circular_RNA/3	0	-	115104273	115104273	0,0,0	1	2155	0	3	circRNA	ENSRNOT00000015296	ENSRNOT00000015296	4	4:115085477-115104273|4:115106428-115142051
4	115636560	115643263	circular_RNA/1	1	+	115636560	115636560	0,0,0	5	39,170,275,147,123	0,1543,3108,4878,6580	1	circRNA	ENSRNOT00000019617	ENSRNOT00000019617	4,5,6,7,8	4:115631257-115636560|4:115643263-115649000
4	117422679	117446827	circular_RNA/3	1	+	117422679	117422679	0,0,0	6	230,126,156,135,90,1151	0,2403,8538,13498,20159,22997	3	circRNA	ENSRNOT00000045735	ENSRNOT00000045735	11,12,13,14,15,16	4:117412408-117422679|4:117446827-117464556
4	131439625	131453028	circular_RNA/3	1	-	131439625	131439625	0,0,0	4	205,160,90,138	0,6608,12122,13265	3	circRNA	ENSRNOT00000013271	ENSRNOT00000013271	7,6,5,4	4:131415509-131439625|4:131453028-131511427
4	174720691	174742961	circular_RNA/1	0	+	174720691	174720691	0,0,0	6	468,463,84,120,54,81	0,7293,9367,12589,13471,22189	1	circRNA	ENSRNOT00000042291	ENSRNOT00000042291	11,12,13,14,15,16	4:174714355-174720691|4:174742961-174747825
8	508993	509712	circular_RNA/3	1	+	508993	508993	0,0,0	1	719	0	3	circRNA	ENSRNOT00000046058	ENSRNOT00000046058	4	8:456940-508993|8:509712-759957
8	5387690	5419428	circular_RNA/1	0	-	5387690	5387690	0,0,0	30	151,126,44,26,25,9,121,133,383,171,18,94,47,42,39,18,213,96,51,128,116,128,229,140,99,153,96,196,176,125	0,1587,2823,3642,3736,6584,6853,7100,8691,9920,11051,11070,11255,11306,11352,11770,11827,13150,13247,14456,15381,19133,20101,20439,21268,21891,22589,26890,30235,31613	1	circRNA	ENSRNOT00000044174	ENSRNOT00000044174	39,38,37,36,35,34,33,32,31,30,29,28,27,26,25,24,23,22,21,20,19,18,17,16,15,14,13,12,11,10	8:5385804-5387690|8:5419428-5420245
8	6267590	6292112	circular_RNA/2	0	-	6267590	6267590	0,0,0	6	73,113,2092,199,97,146	0,2818,8883,11913,20592,24376	2	circRNA	ENSRNOT00000029887	ENSRNOT00000029887	8,7,6,5,4,3	8:6261655-6267590|8:6292112-6300462
8	23851918	23884848	circular_RNA/2	1	+	23851918	23851918	0,0,0	6	103,105,141,96,173,153	0,2491,12691,16491,26346,32777	2	circRNA	ENSRNOT00000020481	ENSRNOT00000020481	8,9,10,11,12,13	8:23846962-23851918|8:23884848-23985278
8	33279133	33335423	circular_RNA/3	1	+	33279133	33279133	0,0,0	7	85,87,138,93,123,78,82	0,17325,33187,35742,36983,38498,56208	3	circRNA	ENSRNOT00000011589	ENSRNOT00000011589	5,6,7,8,9,10,11	8:33278802-33279133|8:33335423-33368676
8	70364651	70367391	circular_RNA/1	1	+	70364651	70364651	0,0,0	5	134,136,207,129,142	0,1525,1927,2222,2598	1	circRNA	ENSRNOT00000016260	ENSRNOT00000016260	15,16,17,18,19	8:70352964-70364651|8:70367391-70371301
8	72070132	72084627	circular_RNA/1	1	+	72070132	72070132	0,0,0	13	97,144,128,145,172,135,166,126,222,153,133,192,222	0,602,3027,5867,6221,8018,8447,8965,10249,10752,11035,12050,14273	1	circRNA	ENSRNOT00000089336	ENSRNOT00000089336	6,7,8,9,10,11,12,13,14,15,16,17,18	8:72067595-72070132|8:72084627-72087672
8	73720945	73737419	circular_RNA/1	1	+	73720945	73720945	0,0,0	9	60,81,58,128,107,172,63,127,95	0,1813,2673,4778,6690,8344,11843,15658,16379	1	circRNA	ENSRNOT00000057522	ENSRNOT00000057522	10,11,12,13,14,15,16,17,18	8:73718648-73720945|8:73737419-73740732
8	78370997	78388200	circular_RNA/1	1	-	78370997	78370997	0,0,0	8	207,72,77,79,65,145,140,106	0,950,2388,8406,14818,15207,15740,17097	1	circRNA	ENSRNOT00000081185	ENSRNOT00000081185	16,15,14,13,12,11,10,9	8:78359532-78370997|8:78388200-78415869
8	78521648	78521751	circular_RNA/1	1	-	78521648	78521648	0,0,0	1	103	0	1	circRNA	ENSRNOT00000081185	ENSRNOT00000081185	5	8:78459820-78521648|8:78521751-78538142
8	78908445	78910847	circular_RNA/6	1	+	78908445	78908445	0,0,0	3	135,308,141	0,1835,2261	6	circRNA	ENSRNOT00000089335	ENSRNOT00000089335	14,15,16	8:78902225-78908445|8:78910847-78921275
8	84434783	84496011	circular_RNA/3	0	-	84434783	84434783	0,0,0	7	129,45,45,60,66,72,1467	0,8832,18500,26348,26697,47845,59761	3	circRNA	ENSRNOT00000076213	ENSRNOT00000076213	9,8,7,6,5,4,3	None|8:84496011-84505935
8	84434783	84496086	circular_RNA/2	0	-	84434783	84434783	0,0,0	7	129,45,45,60,66,72,1542	0,8832,18500,26348,26697,47845,59761	2	circRNA	ENSRNOT00000076942	ENSRNOT00000076942	9,8,7,6,5,4,3	None|8:84496086-84505935
8	84443615	84496086	circular_RNA/4	0	-	84443615	84443615	0,0,0	6	45,45,60,66,72,1542	0,9668,17516,17865,39013,50929	4	circRNA	ENSRNOT00000076942	ENSRNOT00000076942	8,7,6,5,4,3	8:84434912-84443615|8:84496086-84505935
8	84461131	84496086	circular_RNA/2	0	-	84461131	84461131	0,0,0	4	60,66,72,1542	0,349,21497,33413	2	circRNA	ENSRNOT00000076942	ENSRNOT00000076942	6,5,4,3	8:84453328-84461131|8:84496086-84505935
8	87268949	87273285	circular_RNA/1	1	-	87268949	87268949	0,0,0	2	58,2806	0,1530	1	circRNA	ENSRNOT00000081437	ENSRNOT00000081437	4,3	8:87259842-87268949|8:87273285-87297729
8	90958619	90962468	circular_RNA/1	0	-	90958619	90958619	0,0,0	2	530,369	0,3480	1	circRNA	ENSRNOT00000044931	ENSRNOT00000044931	4,3	8:90937527-90958619|8:90962468-90983705
8	103681603	103700381	circular_RNA/1	1	+	103681603	103681603	0,0,0	14	192,191,153,193,257,191,101,172,171,195,186,93,131,144	0,2945,3690,4070,4483,5467,5740,6098,7065,9600,11835,13461,15921,18634	1	circRNA	ENSRNOT00000049967	ENSRNOT00000049967	6,7,8,9,10,11,12,13,14,15,16,17,18,19	8:103680850-103681603|8:103700381-103703004
8	130762664	130768360	circular_RNA/8	1	+	130762664	130762664	0,0,0	2	51,696	0,5000	8	circRNA	ENSRNOT00000079273	ENSRNOT00000079273	2,3	8:130749952-130762664|8:130768360-130792977
7	14240230	14242298	circular_RNA/1	1	-	14240230	14240230	0,0,0	3	296,200,210	0,817,1858	1	circRNA	ENSRNOT00000008963	ENSRNOT00000008963	10,9,8	7:14239274-14240230|7:14242298-14246802
7	30714505	30735182	circular_RNA/2	0	+	30714505	30714505	0,0,0	5	297,76,102,117,167	0,12972,14158,17095,20510	2	circRNA	ENSRNOT00000059269	ENSRNOT00000059269	7,8,9,10,11	7:30712706-30714505|7:30735182-30824947
7	31605669	31658885	circular_RNA/1	1	+	31605669	31605669	0,0,0	7	108,180,129,72,12,87,138	0,2097,25822,28040,44625,45760,53078	1	circRNA	ENSRNOT00000059269	ENSRNOT00000059269	21,22,23,24,25,26,27	7:31374263-31605669|7:31658885-31677259
7	45104040	45127119	circular_RNA/1	0	-	45104040	45104040	0,0,0	5	120,205,438,180,94	0,5823,16129,19360,22985	1	circRNA	ENSRNOT00000071306	ENSRNOT00000071306	17,16,15,14,13	7:45094636-45104040|7:45127119-45129954
7	52377076	52380182	circular_RNA/1	0	-	52377076	52377076	0,0,0	2	184,73	0,3033	1	circRNA	ENSRNOT00000082100	ENSRNOT00000082100	4,3	7:52362674-52377076|7:52380182-52404024
7	58396966	58404633	circular_RNA/1	1	+	58396966	58396966	0,0,0	14	175,136,40,115,96,10,278,110,132,126,75,75,29,223	0,660,1701,2187,2524,2673,3615,3987,5298,5528,6376,6607,6794,7444	1	circRNA	ENSRNOT00000081891	ENSRNOT00000081891	13,14,15,16,17,18,19,20,21,22,23,24,25,26	7:58395674-58396966|7:58404633-58408380
7	60397573	60408823	circular_RNA/1	1	-	60397573	60397573	0,0,0	8	190,154,116,505,174,146,104,210	0,2957,4208,4621,5790,6751,9434,11040	1	circRNA	ENSRNOT00000008193	ENSRNOT00000008193	9,8,7,6,5,4,3,2	7:60391158-60397573|7:60408823-60416827
7	81386432	81422384	circular_RNA/1	0	-	81386432	81386432	0,0,0	4	167,102,128,230	0,8393,16832,35722	1	circRNA	ENSRNOT00000007979	ENSRNOT00000007979	7,6,5,4	7:81360393-81386432|7:81422384-81437309
7	126667193	126671241	circular_RNA/1	1	+	126667193	126667193	0,0,0	3	161,139,203	0,1865,3845	1	circRNA	ENSRNOT00000030082	ENSRNOT00000030082	4,5,6	7:126661158-126667193|7:126671241-126678391
7	134611404	134667817	circular_RNA/1	1	+	134611404	134611404	0,0,0	8	92,204,62,212,57,80,120,141	0,7885,12744,32196,45503,48541,52991,56272	1	circRNA	ENSRNOT00000090908	ENSRNOT00000090908	2,3,4,5,6,7,8,9	7:134603389-134611404|7:134667817-134690973
X	20351429	20366886	circular_RNA/2	0	+	20351429	20351429	0,0,0	4	652,173,221,158	0,11689,13626,15299	2	circRNA	ENSRNOT00000082177	ENSRNOT00000082177	2,3,4,5	X:20317020-20351429|X:20366886-20384981
X	20952576	20987315	circular_RNA/1	1	+	20952576	20952576	0,0,0	7	100,77,278,274,172,250,115	0,907,1453,2375,3553,15097,34624	1	circRNA	ENSRNOT00000093701	ENSRNOT00000093701	5,6,7,8,9,10,11	X:20536573-20952576|X:20987315-21006608
X	33991805	34037071	circular_RNA/1	0	+	33991805	33991805	0,0,0	3	62,84,146	0,42860,45120	1	circRNA	ENSRNOT00000090041	ENSRNOT00000090041	15,16,17	X:33956066-33991805|X:34037071-34050004
X	35654902	35725214	circular_RNA/1	1	+	35654902	35654902	0,0,0	15	46,137,121,60,91,190,81,152,967,102,106,124,100,120,217	0,10135,15017,17184,19805,23964,32701,38517,44193,48951,49324,54700,61611,66919,70095	1	circRNA	ENSRNOT00000005061	ENSRNOT00000005061	3,4,5,6,7,8,9,10,11,12,13,14,15,16,17	X:35602863-35654902|X:35725214-35771510
X	37848944	37958689	circular_RNA/1	1	-	37848944	37848944	0,0,0	7	160,81,52,108,95,76,206	0,2677,5952,17397,44140,58297,109539	1	circRNA	ENSRNOT00000006438	ENSRNOT00000006438	12,11,10,9,8,7,6	X:37821935-37848944|X:37958689-37970150
X	39860824	39922596	circular_RNA/1	0	+	39860824	39860824	0,0,0	11	134,212,90,215,49,173,74,72,68,101,541	0,3310,22893,24444,46697,47033,50008,50761,56331,60032,61231	1	circRNA	ENSRNOT00000080512	ENSRNOT00000080512	10,11,12,13,14,15,16,17,18,19,20	X:39850968-39860824|X:39922596-39940949
X	63177768	63195572	circular_RNA/1	1	-	63177768	63177768	0,0,0	3	570,90,68	0,4527,17736	1	circRNA	ENSRNOT00000065194	ENSRNOT00000065194	4,3,2	X:63166092-63177768|X:63195572-63203277
X	64301510	64367255	circular_RNA/1	0	-	64301510	64301510	0,0,0	6	132,130,233,180,192,180	0,6051,9900,25878,43193,65565	1	circRNA	ENSRNOT00000084678	ENSRNOT00000084678	7,6,5,4,3,2	X:64286199-64301510|X:64367255-64428032
X	123718251	123720910	circular_RNA/1	0	-	123718251	123718251	0,0,0	2	161,183	0,2476	1	circRNA	ENSRNOT00000032618	ENSRNOT00000032618	8,7	X:123717432-123718251|X:123720910-123721314
X	128186177	128198293	circular_RNA/1	0	-	128186177	128186177	0,0,0	11	103,179,185,132,129,158,142,276,165,180,118	0,323,995,1266,1685,3005,3606,4644,8196,9945,11998	1	circRNA	ENSRNOT00000009755	ENSRNOT00000009755	30,29,28,27,26,25,24,23,22,21,20	X:128172115-128186177|X:128198293-128202171
18	1307305	1314781	circular_RNA/1	0	-	1307305	1307305	0,0,0	4	247,92,136,49	0,335,2054,7427	1	circRNA	ENSRNOT00000061777	ENSRNOT00000061777	16,15,14,13	18:1302708-1307305|18:1314781-1318739
18	4246729	4265124	circular_RNA/1	1	-	4246729	4246729	0,0,0	9	99,64,74,45,62,145,27,56,112	0,6190,6357,7865,8075,11214,12327,12356,18283	1	circRNA	ENSRNOT00000091909	ENSRNOT00000091909	13,12,11,10,9,8,7,6,5	18:4240069-4246729|18:4265124-4279353
18	5191057	5285225	circular_RNA/1	0	-	5191057	5191057	0,0,0	2	3356,180	0,93988	1	circRNA	ENSRNOT00000022637	ENSRNOT00000022637	3,2	18:5158144-5191057|18:5285225-5314463
18	17404076	17625862	circular_RNA/1	1	+	17404076	17404076	0,0,0	7	143,95,130,114,674,182,109	0,5184,24074,92726,145894,208723,221677	1	circRNA	ENSRNOT00000045150	ENSRNOT00000045150	2,3,4,5,6,7,8	18:17403440-17404076|18:17625862-17674944
18	31992038	32094303	circular_RNA/1	0	-	31992038	31992038	0,0,0	11	37,79,95,101,130,105,111,102,72,62,96	0,55853,72492,77578,79328,80795,86696,88201,96853,100341,102169	1	circRNA	ENSRNOT00000090882	ENSRNOT00000090882	12,11,10,9,8,7,6,5,4,3,2	18:31969734-31992038|18:32094303-32207327
18	32047891	32072938	circular_RNA/1	0	-	32047891	32047891	0,0,0	5	79,95,101,130,105	0,16639,21725,23475,24942	1	circRNA	ENSRNOT00000090882	ENSRNOT00000090882	11,10,9,8,7	18:31992075-32047891|18:32072938-32078734
18	32047891	32094303	circular_RNA/4	0	-	32047891	32047891	0,0,0	10	79,95,101,130,105,111,102,72,62,96	0,16639,21725,23475,24942,30843,32348,41000,44488,46316	4	circRNA	ENSRNOT00000090882	ENSRNOT00000090882	11,10,9,8,7,6,5,4,3,2	18:31992075-32047891|18:32094303-32207327
18	57743426	57755793	circular_RNA/1	1	+	57743426	57743426	0,0,0	2	154,569	0,11798	1	circRNA	ENSRNOT00000025892	ENSRNOT00000025892	4,5	18:57728715-57743426|18:57755793-57778749
18	59190040	59192425	circular_RNA/2	1	+	59190040	59190040	0,0,0	2	770,89	0,2296	2	circRNA	ENSRNOT00000025325	ENSRNOT00000025325	15,16	18:59173106-59190040|18:59192425-59205019
18	65874813	65881519	circular_RNA/1	1	+	65874813	65874813	0,0,0	3	91,178,139	0,1331,6567	1	circRNA	ENSRNOT00000016112	ENSRNOT00000016112	5,6,7	18:65840420-65874813|18:65881519-65884741
18	66559672	66603887	circular_RNA/1	1	-	66559672	66559672	0,0,0	6	213,156,117,227,163,66	0,6637,21943,27062,37380,44149	1	circRNA	ENSRNOT00000064947	ENSRNOT00000064947	26,25,24,23,22,21	18:66526627-66559672|18:66603887-66622850
18	66559672	66632117	circular_RNA/1	0	-	66559672	66559672	0,0,0	9	213,156,117,227,163,66,33,195,108	0,6637,21943,27062,37380,44149,63178,68456,72337	1	circRNA	ENSRNOT00000064947	ENSRNOT00000064947	26,25,24,23,22,21,20,19,18	18:66526627-66559672|18:66632117-66636301
18	66581615	66603887	circular_RNA/1	1	-	66581615	66581615	0,0,0	4	117,227,163,66	0,5119,15437,22206	1	circRNA	ENSRNOT00000064947	ENSRNOT00000064947	24,23,22,21	18:66566465-66581615|18:66603887-66622850
18	69634005	69657373	circular_RNA/2	0	-	69634005	69634005	0,0,0	9	169,184,51,117,120,213,30,175,377	0,835,8124,9446,9654,13496,20499,21136,22991	2	circRNA	ENSRNOT00000082484	ENSRNOT00000082484	10,9,8,7,6,5,4,3,2	18:69629556-69634005|18:69657373-69671137
18	69642129	69657373	circular_RNA/1	0	-	69642129	69642129	0,0,0	7	51,117,120,213,30,175,377	0,1322,1530,5372,12375,13012,14867	1	circRNA	ENSRNOT00000082484	ENSRNOT00000082484	8,7,6,5,4,3,2	18:69635024-69642129|18:69657373-69671137
18	81825051	81834782	circular_RNA/2	0	+	81825051	81825051	0,0,0	4	243,210,127,83	0,999,6592,9648	2	circRNA	ENSRNOT00000058199	ENSRNOT00000058199	3,4,5,6	18:81822305-81825051|18:81834782-81836134
5	8809709	8810643	circular_RNA/2	0	-	8809709	8809709	0,0,0	2	79,134	0,800	2	circRNA	ENSRNOT00000008480	ENSRNOT00000008480	14,13	5:8808475-8809709|5:8810643-8812797
5	10243620	10321108	circular_RNA/1	1	+	10243620	10243620	0,0,0	5	103,83,131,130,39	0,19895,34983,43472,77449	1	circRNA	ENSRNOT00000009679	ENSRNOT00000009679	3,4,5,6,7	5:10178475-10243620|5:10321108-10408126
5	13055277	13057719	circular_RNA/1	0	-	13055277	13055277	0,0,0	3	1892,127,104	0,1973,2338	1	circRNA	ENSRNOT00000061884	ENSRNOT00000061884	15,14,13	5:13046917-13055277|5:13057719-13059697
5	14282911	14314250	circular_RNA/1	0	-	14282911	14282911	0,0,0	6	114,102,126,179,193,98	0,4917,12146,14772,22964,31241	1	circRNA	ENSRNOT00000085654	ENSRNOT00000085654	13,12,11,10,9,8	5:14262696-14282911|5:14314250-14330859
5	29851600	29865341	circular_RNA/1	0	-	29851600	29851600	0,0,0	5	162,50,158,156,154	0,1139,5489,11096,13587	1	circRNA	ENSRNOT00000012963	ENSRNOT00000012963	6,5,4,3,2	5:29848558-29851600|5:29865341-29870083
5	57296114	57302612	circular_RNA/1	1	+	57296114	57296114	0,0,0	2	990,159	0,6339	1	circRNA	ENSRNOT00000060692	ENSRNOT00000060692	2,3	5:57291325-57296114|5:57302612-57304611
5	57568249	57607763	circular_RNA/1	0	-	57568249	57568249	0,0,0	8	104,55,78,154,111,78,37,137	0,3146,4147,6788,11674,14061,32316,39377	1	circRNA	ENSRNOT00000080787	ENSRNOT00000080787	9,8,7,6,5,4,3,2	5:57563850-57568249|5:57607763-57632083
5	58551127	58564765	circular_RNA/1	1	+	58551127	58551127	0,0,0	5	30,100,118,124,74	0,3050,6577,7969,13564	1	circRNA	ENSRNOT00000043216	ENSRNOT00000043216	2,3,4,5,6	5:58505558-58551127|5:58564765-58577281
5	74079763	74116624	circular_RNA/2	0	-	74079763	74079763	0,0,0	6	119,203,65,34,31,110	0,2311,28059,31856,34569,36751	2	circRNA	ENSRNOT00000090366	ENSRNOT00000090366	17,16,15,14,13,12	5:74074737-74079763|5:74116624-74119455
5	75990186	76032992	circular_RNA/2	0	-	75990186	75990186	0,0,0	9	120,82,140,169,150,119,117,131,104	0,2308,6485,9743,12542,16261,18239,21241,42702	2	circRNA	ENSRNOT00000019959	ENSRNOT00000019959	10,9,8,7,6,5,4,3,2	5:75984046-75990186|5:76032992-76039686
5	76925719	76926914	circular_RNA/1	1	+	76925719	76925719	0,0,0	1	1195	0	1	circRNA	ENSRNOT00000022866	ENSRNOT00000022866	2	5:76860546-76925719|5:76926914-76984298
5	90929598	90939624	circular_RNA/1	0	+	90929598	90929598	0,0,0	5	320,109,182,214,77	0,2557,6232,7903,9949	1	circRNA	ENSRNOT00000009083	ENSRNOT00000009083	9,10,11,12,13	5:90919470-90929598|5:90939624-90953956
5	92962207	93011302	circular_RNA/1	0	-	92962207	92962207	0,0,0	10	98,42,113,12,161,210,91,260,98,588	0,599,12488,16546,21528,27748,33422,46849,47973,48507	1	circRNA	ENSRNOT00000075474	ENSRNOT00000075474	26,25,24,23,22,21,20,19,18,17	5:92935547-92962207|5:93011302-93017383
5	106171073	106171781	circular_RNA/6	1	-	106171073	106171073	0,0,0	1	708	0	6	circRNA	ENSRNOT00000015094	ENSRNOT00000015094	3	5:106121498-106171073|5:106171781-106202419
5	106171073	106202563	circular_RNA/1	1	-	106171073	106171073	0,0,0	2	708,144	0,31346	1	circRNA	ENSRNOT00000015094	ENSRNOT00000015094	3,2	5:106121498-106171073|5:106202563-106206318
5	122580013	122593611	circular_RNA/1	0	-	122580013	122580013	0,0,0	4	152,87,224,195	0,1891,5904,13403	1	circRNA	ENSRNOT00000046691	ENSRNOT00000046691	11,10,9,8	5:122569908-122580013|5:122593611-122605824
5	128130303	128153510	circular_RNA/2	1	+	128130303	128130303	0,0,0	8	58,104,114,100,156,48,83,116	0,149,5931,16780,17059,17380,17512,23091	2	circRNA	ENSRNOT00000079161	ENSRNOT00000079161	14,15,16,17,18,19,20,21	5:128126014-128130303|5:128153510-128154771
5	128714470	128733959	circular_RNA/2	1	-	128714470	128714470	0,0,0	9	160,105,91,51,20,5,5,48,96	0,3235,4299,15733,16985,17244,18121,18187,19393	2	circRNA	ENSRNOT00000065280	ENSRNOT00000065280	13,12,11,10,9,8,7,6,5	5:128705550-128714470|5:128733959-128767625
5	139037815	139047483	circular_RNA/1	1	+	139037815	139037815	0,0,0	2	5494,134	0,9534	1	circRNA	ENSRNOT00000066774	ENSRNOT00000066774	2,3	5:139007770-139037815|5:139047483-139062456
5	144910321	144932532	circular_RNA/1	1	-	144910321	144910321	0,0,0	14	116,145,38,141,151,173,151,279,116,151,213,175,256,85	0,2984,4041,4751,6124,7652,8507,9090,9736,10302,13999,14322,21622,22126	1	circRNA	ENSRNOT00000016992	ENSRNOT00000016992	19,18,17,16,15,14,13,12,11,10,9,8,7,6	5:144907761-144910321|5:144932532-144939819
5	147363510	147368505	circular_RNA/6	1	-	147363510	147363510	0,0,0	4	92,83,791,117	0,1523,3115,4878	6	circRNA	ENSRNOT00000009436	ENSRNOT00000009436	5,4,3,2	5:147340996-147363510|5:147368505-147374889
5	148582912	148600109	circular_RNA/1	1	+	148582912	148582912	0,0,0	4	94,166,123,121	0,2925,11370,17076	1	circRNA	ENSRNOT00000016325	ENSRNOT00000016325	3,4,5,6	5:148580498-148582912|5:148600109-148603587
5	150850431	150865550	circular_RNA/3	1	+	150850431	150850431	0,0,0	5	102,44,80,67,137	0,4730,8641,11796,14982	3	circRNA	ENSRNOT00000082945	ENSRNOT00000082945	2,3,4,5,6	5:150787174-150850431|5:150865550-150872711
5	150850431	150884256	circular_RNA/1	0	+	150850431	150850431	0,0,0	9	102,44,80,67,137,138,86,184,137	0,4730,8641,11796,14982,22280,29923,31335,33688	1	circRNA	ENSRNOT00000082945	ENSRNOT00000082945	2,3,4,5,6,7,8,9,10	5:150787174-150850431|5:150884256-150889392
5	151944768	151947717	circular_RNA/9	0	-	151944768	151944768	0,0,0	3	117,456,213	0,1378,2736	9	circRNA	ENSRNOT00000009173	ENSRNOT00000009173	4,3,2	5:151921981-151944768|5:151947717-151976770
5	155945200	155956607	circular_RNA/1	1	+	155945200	155945200	0,0,0	8	121,157,128,125,109,134,83,180	0,1381,2348,3326,4061,5716,6739,11227	1	circRNA	ENSRNOT00000077933	ENSRNOT00000077933	3,4,5,6,7,8,9,10	5:155935863-155945200|5:155956607-155959669
5	166582201	166582438	circular_RNA/1	1	+	166582201	166582201	0,0,0	1	237	0	1	ciRNA	ENSRNOT00000045063	ENSRNOT00000045063	3	5:166582201-166583161
5	167455210	167455676	circular_RNA/1	1	+	167455210	167455210	0,0,0	1	466	0	1	circRNA	ENSRNOT00000024443	ENSRNOT00000024443	2	5:167331470-167455210|5:167455676-167478402
5	167486000	167547741	circular_RNA/2	1	+	167486000	167486000	0,0,0	5	126,106,97,105,49	0,30580,32800,40170,61692	2	circRNA	ENSRNOT00000024443	ENSRNOT00000024443	4,5,6,7,8	5:167478473-167486000|5:167547741-167557022
5	167516580	167558250	circular_RNA/1	0	+	167516580	167516580	0,0,0	6	106,97,105,49,125,100	0,2220,9590,31112,40442,41570	1	circRNA	ENSRNOT00000024443	ENSRNOT00000024443	5,6,7,8,9,10	5:167486126-167516580|5:167558250-167580975
3	13510409	13522529	circular_RNA/3	1	+	13510409	13510409	0,0,0	3	328,90,149	0,2878,11971	3	circRNA	ENSRNOT00000023889	ENSRNOT00000023889	2,3,4	3:13485352-13510409|3:13522529-13571652
3	13510409	13602354	circular_RNA/3	1	+	13510409	13510409	0,0,0	6	328,90,149,173,177,110	0,2878,11971,61243,77520,91835	3	circRNA	ENSRNOT00000023889	ENSRNOT00000023889	2,3,4,5,6,7	3:13485352-13510409|3:13602354-13645147
3	13510409	13571825	circular_RNA/2	0	+	13510409	13510409	0,0,0	4	328,90,149,173	0,2878,11971,61243	2	circRNA	ENSRNOT00000023889	ENSRNOT00000023889	2,3,4,5	3:13485352-13510409|3:13571825-13587929
3	21875407	21877487	circular_RNA/1	1	-	21875407	21875407	0,0,0	3	98,112,96	0,704,1984	1	circRNA	ENSRNOT00000087611	ENSRNOT00000087611	8,7,6	3:21875204-21875407|3:21877487-21878520
3	22381122	22390148	circular_RNA/1	1	-	22381122	22381122	0,0,0	2	120,50	0,8976	1	circRNA	ENSRNOT00000091747	ENSRNOT00000091747	4,3	3:22301456-22381122|3:22390148-22413244
3	52416438	52434681	circular_RNA/1	1	-	52416438	52416438	0,0,0	9	123,174,155,121,483,357,174,239,133	0,1603,3658,5174,13432,14296,15728,17143,18110	1	circRNA	ENSRNOT00000083552	ENSRNOT00000083552	18,17,16,15,14,13,12,11,10	3:52408953-52416438|3:52434681-52436010
3	59653910	59680308	circular_RNA/2	0	-	59653910	59653910	0,0,0	2	193,1360	0,25038	2	circRNA	ENSRNOT00000078752	ENSRNOT00000078752	4,3	3:59648692-59653910|3:59680308-59687513
3	59678948	59680308	circular_RNA/1	0	-	59678948	59678948	0,0,0	1	1360	0	1	circRNA	ENSRNOT00000078752	ENSRNOT00000078752	3	3:59654103-59678948|3:59680308-59687513
3	81240126	81243375	circular_RNA/1	1	+	81240126	81240126	0,0,0	3	252,90,294	0,1377,2955	1	circRNA	ENSRNOT00000067664	ENSRNOT00000067664	5,6,7	3:81231534-81240126|3:81243375-81256695
3	92912494	92935485	circular_RNA/1	1	-	92912494	92912494	0,0,0	8	65,159,59,148,175,99,206,101	0,4302,6275,9790,11445,17657,18765,22890	1	circRNA	ENSRNOT00000088242	ENSRNOT00000088242	10,9,8,7,6,5,4,3	3:92910558-92912494|3:92935485-92947869
3	94720461	94745177	circular_RNA/1	0	-	94720461	94720461	0,0,0	6	218,134,117,326,3666,107	0,1193,1942,3734,15782,24609	1	circRNA	ENSRNOT00000056808	ENSRNOT00000056808	7,6,5,4,3,2	3:94715349-94720461|3:94745177-94767170
3	101926185	101954565	circular_RNA/1	0	-	101926185	101926185	0,0,0	7	135,122,56,107,132,45,101	0,4381,8084,9332,14580,24643,28279	1	circRNA	ENSRNOT00000006349	ENSRNOT00000006349	12,11,10,9,8,7,6	3:101917117-101926185|3:101954565-101971991
3	104385140	104430368	circular_RNA/1	1	-	104385140	104385140	0,0,0	10	134,119,96,136,169,122,174,157,75,94	0,5515,7081,7558,9466,20421,24364,37708,39958,45134	1	circRNA	ENSRNOT00000040306	ENSRNOT00000040306	16,15,14,13,12,11,10,9,8,7	3:104383568-104385140|3:104430368-104433130
3	104980954	104984877	circular_RNA/2	1	+	104980954	104980954	0,0,0	8	496,35,157,23,26,21,30,166	0,580,669,1434,1699,1961,2527,3757	2	circRNA	ENSRNOT00000042103	ENSRNOT00000042103	5,6,7,8,9,10,11,12	3:104936645-104980954|3:104984877-105017126
3	113846734	113862070	circular_RNA/1	0	+	113846734	113846734	0,0,0	7	55,103,91,142,81,99,171	0,2496,4310,7827,8592,13864,15165	1	circRNA	ENSRNOT00000044158	ENSRNOT00000044158	2,3,4,5,6,7,8	3:113819217-113846734|3:113862070-113877006
3	118036335	118038616	circular_RNA/2	0	-	118036335	118036335	0,0,0	2	136,325	0,1956	2	circRNA	ENSRNOT00000011551	ENSRNOT00000011551	4,3	3:118034108-118036335|3:118038616-118043321
3	123273402	123274508	circular_RNA/1	1	-	123273402	123273402	0,0,0	2	159,89	0,1017	1	circRNA	ENSRNOT00000028842	ENSRNOT00000028842	27,26	3:123268177-123273402|3:123274508-123275449
3	128277039	128338080	circular_RNA/1	1	+	128277039	128277039	0,0,0	17	68,97,85,125,155,165,100,105,110,133,54,220,181,77,90,58,87	0,2789,4818,6922,9507,12700,13551,14827,15919,26090,28663,31020,36989,59200,59378,60328,60954	1	circRNA	ENSRNOT00000051184	ENSRNOT00000051184	12,13,14,15,16,17,18,19,20,21,22,23,24,25,26,27,28	3:128272114-128277039|3:128338080-128349749
3	141240314	141254397	circular_RNA/1	1	+	141240314	141240314	0,0,0	15	128,112,112,59,90,73,51,158,75,134,58,108,45,132,119	0,208,708,1910,2045,2838,3131,3619,5005,5162,5394,5535,10081,11743,13964	1	circRNA	ENSRNOT00000016351	ENSRNOT00000016351	2,3,4,5,6,7,8,9,10,11,12,13,14,15,16	3:141225460-141240314|3:141254397-141260083
3	156690909	156699465	circular_RNA/2	1	+	156690909	156690909	0,0,0	5	116,122,123,188,145	0,4464,5464,8002,8411	2	circRNA	ENSRNOT00000086260	ENSRNOT00000086260	7,8,9,10,11	3:156683198-156690909|3:156699465-156707467
2	2473888	2523834	circular_RNA/1	1	+	2473888	2473888	0,0,0	10	48,122,164,260,125,85,571,67,172,45	0,20710,25307,31669,40207,40594,42336,45697,48724,49901	1	circRNA	ENSRNOT00000032974	ENSRNOT00000032974	2,3,4,5,6,7,8,9,10,11	2:2457066-2473888|2:2523834-2523922
2	3809212	3977804	circular_RNA/1	1	+	3809212	3809212	0,0,0	11	171,131,187,94,103,103,102,75,120,120,54	0,12003,25423,30370,46789,48593,49023,49591,51525,138743,168538	1	circRNA	ENSRNOT00000093593	ENSRNOT00000093593	7,8,9,10,11,12,13,14,15,16,17	2:3788653-3809212|2:3977804-4081149
2	3809212	3839676	circular_RNA/1	1	+	3809212	3809212	0,0,0	4	171,131,187,94	0,12003,25423,30370	1	circRNA	ENSRNOT00000093593	ENSRNOT00000093593	7,8,9,10	2:3788653-3809212|2:3839676-3856001
2	4143949	4174344	circular_RNA/2	0	-	4143949	4143949	0,0,0	10	166,129,164,159,54,135,144,144,141,163	0,934,9923,10826,11971,12899,15148,16046,16579,30232	2	circRNA	ENSRNOT00000018457	ENSRNOT00000018457	14,13,12,11,10,9,8,7,6,5	2:4116697-4143949|2:4174344-4186704
2	20507149	20531444	circular_RNA/2	0	+	20507149	20507149	0,0,0	3	73,62,85	0,11856,24210	2	circRNA	ENSRNOT00000021857	ENSRNOT00000021857	2,3,4	2:20431521-20507149|2:20531444-20626714
2	22950022	22964734	circular_RNA/2	1	+	22950022	22950022	0,0,0	4	157,132,93,140	0,4702,7334,14572	2	circRNA	ENSRNOT00000073871	ENSRNOT00000073871	2,3,4,5	2:22910433-22950022|2:22964734-22997105
2	23399714	23410608	circular_RNA/4	1	+	23399714	23399714	0,0,0	3	187,191,208	0,3767,10686	4	circRNA	ENSRNOT00000014860	ENSRNOT00000014860	2,3,4	2:23385545-23399714|2:23410608-23458471
2	23399714	23458715	circular_RNA/3	1	+	23399714	23399714	0,0,0	4	187,191,208,244	0,3767,10686,58757	3	circRNA	ENSRNOT00000014860	ENSRNOT00000014860	2,3,4,5	2:23385545-23399714|2:23458715-23483916
2	23399714	23483987	circular_RNA/1	0	+	23399714	23399714	0,0,0	5	187,191,208,244,71	0,3767,10686,58757,84202	1	circRNA	ENSRNOT00000014860	ENSRNOT00000014860	2,3,4,5,6	2:23385545-23399714|2:23483987-23541413
2	24134221	24161334	circular_RNA/1	0	+	24134221	24134221	0,0,0	7	187,131,145,154,142,73,107	0,1137,5659,8211,11529,20319,27006	1	circRNA	ENSRNOT00000089599	ENSRNOT00000089599	16,17,18,19,20,21,22	2:24126036-24134221|2:24161334-24189343
2	59034983	59072102	circular_RNA/2	1	-	59034983	59034983	0,0,0	8	169,188,189,187,65,141,253,103	0,10705,13249,14551,19216,20926,25046,37016	2	circRNA	ENSRNOT00000088701	ENSRNOT00000088701	9,8,7,6,5,4,3,2	2:59012111-59034983|2:59072102-59084001
2	62170401	62186426	circular_RNA/1	0	+	62170401	62170401	0,0,0	8	283,145,219,248,192,292,197,120	0,1106,3879,8605,11815,12448,15289,15905	1	circRNA	ENSRNOT00000016196	ENSRNOT00000016196	3,4,5,6,7,8,9,10	2:62150918-62170401|2:62186426-62188462
2	92583395	92611322	circular_RNA/1	1	+	92583395	92583395	0,0,0	10	187,238,134,159,110,187,238,131,159,110	0,3524,8933,10308,13014,14210,17813,23885,25255,27817	1	circRNA	ENSRNOT00000082912	ENSRNOT00000082912	17,18,19,20,21,22,23,24,25,26	2:92582091-92583395|2:92611322-92621411
2	111771429	111772738	circular_RNA/1	1	-	111771429	111771429	0,0,0	2	60,807	0,502	1	circRNA	ENSRNOT00000092660	ENSRNOT00000092660	3,2	2:111537198-111771429|2:111772738-111792799
2	113229565	113247843	circular_RNA/1	1	-	113229565	113229565	0,0,0	3	291,244,77	0,3772,18201	1	circRNA	ENSRNOT00000034096	ENSRNOT00000034096	5,4,3	2:113198013-113229565|2:113247843-113322713
2	120282034	120310000	circular_RNA/1	0	-	120282034	120282034	0,0,0	13	107,160,124,209,138,165,195,133,104,192,129,93,159	0,477,2821,10898,13039,15166,16153,20000,21479,23646,26539,26759,27807	1	circRNA	ENSRNOT00000065469	ENSRNOT00000065469	16,15,14,13,12,11,10,9,8,7,6,5,4	2:120281384-120282034|2:120310000-120311140
2	123576588	123600232	circular_RNA/1	1	+	123576588	123576588	0,0,0	9	187,82,194,80,151,157,79,92,118	0,5715,6296,8423,10109,13714,20880,22034,23526	1	circRNA	ENSRNOT00000075947	ENSRNOT00000075947	7,8,9,10,11,12,13,14,15	2:123569286-123576588|2:123600232-123614101
2	123689228	123696686	circular_RNA/1	0	+	123689228	123689228	0,0,0	5	707,246,94,51,207	0,1104,2841,4741,7251	1	circRNA	ENSRNOT00000075947	ENSRNOT00000075947	47,48,49,50,51	2:123683111-123689228|2:123696686-123698201
2	128562841	128636642	circular_RNA/2	1	-	128562841	128562841	0,0,0	13	197,193,146,75,72,99,178,92,91,71,66,123,136	0,6453,11779,14347,17614,22542,27570,36253,40092,56232,61764,63524,73665	2	circRNA	ENSRNOT00000019256	ENSRNOT00000019256	18,17,16,15,14,13,12,11,10,9,8,7,6	2:128528306-128562841|2:128636642-128642779
2	128562841	128590589	circular_RNA/1	0	-	128562841	128562841	0,0,0	7	197,193,146,75,72,99,178	0,6453,11779,14347,17614,22542,27570	1	circRNA	ENSRNOT00000019256	ENSRNOT00000019256	18,17,16,15,14,13,12	2:128528306-128562841|2:128590589-128599094
2	143568541	143590167	circular_RNA/1	1	+	143568541	143568541	0,0,0	4	140,314,196,195	0,10993,18222,21431	1	circRNA	ENSRNOT00000015437	ENSRNOT00000015437	4,5,6,7	2:143555166-143568541|2:143590167-143602077
2	166406957	166423542	circular_RNA/1	1	+	166406957	166406957	0,0,0	9	97,81,129,91,79,97,118,146,113	0,3011,4132,4740,8915,9179,13208,14629,16472	1	circRNA	ENSRNOT00000012417	ENSRNOT00000012417	3,4,5,6,7,8,9,10,11	2:166405174-166406957|2:166423542-166423795
2	179624045	179638761	circular_RNA/1	1	-	179624045	179624045	0,0,0	3	162,54,197	0,4687,14519	1	circRNA	ENSRNOT00000077941	ENSRNOT00000077941	6,5,4	2:179611546-179624045|2:179638761-179648576
2	188269008	188286112	circular_RNA/3	1	+	188269008	188269008	0,0,0	2	516,4558	0,12546	3	circRNA	ENSRNOT00000027629	ENSRNOT00000027629	2,3	2:188253535-188269008|2:188286112-188301022
2	188269008	188301124	circular_RNA/2	1	+	188269008	188269008	0,0,0	3	516,4558,102	0,12546,32014	2	circRNA	ENSRNOT00000027629	ENSRNOT00000027629	2,3,4	2:188253535-188269008|2:188301124-188308300
2	188301022	188309036	circular_RNA/1	1	+	188301022	188301022	0,0,0	2	102,736	0,7278	1	circRNA	ENSRNOT00000027629	ENSRNOT00000027629	4,5	2:188286112-188301022|2:188309036-188326830
2	188301022	188330330	circular_RNA/2	1	+	188301022	188301022	0,0,0	4	102,736,180,95	0,7278,25808,29213	2	circRNA	ENSRNOT00000027629	ENSRNOT00000027629	4,5,6,7	2:188286112-188301022|2:188330330-188337237
2	189723523	189729005	circular_RNA/1	1	+	189723523	189723523	0,0,0	4	132,171,316,203	0,1472,2368,5279	1	circRNA	ENSRNOT00000021502	ENSRNOT00000021502	5,6,7,8	2:189722569-189723523|2:189729005-189730278
2	195761078	195795666	circular_RNA/1	1	-	195761078	195761078	0,0,0	6	164,79,105,65,193,232	0,1148,7761,12186,14746,34356	1	circRNA	ENSRNOT00000028389	ENSRNOT00000028389	7,6,5,4,3,2	2:195751992-195761078|2:195795666-195821183
2	197906757	197913548	circular_RNA/2	0	-	197906757	197906757	0,0,0	5	127,53,78,101,130	0,1165,2437,3469,6661	2	circRNA	ENSRNOT00000085404	ENSRNOT00000085404	6,5,4,3,2	2:197903399-197906757|2:197913548-197935165
2	223285166	223304322	circular_RNA/6	0	-	223285166	223285166	0,0,0	6	196,111,165,144,173,76	0,7032,7230,10776,11644,19080	6	circRNA	ENSRNOT00000015036	ENSRNOT00000015036	8,7,6,5,4,3	2:223269129-223285166|2:223304322-223320873
2	223292198	223304322	circular_RNA/1	0	-	223292198	223292198	0,0,0	5	111,165,144,173,76	0,198,3744,4612,12048	1	circRNA	ENSRNOT00000015036	ENSRNOT00000015036	7,6,5,4,3	2:223285362-223292198|2:223304322-223320873
2	237781843	237851960	circular_RNA/1	1	+	237781843	237781843	0,0,0	19	115,74,142,61,62,62,149,139,48,130,99,63,127,51,84,86,37,162,179	0,2069,8657,12309,13335,14741,15570,17033,19501,19670,22939,25822,26182,27657,28955,32937,48580,49760,69938	1	circRNA	ENSRNOT00000038827	ENSRNOT00000038827	4,5,6,7,8,9,10,11,12,13,14,15,16,17,18,19,20,21,22	2:237770284-237781843|2:237851960-237891822
2	264958237	265016533	circular_RNA/2	0	-	264958237	264958237	0,0,0	17	120,1617,18,27,9,10,181,112,201,249,125,100,70,116,130,73,145	0,11302,12920,12939,12967,12977,15080,15463,24848,29619,31576,34185,36354,40107,41435,53375,58151	2	circRNA	ENSRNOT00000066024	ENSRNOT00000066024	26,25,24,23,22,21,20,19,18,17,16,15,14,13,12,11,10	2:264945273-264958237|2:265016533-265022332
6	3323028	3340539	circular_RNA/1	1	-	3323028	3323028	0,0,0	9	63,59,79,111,82,63,132,73,43	0,1146,5463,10410,10605,10768,10957,15889,17468	1	circRNA	ENSRNOT00000078044	ENSRNOT00000078044	15,14,13,12,11,10,9,8,7	6:3314781-3323028|6:3340539-3343332
6	7489836	7572651	circular_RNA/1	0	-	7489836	7489836	0,0,0	5	95,119,169,132,90	0,20128,57213,80124,82725	1	circRNA	ENSRNOT00000038246	ENSRNOT00000038246	31,30,29,28,27	6:7468321-7489836|6:7572651-7623899
6	9270618	9300870	circular_RNA/1	0	-	9270618	9270618	0,0,0	4	185,156,177,107	0,23899,27932,30145	1	circRNA	ENSRNOT00000019894	ENSRNOT00000019894	20,19,18,17	6:9267379-9270618|6:9300870-9353459
6	14086928	14490352	circular_RNA/2	1	-	14086928	14086928	0,0,0	7	172,182,120,174,191,382,123	0,155205,363163,370762,393561,394879,403301	2	circRNA	ENSRNOT00000071402	ENSRNOT00000071402	10,9,8,7,6,5,4	6:14056948-14086928|6:14490352-14513632
6	14450091	14490352	circular_RNA/3	1	-	14450091	14450091	0,0,0	5	120,174,191,382,123	0,7599,30398,31716,40138	3	circRNA	ENSRNOT00000071402	ENSRNOT00000071402	8,7,6,5,4	6:14242315-14450091|6:14490352-14513632
6	27998981	28051704	circular_RNA/1	1	+	27998981	27998981	0,0,0	6	81,214,86,155,106,167	0,5523,23424,42592,49730,52556	1	circRNA	ENSRNOT00000077830	ENSRNOT00000077830	3,4,5,6,7,8	6:27994885-27998981|6:28051704-28084524
6	28022405	28051704	circular_RNA/1	1	+	28022405	28022405	0,0,0	4	86,155,106,167	0,19168,26306,29132	1	circRNA	ENSRNOT00000077830	ENSRNOT00000077830	5,6,7,8	6:28004718-28022405|6:28051704-28084524
6	36963230	36984660	circular_RNA/1	0	+	36963230	36963230	0,0,0	14	147,89,165,179,205,115,161,136,81,171,138,146,126,106	0,546,808,1427,2234,4949,5384,7655,8850,9827,11780,14685,16665,21324	1	circRNA	ENSRNOT00000007073	ENSRNOT00000007073	11,12,13,14,15,16,17,18,19,20,21,22,23,24	6:36959911-36963230|6:36984660-36990739
6	57720452	57804214	circular_RNA/1	1	+	57720452	57720452	0,0,0	11	154,141,50,75,120,118,89,117,99,33,117	0,18429,23977,26930,29969,38081,40660,40828,48940,71031,83645	1	circRNA	ENSRNOT00000063874	ENSRNOT00000063874	5,6,7,8,9,10,11,12,13,14,15	6:57707318-57720452|6:57804214-57815066
6	73357939	73361828	circular_RNA/1	1	+	73357939	73357939	0,0,0	1	3889	0	1	circRNA	ENSRNOT00000088378	ENSRNOT00000088378	2	6:73345512-73357939|6:73361828-73385740
6	73357939	73385888	circular_RNA/1	1	+	73357939	73357939	0,0,0	2	3889,148	0,27801	1	circRNA	ENSRNOT00000088378	ENSRNOT00000088378	2,3	6:73345512-73357939|6:73385888-73396559
6	76487879	76492176	circular_RNA/1	0	-	76487879	76487879	0,0,0	2	72,862	0,3435	1	circRNA	ENSRNOT00000010824	ENSRNOT00000010824	31,30	6:76461552-76487879|6:76492176-76500537
6	86729141	86748180	circular_RNA/2	0	+	86729141	86729141	0,0,0	10	157,135,297,263,239,98,150,96,176,154	0,1699,4155,5856,6729,9911,14195,15640,17465,18885	2	circRNA	ENSRNOT00000059271	ENSRNOT00000059271	2,3,4,5,6,7,8,9,10,11	6:86715854-86729141|6:86748180-86755677
6	92705391	92707504	circular_RNA/2	0	-	92705391	92705391	0,0,0	2	123,96	0,2017	2	circRNA	ENSRNOT00000009560	ENSRNOT00000009560	3,2	6:92696829-92705391|6:92707504-92759038
6	93513048	93515723	circular_RNA/1	1	+	93513048	93513048	0,0,0	2	254,198	0,2477	1	circRNA	ENSRNOT00000031595	ENSRNOT00000031595	13,14	6:93508876-93513048|6:93515723-93518162
6	106053311	106055105	circular_RNA/1	1	+	106053311	106053311	0,0,0	1	1794	0	1	circRNA	ENSRNOT00000088917	ENSRNOT00000088917	2	6:106040103-106053311|6:106055105-106068324
6	111098514	111106551	circular_RNA/1	0	+	111098514	111098514	0,0,0	5	123,154,107,87,66	0,524,1938,2645,7971	1	circRNA	ENSRNOT00000015571	ENSRNOT00000015571	15,16,17,18,19	6:111096627-111098514|6:111106551-111110737
6	125776334	125797801	circular_RNA/1	1	-	125776334	125776334	0,0,0	10	164,194,141,3021,213,87,41,363,166,60	0,4398,5214,8609,12194,14933,16090,19121,19978,21407	1	circRNA	ENSRNOT00000007061	ENSRNOT00000007061	14,13,12,11,10,9,8,7,6,5	6:125775042-125776334|6:125797801-125801337
6	129646843	129657575	circular_RNA/1	1	+	129646843	129646843	0,0,0	6	122,143,101,221,63,75	0,2956,4539,5162,9083,10657	1	circRNA	ENSRNOT00000064957	ENSRNOT00000064957	16,17,18,19,20,21	6:129643821-129646843|6:129657575-129659813
6	136059671	136084622	circular_RNA/1	1	+	136059671	136059671	0,0,0	4	192,54,49,66	0,12159,21902,24885	1	circRNA	ENSRNOT00000014395	ENSRNOT00000014395	2,3,4,5	6:136041906-136059671|6:136084622-136091073
9	1442053	1485363	circular_RNA/3	0	+	1442053	1442053	0,0,0	9	109,90,75,68,103,89,51,70,173	0,1472,1650,4013,31593,40122,41506,41660,43137	3	circRNA	ENSRNOT00000014171	ENSRNOT00000014171	5,6,7,8,9,10,11,12,13	9:1363362-1442053|9:1485363-1545229
9	1875551	1880538	circular_RNA/3	1	-	1875551	1875551	0,0,0	2	204,2487	0,2500	3	circRNA	ENSRNOT00000018146	ENSRNOT00000018146	4,3	9:1816060-1875551|9:1880538-1983866
9	2205171	2246426	circular_RNA/1	1	+	2205171	2205171	0,0,0	8	245,177,127,124,112,455,213,156	0,3868,4800,5701,23855,26177,33731,41099	1	circRNA	ENSRNOT00000077417	ENSRNOT00000077417	3,4,5,6,7,8,9,10	9:2192764-2205171|9:2246426-2271446
9	20826560	20856145	circular_RNA/3	1	+	20826560	20826560	0,0,0	12	188,79,95,105,37,63,166,143,113,102,176,64	0,2283,2721,4672,7004,8331,12404,13194,19302,20105,22644,29521	3	circRNA	ENSRNOT00000016291	ENSRNOT00000016291	6,7,8,9,10,11,12,13,14,15,16,17	9:20817197-20826560|9:20856145-20858340
9	28529456	28552133	circular_RNA/1	0	-	28529456	28529456	0,0,0	3	167,113,113	0,5418,22564	1	circRNA	ENSRNOT00000015453	ENSRNOT00000015453	25,24,23	9:28503049-28529456|9:28552133-28558773
9	28575570	28598974	circular_RNA/2	0	-	28575570	28575570	0,0,0	10	90,63,126,157,72,154,172,131,113,47	0,4671,6239,7067,11531,12596,12855,14752,19880,23357	2	circRNA	ENSRNOT00000015453	ENSRNOT00000015453	21,20,19,18,17,16,15,14,13,12	9:28558845-28575570|9:28598974-28602645
9	31620317	31693992	circular_RNA/1	0	-	31620317	31620317	0,0,0	6	103,76,150,109,69,195	0,11182,12143,37055,40478,73480	1	circRNA	ENSRNOT00000016194	ENSRNOT00000016194	14,13,12,11,10,9	9:31604311-31620317|9:31693992-31710855
9	37099082	37112242	circular_RNA/1	0	-	37099082	37099082	0,0,0	4	305,184,316,1720	0,2644,5829,11440	1	circRNA	ENSRNOT00000015638	ENSRNOT00000015638	7,6,5,4	9:37088649-37099082|9:37112242-37117757
9	38321691	38326937	circular_RNA/1	1	+	38321691	38321691	0,0,0	2	217,178	0,5068	1	circRNA	ENSRNOT00000078157	ENSRNOT00000078157	2,3	9:38297423-38321691|9:38326937-38342830
9	53646696	53648288	circular_RNA/1	1	+	53646696	53646696	0,0,0	1	1592	0	1	circRNA	ENSRNOT00000031267	ENSRNOT00000031267	3	9:53627021-53646696|9:53648288-53678092
9	67331633	67341341	circular_RNA/2	0	-	67331633	67331633	0,0,0	3	509,106,120	0,2033,9588	2	circRNA	ENSRNOT00000036194	ENSRNOT00000036194	3,2,1	9:67310837-67331633|None
9	84363613	84369325	circular_RNA/1	1	-	84363613	84363613	0,0,0	5	52,62,71,109,151	0,1119,2427,4329,5561	1	circRNA	ENSRNOT00000019685	ENSRNOT00000019685	10,9,8,7,6	9:84362046-84363613|9:84369325-84370653
9	94463646	94474809	circular_RNA/2	1	+	94463646	94463646	0,0,0	3	130,96,115	0,1057,11048	2	circRNA	ENSRNOT00000064965	ENSRNOT00000064965	4,5,6	9:94453653-94463646|9:94474809-94480128
9	119105073	119127222	circular_RNA/1	0	+	119105073	119105073	0,0,0	3	371,92,422	0,4972,21727	1	circRNA	ENSRNOT00000022351	ENSRNOT00000022351	8,9,10	9:119051652-119105073|9:119127222-119148395
9	119776844	119792090	circular_RNA/1	0	-	119776844	119776844	0,0,0	8	121,211,91,167,120,115,131,83	0,2722,3480,5699,10740,10956,14325,15163	1	circRNA	ENSRNOT00000019359	ENSRNOT00000019359	11,10,9,8,7,6,5,4	9:119771286-119776844|9:119792090-119805159
11	34612626	34639821	circular_RNA/1	0	+	34612626	34612626	0,0,0	14	155,43,151,88,54,121,86,95,63,55,163,46,127,64	0,433,872,1425,3475,4203,6236,7754,8814,18453,23519,24654,25903,27131	1	circRNA	ENSRNOT00000065600	ENSRNOT00000065600	2,3,4,5,6,7,8,9,10,11,12,13,14,15	11:34598537-34612626|11:34639821-34643702
11	45487964	45497839	circular_RNA/1	0	-	45487964	45487964	0,0,0	6	135,208,149,110,127,174	0,1954,4264,6292,8176,9701	1	circRNA	ENSRNOT00000002238	ENSRNOT00000002238	7,6,5,4,3,2	11:45484705-45487964|11:45497839-45510631
11	51049295	51068978	circular_RNA/1	1	-	51049295	51049295	0,0,0	6	120,141,132,98,147,95	0,5295,7962,8210,11122,19588	1	circRNA	ENSRNOT00000077220	ENSRNOT00000077220	18,17,16,15,14,13	11:51040978-51049295|11:51068978-51075916
10	550481	578622	circular_RNA/1	1	-	550481	550481	0,0,0	16	137,55,167,159,147,102,127,200,311,211,139,29,44,193,168,177	0,139,1230,2640,5292,6076,6927,8005,11611,12929,13764,15182,15213,23913,25765,27964	1	circRNA	ENSRNOT00000044108	ENSRNOT00000044108	32,31,30,29,28,27,26,25,24,23,22,21,20,19,18,17	10:549988-550481|10:578622-581020
10	1392224	1451663	circular_RNA/1	0	-	1392224	1392224	0,0,0	15	87,56,70,111,76,43,44,78,57,81,43,39,66,145,61	0,1207,21113,21736,23866,25084,27131,35337,41055,42054,43635,44949,45902,50011,59378	1	circRNA	ENSRNOT00000084447	ENSRNOT00000084447	20,19,18,17,16,15,14,13,12,11,10,9,8,7,6	10:1386933-1392224|10:1451663-1457744
10	13460954	13483091	circular_RNA/2	0	-	13460954	13460954	0,0,0	10	218,174,97,69,76,98,145,138,43,270	0,3577,5216,5552,9359,11736,12535,17923,18323,21867	2	circRNA	ENSRNOT00000067660	ENSRNOT00000067660	11,10,9,8,7,6,5,4,3,2	10:13453281-13460954|10:13483091-13515366
10	16724061	16730140	circular_RNA/12	0	-	16724061	16724061	0,0,0	3	1090,126,195	0,3674,5884	12	circRNA	ENSRNOT00000079462	ENSRNOT00000079462	4,3,2	10:16712067-16724061|10:16730140-16752154
10	18359719	18435415	circular_RNA/1	0	-	18359719	18359719	0,0,0	13	136,106,194,173,147,120,74,166,105,66,167,91,147	0,11677,36828,39881,40839,42819,46106,48649,50490,55842,65007,71104,75549	1	circRNA	ENSRNOT00000080021	ENSRNOT00000080021	14,13,12,11,10,9,8,7,6,5,4,3,2	10:18258433-18359719|10:18435415-18443890
10	21041233	21216881	circular_RNA/2	1	-	21041233	21041233	0,0,0	5	206,123,239,235,210	0,14558,68287,95115,175438	2	circRNA	ENSRNOT00000011922	ENSRNOT00000011922	6,5,4,3,2	10:21005634-21041233|10:21216881-21264945
10	29318808	29319752	circular_RNA/7	1	+	29318808	29318808	0,0,0	1	944	0	7	circRNA	ENSRNOT00000067013	ENSRNOT00000067013	2	10:29289736-29318808|10:29319752-29330336
10	30980708	30993573	circular_RNA/1	1	+	30980708	30980708	0,0,0	7	105,97,109,165,178,247,70	0,621,2795,3728,8022,11500,12795	1	circRNA	ENSRNOT00000035346	ENSRNOT00000035346	2,3,4,5,6,7,8	10:30834050-30980708|10:30993573-31000441
10	35877075	35877135	circular_RNA/1	1	+	35877075	35877075	0,0,0	1	60	0	1	circRNA	ENSRNOT00000078505	ENSRNOT00000078505	10	10:35876397-35877075|10:35877135-35877226
10	48659694	48680787	circular_RNA/1	0	-	48659694	48659694	0,0,0	8	144,169,101,102,118,161,196,130	0,1898,3681,5105,5301,11690,19056,20963	1	circRNA	ENSRNOT00000081409	ENSRNOT00000081409	27,26,25,24,23,22,21,20	10:48655580-48659694|10:48680787-48683732
10	48688807	48714344	circular_RNA/1	1	-	48688807	48688807	0,0,0	9	127,95,215,125,102,55,179,91,173	0,5727,7043,11002,15498,16937,18347,21952,25364	1	circRNA	ENSRNOT00000081409	ENSRNOT00000081409	18,17,16,15,14,13,12,11,10	10:48684279-48688807|10:48714344-48717052
10	57508984	57541484	circular_RNA/3	1	+	57508984	57508984	0,0,0	7	129,204,161,120,136,179,132	0,8695,11047,18564,26304,29144,32368	3	circRNA	ENSRNOT00000041443	ENSRNOT00000041443	2,3,4,5,6,7,8	10:57462526-57508984|10:57541484-57549451
10	61461419	61498597	circular_RNA/1	1	-	61461419	61461419	0,0,0	9	157,102,229,103,169,207,75,85,209	0,3266,4552,5518,6482,15429,22100,22409,36969	1	circRNA	ENSRNOT00000092712	ENSRNOT00000092712	10,9,8,7,6,5,4,3,2	10:61459923-61461419|10:61498597-61576287
10	63908527	63915032	circular_RNA/1	1	+	63908527	63908527	0,0,0	4	200,107,207,137	0,2671,3719,6368	1	circRNA	ENSRNOT00000007100	ENSRNOT00000007100	2,3,4,5	10:63884485-63908527|10:63915032-63920770
10	67594108	67622435	circular_RNA/1	1	+	67594108	67594108	0,0,0	8	109,102,99,109,121,85,146,101	0,541,7884,8445,9229,25725,26350,28226	1	circRNA	ENSRNOT00000079696	ENSRNOT00000079696	7,8,9,10,11,12,13,14	10:67587851-67594108|10:67622435-67624285
10	81793532	81805332	circular_RNA/1	1	+	81793532	81793532	0,0,0	9	130,90,168,172,219,196,126,81,68	0,573,1034,1614,5398,5859,8186,9271,11732	1	circRNA	ENSRNOT00000003777	ENSRNOT00000003777	15,16,17,18,19,20,21,22,23	10:81792407-81793532|10:81805332-81808903
10	81794105	81801844	circular_RNA/1	1	+	81794105	81794105	0,0,0	6	90,168,172,219,196,126	0,461,1041,4825,5286,7613	1	circRNA	ENSRNOT00000003777	ENSRNOT00000003777	16,17,18,19,20,21	10:81793662-81794105|10:81801844-81802803
10	92356281	92374255	circular_RNA/1	0	+	92356281	92356281	0,0,0	4	56,133,266,93	0,4243,7566,17881	1	circRNA	ENSRNOT00000006947	ENSRNOT00000006947	4,5,6,7	10:92349288-92356281|10:92374255-92377458
10	93451476	93483645	circular_RNA/1	0	+	93451476	93451476	0,0,0	10	168,96,93,111,137,153,67,98,82,92	0,12897,14131,19139,19832,21706,24770,26542,28463,32077	1	circRNA	ENSRNOT00000066484	ENSRNOT00000066484	7,8,9,10,11,12,13,14,15,16	10:93441515-93451476|10:93483645-93492512
10	95265353	95268582	circular_RNA/1	1	-	95265353	95265353	0,0,0	4	226,83,464,229	0,404,2046,3000	1	circRNA	ENSRNOT00000085210	ENSRNOT00000085210	26,25,24,23	10:95262032-95265353|10:95268582-95274445
10	96759544	96793149	circular_RNA/1	1	+	96759544	96759544	0,0,0	5	48,78,87,100,119	0,300,19951,31292,33486	1	circRNA	ENSRNOT00000037067	ENSRNOT00000037067	7,8,9,10,11	10:96722491-96759544|10:96793149-96794636
10	96811459	96894082	circular_RNA/1	1	+	96811459	96811459	0,0,0	8	155,130,93,60,80,136,108,183	0,419,1182,2840,9600,42645,60149,82440	1	circRNA	ENSRNOT00000037067	ENSRNOT00000037067	13,14,15,16,17,18,19,20	10:96794780-96811459|10:96894082-96943094
13	25672723	25699374	circular_RNA/1	1	+	25672723	25672723	0,0,0	10	90,72,56,114,204,92,300,76,96,113	0,8570,8750,8899,13543,13849,14511,17142,18247,26538	1	circRNA	ENSRNOT00000020892	ENSRNOT00000020892	2,3,4,5,6,7,8,9,10,11	13:25657747-25672723|13:25699374-25709618
13	35713527	35784163	circular_RNA/4	1	-	35713527	35713527	0,0,0	14	157,57,84,160,159,126,69,173,64,89,88,121,53,45	0,4518,4663,6155,15044,16858,22928,34980,38637,55891,59970,69659,70054,70591	4	circRNA	ENSRNOT00000003568	ENSRNOT00000003568	19,18,17,16,15,14,13,12,11,10,9,8,7,6	13:35710974-35713527|13:35784163-35789304
13	44898819	44911389	circular_RNA/1	1	+	44898819	44898819	0,0,0	5	255,152,102,291,124	0,2296,6199,8993,12446	1	circRNA	ENSRNOT00000005372	ENSRNOT00000005372	15,16,17,18,19	13:44896587-44898819|13:44911389-44925486
13	74512345	74520636	circular_RNA/1	1	-	74512345	74512345	0,0,0	3	51,105,143	0,1014,8148	1	circRNA	ENSRNOT00000036200	ENSRNOT00000036200	4,3,2	13:74492361-74512345|13:74520636-74564108
13	77604369	77616378	circular_RNA/1	1	+	77604369	77604369	0,0,0	4	477,264,116,151	0,6507,9489,11858	1	circRNA	ENSRNOT00000080254	ENSRNOT00000080254	3,4,5,6	13:77602905-77604369|13:77616378-77620225
13	94826930	94838395	circular_RNA/1	1	-	94826930	94826930	0,0,0	5	235,501,1313,121,150	0,5274,5779,8595,11315	1	circRNA	ENSRNOT00000079763	ENSRNOT00000079763	10,9,8,7,6	13:94818987-94826930|13:94838395-94846695
13	98340894	98399944	circular_RNA/1	1	+	98340894	98340894	0,0,0	15	94,201,249,80,167,123,134,243,111,248,106,125,106,149,92	0,3441,5571,7941,10618,12892,24153,33581,34035,45447,50719,53634,56029,56490,58958	1	circRNA	ENSRNOT00000003837	ENSRNOT00000003837	6,7,8,9,10,11,12,13,14,15,16,17,18,19,20	13:98323432-98340894|13:98399944-98403147
13	111709660	111716205	circular_RNA/1	0	-	111709660	111709660	0,0,0	2	216,165	0,6380	1	circRNA	ENSRNOT00000073041	ENSRNOT00000073041	4,3	13:111671978-111709660|13:111716205-111757225
12	9229551	9313769	circular_RNA/2	0	-	9229551	9229551	0,0,0	13	91,166,102,117,162,58,105,248,148,162,71,67,122	0,1136,3816,4004,4358,7505,8814,11011,43573,68139,80435,81969,84096	2	circRNA	ENSRNOT00000044134	ENSRNOT00000044134	14,13,12,11,10,9,8,7,6,5,4,3,2	12:9224845-9229551|12:9313769-9331109
12	9237056	9313769	circular_RNA/1	0	-	9237056	9237056	0,0,0	8	58,105,248,148,162,71,67,122	0,1309,3506,36068,60634,72930,74464,76591	1	circRNA	ENSRNOT00000044134	ENSRNOT00000044134	9,8,7,6,5,4,3,2	12:9234071-9237056|12:9313769-9331109
12	25539177	25544811	circular_RNA/1	0	-	25539177	25539177	0,0,0	2	103,143	0,5491	1	circRNA	ENSRNOT00000002030	ENSRNOT00000002030	3,2	12:25537884-25539177|12:25544811-25546104
12	44761633	44762147	circular_RNA/1	1	-	44761633	44761633	0,0,0	1	514	0	1	circRNA	ENSRNOT00000071074	ENSRNOT00000071074	4	12:44688936-44761633|12:44762147-44821089
15	2849125	2867333	circular_RNA/3	1	-	2849125	2849125	0,0,0	9	94,162,142,116,122,383,133,82,116	0,2981,6046,8361,10304,11879,15028,17798,18092	3	circRNA	ENSRNOT00000070893	ENSRNOT00000070893	11,10,9,8,7,6,5,4,3	15:2822163-2849125|15:2867333-2876226
15	4152544	4162016	circular_RNA/1	1	+	4152544	4152544	0,0,0	6	150,169,171,132,378,232	0,2478,4342,8369,8634,9240	1	circRNA	ENSRNOT00000083467	ENSRNOT00000083467	9,10,11,12,13,14	15:4149809-4152544|15:4162016-4165479
15	36923422	36940208	circular_RNA/1	0	+	36923422	36923422	0,0,0	9	156,831,97,252,126,89,141,87,155	0,2672,5369,7322,10892,11089,13918,14578,16631	1	circRNA	ENSRNOT00000090573	ENSRNOT00000090573	15,16,17,18,19,20,21,22,23	15:36919125-36923422|15:36940208-36942769
15	37179036	37182319	circular_RNA/1	1	+	37179036	37179036	0,0,0	3	283,166,213	0,2117,3070	1	circRNA	ENSRNOT00000011684	ENSRNOT00000011684	2,3,4	15:37171898-37179036|15:37182319-37190895
15	55151602	55178994	circular_RNA/2	1	-	55151602	55151602	0,0,0	13	197,77,32,57,117,88,78,110,78,143,111,68,39	0,1760,1918,2039,2748,8570,12239,13226,14978,16874,21322,26289,27353	2	circRNA	ENSRNOT00000021752	ENSRNOT00000021752	16,15,14,13,12,11,10,9,8,7,6,5,4	15:55104181-55151602|15:55178994-55185567
15	84446867	84477808	circular_RNA/1	0	-	84446867	84446867	0,0,0	2	187,547	0,30394	1	circRNA	ENSRNOT00000012424	ENSRNOT00000012424	5,4	15:84396802-84446867|15:84477808-84560417
15	84477261	84477808	circular_RNA/1	0	-	84477261	84477261	0,0,0	1	547	0	1	circRNA	ENSRNOT00000012424	ENSRNOT00000012424	4	15:84447054-84477261|15:84477808-84560417
15	105687770	105688392	circular_RNA/1	1	+	105687770	105687770	0,0,0	1	622	0	1	circRNA	ENSRNOT00000014300	ENSRNOT00000014300	2	15:105640329-105687770|15:105688392-105743544
15	109135665	109141568	circular_RNA/1	1	+	109135665	109135665	0,0,0	2	111,103	0,5800	1	circRNA	ENSRNOT00000077482	ENSRNOT00000077482	25,26	15:109127782-109135665|15:109141568-109168310
14	2528795	2583774	circular_RNA/1	0	-	2528795	2528795	0,0,0	14	144,117,100,214,164,143,168,117,78,135,132,221,146,122	0,13964,14897,21211,22294,24654,26304,31595,35229,35408,39499,49694,54021,54857	1	circRNA	ENSRNOT00000036442	ENSRNOT00000036442	21,20,19,18,17,16,15,14,13,12,11,10,9,8	14:2525560-2528795|14:2583774-2585778
14	2977678	2991160	circular_RNA/4	1	+	2977678	2977678	0,0,0	5	135,141,159,147,96	0,1270,3140,10998,13386	4	circRNA	ENSRNOT00000061630	ENSRNOT00000061630	12,13,14,15,16	14:2960581-2977678|14:2991160-3011573
14	4154609	4182331	circular_RNA/1	1	+	4154609	4154609	0,0,0	4	61,2213,711,606	0,23921,26230,27116	1	circRNA	ENSRNOT00000002882	ENSRNOT00000002882	5,6,7,8	14:4139690-4154609|14:4182331-4197678
14	9302134	9313293	circular_RNA/1	1	+	9302134	9302134	0,0,0	7	161,112,191,153,74,162,95	0,2090,5374,6541,9811,9968,11064	1	circRNA	ENSRNOT00000092709	ENSRNOT00000092709	24,25,26,27,28,29,30	14:9300866-9302134|14:9313293-9317863
14	23630511	23654497	circular_RNA/1	1	+	23630511	23630511	0,0,0	10	71,100,277,210,590,174,268,147,83,57	0,1770,4529,5657,9425,11651,16098,16920,18273,23929	1	circRNA	ENSRNOT00000031074	ENSRNOT00000031074	4,5,6,7,8,9,10,11,12,13	14:23621042-23630511|14:23654497-23662219
14	37228631	37254001	circular_RNA/1	1	-	37228631	37228631	0,0,0	5	109,92,71,92,115	0,9873,12977,22654,25255	1	circRNA	ENSRNOT00000065458	ENSRNOT00000065458	8,7,6,5,4	14:37216464-37228631|14:37254001-37261801
14	39169224	39186197	circular_RNA/1	1	+	39169224	39169224	0,0,0	5	221,83,144,153,260	0,384,2988,8279,16713	1	circRNA	ENSRNOT00000003191	ENSRNOT00000003191	4,5,6,7,8	14:39168256-39169224|14:39186197-39228513
14	39985574	40035210	circular_RNA/3	1	+	39985574	39985574	0,0,0	7	149,68,221,83,138,153,212	0,29724,40331,42145,46443,46704,49424	3	circRNA	ENSRNOT00000003240	ENSRNOT00000003240	2,3,4,5,6,7,8	14:39964790-39985574|14:40035210-40048844
14	44069807	44073178	circular_RNA/1	0	-	44069807	44069807	0,0,0	2	125,1162	0,2209	1	circRNA	ENSRNOT00000031792	ENSRNOT00000031792	4,3	14:44068014-44069807|14:44073178-44076625
14	59212596	59216084	circular_RNA/1	0	-	59212596	59212596	0,0,0	4	178,178,116,112	0,830,2737,3376	1	circRNA	ENSRNOT00000004006	ENSRNOT00000004006	7,6,5,4	14:59208267-59212596|14:59216084-59244097
14	66631753	66724140	circular_RNA/1	1	+	66631753	66631753	0,0,0	3	125,70,71	0,82828,92316	1	circRNA	ENSRNOT00000049743	ENSRNOT00000049743	2,3,4	14:66598361-66631753|14:66724140-66742720
14	66883601	66917858	circular_RNA/1	1	-	66883601	66883601	0,0,0	13	140,98,125,164,72,72,72,69,133,167,144,144,75	0,2459,2691,10417,13086,14340,15267,19498,25850,26946,29009,32529,34182	1	circRNA	ENSRNOT00000005477	ENSRNOT00000005477	29,28,27,26,25,24,23,22,21,20,19,18,17	14:66867462-66883601|14:66917858-66922361
14	79355103	79355845	circular_RNA/1	1	+	79355103	79355103	0,0,0	1	742	0	1	circRNA	ENSRNOT00000085534	ENSRNOT00000085534	2	14:79205585-79355103|14:79355845-79387332
14	108196072	108200913	circular_RNA/1	1	+	108196072	108196072	0,0,0	5	125,153,105,56,121	0,1508,2431,4573,4720	1	circRNA	ENSRNOT00000090003	ENSRNOT00000090003	24,25,26,27,28	14:108195932-108196072|14:108200913-108202557
14	115183820	115200200	circular_RNA/1	1	+	115183820	115183820	0,0,0	10	141,117,66,45,150,64,75,123,93,266	0,843,6648,8503,9814,10499,11802,13168,15159,16114	1	circRNA	ENSRNOT00000088916	ENSRNOT00000088916	2,3,4,5,6,7,8,9,10,11	14:115166662-115183820|14:115200200-115201074
17	5232516	5234506	circular_RNA/2	0	+	5232516	5232516	0,0,0	4	182,117,178,89	0,474,1159,1901	2	circRNA	ENSRNOT00000022373	ENSRNOT00000022373	3,4,5,6	17:5227492-5232516|17:5234506-5238036
17	5546406	5571375	circular_RNA/1	1	+	5546406	5546406	0,0,0	8	209,178,98,117,692,84,87,149	0,1615,9084,13250,17112,23340,24652,24820	1	circRNA	ENSRNOT00000025381	ENSRNOT00000025381	11,12,13,14,15,16,17,18	17:5543087-5546406|17:5571375-5582855
17	5555490	5571375	circular_RNA/1	1	+	5555490	5555490	0,0,0	6	98,117,692,84,87,149	0,4166,8028,14256,15568,15736	1	circRNA	ENSRNOT00000025381	ENSRNOT00000025381	13,14,15,16,17,18	17:5548199-5555490|17:5571375-5582855
17	5563518	5571375	circular_RNA/2	1	+	5563518	5563518	0,0,0	4	692,84,87,149	0,6228,7540,7708	2	circRNA	ENSRNOT00000025381	ENSRNOT00000025381	15,16,17,18	17:5559773-5563518|17:5571375-5582855
17	6169816	6206746	circular_RNA/1	0	-	6169816	6169816	0,0,0	8	100,98,36,306,133,137,155,69	0,5041,7331,17296,18480,19500,33409,36861	1	circRNA	ENSRNOT00000082611	ENSRNOT00000082611	12,11,10,9,8,7,6,5	17:6076050-6169816|17:6206746-6211434
17	9875748	9929565	circular_RNA/7	0	-	9875748	9875748	0,0,0	10	124,144,122,76,110,271,125,2551,173,136	0,4974,6008,12561,17478,19303,21834,36409,44869,53681	7	circRNA	ENSRNOT00000060928	ENSRNOT00000060928	12,11,10,9,8,7,6,5,4,3	17:9866772-9875748|17:9929565-9951410
17	52378629	52386139	circular_RNA/1	1	-	52378629	52378629	0,0,0	3	202,147,206	0,4063,7304	1	circRNA	ENSRNOT00000019396	ENSRNOT00000019396	7,6,5	17:52366900-52378629|17:52386139-52410840
17	75596938	75616081	circular_RNA/1	1	+	75596938	75596938	0,0,0	4	80,159,64,135	0,3758,7404,19008	1	circRNA	ENSRNOT00000023436	ENSRNOT00000023436	6,7,8,9	17:75589080-75596938|17:75616081-75640959
17	76378656	76383098	circular_RNA/2	1	+	76378656	76378656	0,0,0	5	154,161,198,192,77	0,993,1411,3689,4365	2	circRNA	ENSRNOT00000039621	ENSRNOT00000039621	7,8,9,10,11	17:76374478-76378656|17:76383098-76384784
17	85036936	85057912	circular_RNA/1	1	-	85036936	85036936	0,0,0	5	164,91,94,98,166	0,9092,18614,19551,20810	1	circRNA	ENSRNOT00000000162	ENSRNOT00000000162	8,7,6,5,4	17:85009997-85036936|17:85057912-85063955
17	89721612	89735763	circular_RNA/1	0	-	89721612	89721612	0,0,0	6	83,84,151,110,99,163	0,2480,4618,9050,12263,13988	1	circRNA	ENSRNOT00000023395	ENSRNOT00000023395	8,7,6,5,4,3	17:89719508-89721612|17:89735763-89737865
16	3060712	3064512	circular_RNA/2	1	+	3060712	3060712	0,0,0	5	146,93,73,92,162	0,1475,2587,3037,3638	2	circRNA	ENSRNOT00000074069	ENSRNOT00000074069	2,3,4,5,6	16:3051986-3060712|16:3064512-3068021
16	3060712	3072642	circular_RNA/1	0	+	3060712	3060712	0,0,0	10	146,93,73,92,162,122,32,106,104,104	0,1475,2587,3037,3638,7309,9399,10031,11636,11826	1	circRNA	ENSRNOT00000074069	ENSRNOT00000074069	2,3,4,5,6,7,8,9,10,11	16:3051986-3060712|16:3072642-3083563
16	23687863	23729219	circular_RNA/1	1	+	23687863	23687863	0,0,0	3	44,194,71	0,23042,41285	1	circRNA	ENSRNOT00000068629	ENSRNOT00000068629	12,13,14	16:23600154-23687863|16:23729219-23751710
16	49676736	49712991	circular_RNA/1	1	-	49676736	49676736	0,0,0	10	115,175,45,67,173,139,125,27,93,50	0,2900,4993,5725,12145,16705,26733,27142,30933,36205	1	circRNA	ENSRNOT00000029628	ENSRNOT00000029628	12,11,10,9,8,7,6,5,4,3	16:49663240-49676736|16:49712991-49788028
16	54046640	54100069	circular_RNA/1	1	-	54046640	54046640	0,0,0	23	136,63,198,135,137,159,121,132,173,165,359,172,191,146,220,198,191,141,130,143,227,155,174	0,384,2307,8340,10542,11013,12211,14563,15024,20338,33626,36481,39753,40435,40687,42494,45011,46223,48759,49026,52265,52612,53255	1	circRNA	ENSRNOT00000014202	ENSRNOT00000014202	32,31,30,29,28,27,26,25,24,23,22,21,20,19,18,17,16,15,14,13,12,11,10	16:54046232-54046640|16:54100069-54100751
16	54061203	54080625	circular_RNA/1	1	-	54061203	54061203	0,0,0	4	132,173,165,359	0,461,5775,19063	1	circRNA	ENSRNOT00000014202	ENSRNOT00000014202	25,24,23,22	16:54058972-54061203|16:54080625-54083121
16	54080266	54093004	circular_RNA/1	0	-	54080266	54080266	0,0,0	8	359,172,191,146,220,198,191,141	0,2855,6127,6809,7061,8868,11385,12597	1	circRNA	ENSRNOT00000014202	ENSRNOT00000014202	22,21,20,19,18,17,16,15	16:54067143-54080266|16:54093004-54095399
16	54792658	54804208	circular_RNA/2	0	+	54792658	54792658	0,0,0	3	123,163,158	0,1834,11392	2	circRNA	ENSRNOT00000086899	ENSRNOT00000086899	2,3,4	16:54765418-54792658|16:54804208-54814917
16	60310911	60317529	circular_RNA/2	1	+	60310911	60310911	0,0,0	3	179,211,84	0,2425,6534	2	circRNA	ENSRNOT00000015239	ENSRNOT00000015239	2,3,4	16:60307370-60310911|16:60317529-60319416
16	73966234	73978345	circular_RNA/1	1	-	73966234	73966234	0,0,0	6	116,119,314,136,82,116	0,4868,7308,8949,11446,11995	1	circRNA	ENSRNOT00000078743	ENSRNOT00000078743	9,8,7,6,5,4	16:73962060-73966234|16:73978345-73983654
19	20282664	20285879	circular_RNA/1	1	+	20282664	20282664	0,0,0	1	3215	0	1	circRNA	ENSRNOT00000020028	ENSRNOT00000020028	3	19:20206545-20282664|19:20285879-20292377
19	21245663	21247348	circular_RNA/2	0	+	21245663	21245663	0,0,0	1	1685	0	2	circRNA	ENSRNOT00000049285	ENSRNOT00000049285	2	19:21218538-21245663|19:21247348-21256613
19	22450580	22461425	circular_RNA/1	1	+	22450580	22450580	0,0,0	5	57,141,249,45,128	0,4020,4771,10592,10717	1	circRNA	ENSRNOT00000021739	ENSRNOT00000021739	3,4,5,6,7	19:22450326-22450580|19:22461425-22480272
19	34298522	34372833	circular_RNA/1	0	+	34298522	34298522	0,0,0	6	88,59,106,160,151,160	0,7268,12227,13848,47551,74151	1	circRNA	ENSRNOT00000017867	ENSRNOT00000017867	15,16,17,18,19,20	19:34292283-34298522|19:34372833-34393603
19	38057556	38077617	circular_RNA/2	1	+	38057556	38057556	0,0,0	3	1138,163,200	0,4474,19861	2	circRNA	ENSRNOT00000087491	ENSRNOT00000087491	2,3,4	19:38039912-38057556|19:38077617-38079639
19	54801920	54822499	circular_RNA/1	1	+	54801920	54801920	0,0,0	7	117,176,240,168,131,72,39	0,1577,8497,13355,18705,19901,20540	1	circRNA	ENSRNOT00000025894	ENSRNOT00000025894	5,6,7,8,9,10,11	19:54790907-54801920|19:54822499-54835153
1	1901430	1906299	circular_RNA/2	1	+	1901430	1901430	0,0,0	6	68,65,118,143,97,117	0,152,1696,2713,3856,4752	2	circRNA	ENSRNOT00000021437	ENSRNOT00000021437	2,3,4,5,6,7	1:1897448-1901430|1:1906299-1909244
1	1912789	1921741	circular_RNA/2	1	+	1912789	1912789	0,0,0	4	67,112,97,148	0,2163,4841,8804	2	circRNA	ENSRNOT00000021437	ENSRNOT00000021437	9,10,11,12	1:1909369-1912789|1:1921741-1928087
1	13262069	13268495	circular_RNA/1	1	+	13262069	13262069	0,0,0	7	124,197,154,125,163,64,155	0,3201,3500,4116,4741,5164,6271	1	circRNA	ENSRNOT00000089607	ENSRNOT00000089607	11,12,13,14,15,16,17	1:13212503-13262069|1:13268495-13276683
1	29249554	29295801	circular_RNA/1	1	+	29249554	29249554	0,0,0	2	120,215	0,46032	1	circRNA	ENSRNOT00000018849	ENSRNOT00000018849	2,3	1:29225810-29249554|1:29295801-29319343
1	64417869	64426658	circular_RNA/2	1	-	64417869	64417869	0,0,0	8	189,153,30,88,135,157,132,112	0,952,5134,5457,5844,7135,8386,8677	2	circRNA	ENSRNOT00000080032	ENSRNOT00000080032	11,10,9,8,7,6,5,4	1:64414649-64417869|1:64426658-64431739
1	116604548	116660509	circular_RNA/1	1	+	116604548	116604548	0,0,0	10	64,120,45,284,1247,145,206,165,156,74	0,2251,5951,39201,43112,51838,53425,54239,55632,55887	1	circRNA	ENSRNOT00000021366	ENSRNOT00000021366	2,3,4,5,6,7,8,9,10,11	1:116588320-116604548|1:116660509-116674177
1	116610499	116610544	circular_RNA/1	0	+	116610499	116610499	0,0,0	1	45	0	1	circRNA	ENSRNOT00000021366	ENSRNOT00000021366	4	1:116606919-116610499|1:116610544-116643749
1	123959920	123970510	circular_RNA/1	1	-	123959920	123959920	0,0,0	2	110,45	0,10545	1	circRNA	ENSRNOT00000082487	ENSRNOT00000082487	3,2	1:123914251-123959920|1:123970510-124038824
1	125490828	125491822	circular_RNA/1	1	+	125490828	125490828	0,0,0	1	994	0	1	circRNA	ENSRNOT00000022049	ENSRNOT00000022049	3	1:125432358-125490828|1:125491822-125509987
1	126180594	126189469	circular_RNA/1	0	-	126180594	126180594	0,0,0	5	106,140,148,169,104	0,705,7756,8219,8771	1	circRNA	ENSRNOT00000014988	ENSRNOT00000014988	9,8,7,6,5	1:126178011-126180594|1:126189469-126192618
1	154405930	154425509	circular_RNA/1	1	+	154405930	154405930	0,0,0	11	143,76,103,94,112,107,42,86,124,137,104	0,876,5114,9492,10532,12750,14918,16403,18297,18678,19475	1	circRNA	ENSRNOT00000092945	ENSRNOT00000092945	2,3,4,5,6,7,8,9,10,11,12	1:154377658-154405930|1:154425509-154431989
1	156622919	156622970	circular_RNA/1	1	+	156622919	156622919	0,0,0	1	51	0	1	circRNA	ENSRNOT00000055401	ENSRNOT00000055401	3	1:156552393-156622919|1:156622970-156696908
1	162629428	162643789	circular_RNA/2	0	+	162629428	162629428	0,0,0	3	155,1775,207	0,10471,14154	2	circRNA	ENSRNOT00000037050	ENSRNOT00000037050	5,6,7	1:162615517-162629428|1:162643789-162648548
1	163576316	163598771	circular_RNA/1	0	-	163576316	163576316	0,0,0	7	171,150,67,188,277,260,176	0,2074,7272,7402,10915,18539,22279	1	circRNA	ENSRNOT00000043788	ENSRNOT00000043788	11,10,9,8,7,6,5	1:163569613-163576316|1:163598771-163602170
1	167248400	167269761	circular_RNA/1	0	-	167248400	167248400	0,0,0	8	178,139,114,299,117,188,134,141	0,1361,2117,2792,6184,11957,15475,21220	1	circRNA	ENSRNOT00000027575	ENSRNOT00000027575	19,18,17,16,15,14,13,12	1:167246563-167248400|1:167269761-167276450
1	178364153	178409492	circular_RNA/1	1	+	178364153	178364153	0,0,0	12	46,194,176,180,178,45,119,68,172,130,128,103	0,14633,17080,24614,25947,27030,27191,27867,30113,37595,43018,45236	1	circRNA	ENSRNOT00000018532	ENSRNOT00000018532	2,3,4,5,6,7,8,9,10,11,12,13	1:178351770-178364153|1:178409492-178430964
1	188425562	188427210	circular_RNA/1	1	+	188425562	188425562	0,0,0	1	1648	0	1	circRNA	ENSRNOT00000037870	ENSRNOT00000037870	5	1:188422562-188425562|1:188427210-188429816
1	188589094	188594263	circular_RNA/1	1	+	188589094	188589094	0,0,0	3	65,130,98	0,3675,5071	1	circRNA	ENSRNOT00000055096	ENSRNOT00000055096	2,3,4	1:188572139-188589094|1:188594263-188619891
1	192952649	192955267	circular_RNA/4	0	+	192952649	192952649	0,0,0	5	104,338,97,79,55	0,229,2166,2392,2563	4	circRNA	ENSRNOT00000035770	ENSRNOT00000035770	9,10,11,12,13	1:192951628-192952649|1:192955267-192957675
1	222619895	222621077	circular_RNA/1	0	-	222619895	222619895	0,0,0	4	171,126,150,339	0,363,627,843	1	circRNA	ENSRNOT00000034477	ENSRNOT00000034477	5,4,3,2	1:222608114-222619895|1:222621077-222628439
1	235703053	235724436	circular_RNA/2	0	-	235703053	235703053	0,0,0	10	305,168,104,117,154,60,80,157,155,79	0,2230,7896,8081,8928,9278,10480,17671,18193,21304	2	circRNA	ENSRNOT00000014800	ENSRNOT00000014800	33,32,31,30,29,28,27,26,25,24	1:235687482-235703053|1:235724436-235730945
1	235750192	235780409	circular_RNA/1	0	-	235750192	235750192	0,0,0	13	115,187,143,95,130,63,172,107,128,58,81,60,60	0,200,7456,7886,9098,9671,11455,13737,14026,21566,27749,28090,30157	1	circRNA	ENSRNOT00000014800	ENSRNOT00000014800	19,18,17,16,15,14,13,12,11,10,9,8,7	1:235737635-235750192|1:235780409-235789222
1	247922779	247960553	circular_RNA/1	1	-	247922779	247922779	0,0,0	4	90,80,1418,201	0,8546,21465,37573	1	circRNA	ENSRNOT00000039428	ENSRNOT00000039428	5,4,3,2	1:247908512-247922779|1:247960553-247977846
1	247944244	247945662	circular_RNA/2	1	-	247944244	247944244	0,0,0	1	1418	0	2	circRNA	ENSRNOT00000039428	ENSRNOT00000039428	3	1:247931405-247944244|1:247945662-247960352
1	247944244	247960553	circular_RNA/1	1	-	247944244	247944244	0,0,0	2	1418,201	0,16108	1	circRNA	ENSRNOT00000039428	ENSRNOT00000039428	3,2	1:247931405-247944244|1:247960553-247977846
1	257191148	257192683	circular_RNA/1	1	+	257191148	257191148	0,0,0	1	1535	0	1	circRNA	ENSRNOT00000067149	ENSRNOT00000067149	2	1:257157488-257191148|1:257192683-257297077
1	260791755	260801171	circular_RNA/1	1	+	260791755	260791755	0,0,0	3	133,288,94	0,6433,9322	1	circRNA	ENSRNOT00000076842	ENSRNOT00000076842	5,6,7	1:260775166-260791755|1:260801171-260803931
1	264674064	264678002	circular_RNA/1	1	+	264674064	264674064	0,0,0	3	44,734,55	0,683,3883	1	circRNA	ENSRNOT00000034814	ENSRNOT00000034814	3,4,5	1:264671209-264674064|1:264678002-264682393
1	264674064	264692492	circular_RNA/1	1	+	264674064	264674064	0,0,0	8	44,734,55,968,71,123,168,103	0,683,3883,8329,10289,14777,15673,18325	1	circRNA	ENSRNOT00000034814	ENSRNOT00000034814	3,4,5,6,7,8,9,10	1:264671209-264674064|1:264692492-264702480
1	264674064	264708786	circular_RNA/1	0	+	264674064	264674064	0,0,0	10	44,734,55,968,71,123,168,103,76,142	0,683,3883,8329,10289,14777,15673,18325,28416,34580	1	circRNA	ENSRNOT00000034814	ENSRNOT00000034814	3,4,5,6,7,8,9,10,11,12	1:264671209-264674064|1:264708786-264714956
1	264677947	264702556	circular_RNA/1	1	+	264677947	264677947	0,0,0	7	55,968,71,123,168,103,76	0,4446,6406,10894,11790,14442,24533	1	circRNA	ENSRNOT00000034814	ENSRNOT00000034814	5,6,7,8,9,10,11	1:264675481-264677947|1:264702556-264708644
1	278679021	278749829	circular_RNA/1	1	+	278679021	278679021	0,0,0	7	94,53,95,79,158,62,79	0,8249,19290,21163,22687,52672,70729	1	circRNA	ENSRNOT00000023414	ENSRNOT00000023414	20,21,22,23,24,25,26	1:278661960-278679021|1:278749829-278812161
Y	1030851	1038541	circular_RNA/1	1	-	1030851	1030851	0,0,0	4	206,106,130,734	0,912,2729,6956	1	circRNA	ENSRNOT00000093013	ENSRNOT00000093013	19,18,17,16	Y:1013105-1030851|Y:1038541-1049564
Y	1091378	1099068	circular_RNA/1	1	-	1091378	1091378	0,0,0	4	206,106,130,734	0,912,2729,6956	1	circRNA	ENSRNOT00000082648	ENSRNOT00000082648	19,18,17,16	Y:1073632-1091378|Y:1099068-1110091
Y	1126683	1128138	circular_RNA/1	0	-	1126683	1126683	0,0,0	2	127,94	0,1361	1	circRNA	ENSRNOT00000093013	ENSRNOT00000093013	11,10	Y:1052508-1126683|Y:1128138-1142576
