20	14319169	14346754	circular_RNA/3	1	-	14319169	14319169	0,0,0	7	103,157,84,91,92,164,176	0,4798,7387,16815,21679,23079,27409	3	circRNA	ENSRNOT00000001764	ENSRNOT00000001764	13,12,11,10,9,8,7	20:14292474-14319169|20:14346754-14347968
20	14319169	14348042	circular_RNA/2	0	-	14319169	14319169	0,0,0	8	103,157,84,91,92,164,176,74	0,4798,7387,16815,21679,23079,27409,28799	2	circRNA	ENSRNOT00000001764	ENSRNOT00000001764	13,12,11,10,9,8,7,6	20:14292474-14319169|20:14348042-14358034
20	27409749	27415954	circular_RNA/7	1	+	27409749	27409749	0,0,0	5	1911,27,253,91,94	0,1912,1940,5500,6111	7	circRNA	ENSRNOT00000000302	ENSRNOT00000000302	3,4,5,6,7	20:27381559-27409749|20:27415954-27426195
20	30100695	30228195	circular_RNA/1	1	-	30100695	30100695	0,0,0	8	79,129,195,93,48,143,78,72	0,7371,10985,65348,65572,66209,120921,127428	1	circRNA	ENSRNOT00000091080	ENSRNOT00000091080	9,8,7,6,5,4,3,2	20:30063977-30100695|20:30228195-30263416
20	32513667	32537033	circular_RNA/1	1	+	32513667	32513667	0,0,0	7	134,102,100,95,132,89,100	0,1635,1851,5640,8269,10241,23266	1	circRNA	ENSRNOT00000046268	ENSRNOT00000046268	2,3,4,5,6,7,8	20:32509747-32513667|20:32537033-32555832
20	55454018	55474180	circular_RNA/1	0	+	55454018	55454018	0,0,0	6	138,121,133,126,112,135	0,227,1386,5538,19748,20027	1	circRNA	ENSRNOT00000057016	ENSRNOT00000057016	31,32,33,34,35,36	20:55425349-55454018|20:55474180-55519404
4	6753507	6793742	circular_RNA/1	1	+	6753507	6753507	0,0,0	10	70,104,82,59,46,55,127,166,38,147	0,22903,28703,30975,32689,34620,35828,38104,38470,40088	1	circRNA	ENSRNOT00000067183	ENSRNOT00000067183	5,6,7,8,9,10,11,12,13,14	4:6713897-6753507|4:6793742-6796815
4	8223839	8242710	circular_RNA/3	1	-	8223839	8223839	0,0,0	5	81,230,115,185,73	0,3074,5052,15379,18798	3	circRNA	ENSRNOT00000076950	ENSRNOT00000076950	6,5,4,3,2	4:8217614-8223839|4:8242710-8255222
4	8223839	8239403	circular_RNA/3	1	-	8223839	8223839	0,0,0	4	81,230,115,185	0,3074,5052,15379	3	circRNA	ENSRNOT00000076583	ENSRNOT00000076583	5,4,3,2	4:8217614-8223839|4:8239403-8255222
4	10098512	10138522	circular_RNA/1	1	+	10098512	10098512	0,0,0	5	96,130,53,101,130	0,3578,25778,30417,39880	1	circRNA	ENSRNOT00000065039	ENSRNOT00000065039	8,9,10,11,12	4:10059541-10098512|4:10138522-10164181
4	11098245	11152065	circular_RNA/1	0	-	11098245	11098245	0,0,0	8	144,196,178,186,249,193,92,42	0,1446,7466,9593,34567,42079,47938,53778	1	circRNA	ENSRNOT00000066643	ENSRNOT00000066643	18,17,16,15,14,13,12,11	4:11054158-11098245|4:11152065-11161057
4	16574715	16608452	circular_RNA/2	0	-	16574715	16574715	0,0,0	4	126,91,137,2188	0,22065,26957,31549	2	circRNA	ENSRNOT00000093412	ENSRNOT00000093412	9,8,7,6	4:16552612-16574715|4:16608452-16647212
4	16647212	16669365	circular_RNA/1	0	-	16647212	16647212	0,0,0	2	7599,708	0,21445	1	circRNA	ENSRNOT00000093412	ENSRNOT00000093412	5,4	4:16608452-16647212|4:16669365-17032160
4	17032160	17053486	circular_RNA/1	1	-	17032160	17032160	0,0,0	2	1463,1459	0,19867	1	circRNA	ENSRNOT00000093412	ENSRNOT00000093412	3,2	4:16669365-17032160|4:17053486-17058517
4	17032160	17033623	circular_RNA/7	0	-	17032160	17032160	0,0,0	1	1463	0	7	circRNA	ENSRNOT00000093412	ENSRNOT00000093412	3	4:16669365-17032160|4:17033623-17052027
4	27449970	27463961	circular_RNA/2	0	-	27449970	27449970	0,0,0	6	167,152,157,108,157,144	0,2910,4264,6714,7431,13847	2	circRNA	ENSRNOT00000032505	ENSRNOT00000032505	13,12,11,10,9,8	4:27449029-27449970|4:27463961-27464149
4	27509135	27524886	circular_RNA/8	1	+	27509135	27509135	0,0,0	3	273,301,183	0,3425,15568	8	circRNA	ENSRNOT00000007940	ENSRNOT00000007940	2,3,4	4:27473706-27509135|4:27524886-27537800
4	27509135	27537918	circular_RNA/4	1	+	27509135	27509135	0,0,0	4	273,301,183,118	0,3425,15568,28665	4	circRNA	ENSRNOT00000007940	ENSRNOT00000007940	2,3,4,5	4:27473706-27509135|4:27537918-27549174
4	27509135	27563899	circular_RNA/1	0	+	27509135	27509135	0,0,0	9	273,301,183,118,209,89,145,167,89	0,3425,15568,28665,40039,41483,44745,48595,54675	1	circRNA	ENSRNOT00000007940	ENSRNOT00000007940	2,3,4,5,6,7,8,9,10	4:27473706-27509135|4:27563899-27573803
4	30196974	30216027	circular_RNA/1	1	+	30196974	30196974	0,0,0	4	230,97,172,158	0,1526,1716,18895	1	circRNA	ENSRNOT00000011756	ENSRNOT00000011756	8,9,10,11	4:30194439-30196974|4:30216027-30237977
4	38263239	38264003	circular_RNA/1	1	+	38263239	38263239	0,0,0	1	764	0	1	circRNA	ENSRNOT00000047029	ENSRNOT00000047029	6	4:38256132-38263239|4:38264003-38271536
4	50352167	50431820	circular_RNA/3	0	-	50352167	50352167	0,0,0	11	108,33,84,75,15,148,156,120,142,157,104	0,22009,22140,32448,39621,40435,43716,48988,49226,64839,79549	3	circRNA	ENSRNOT00000068404	ENSRNOT00000068404	28,27,26,25,24,23,22,21,20,19,18	4:50333219-50352167|4:50431820-50449117
4	50374176	50431820	circular_RNA/1	0	-	50374176	50374176	0,0,0	10	33,84,75,15,148,156,120,142,157,104	0,131,10439,17612,18426,21707,26979,27217,42830,57540	1	circRNA	ENSRNOT00000068404	ENSRNOT00000068404	27,26,25,24,23,22,21,20,19,18	4:50352275-50374176|4:50431820-50449117
4	58714646	58739890	circular_RNA/4	1	+	58714646	58714646	0,0,0	7	70,143,89,110,193,78,66	0,5047,6428,9029,10808,23168,25178	4	circRNA	ENSRNOT00000081707	ENSRNOT00000081707	2,3,4,5,6,7,8	4:58693481-58714646|4:58739890-58748815
4	58714646	58748928	circular_RNA/1	1	+	58714646	58714646	0,0,0	8	70,143,89,110,193,78,66,113	0,5047,6428,9029,10808,23168,25178,34169	1	circRNA	ENSRNOT00000081707	ENSRNOT00000081707	2,3,4,5,6,7,8,9	4:58693481-58714646|4:58748928-58765340
4	58714646	58725647	circular_RNA/2	1	+	58714646	58714646	0,0,0	5	70,143,89,110,193	0,5047,6428,9029,10808	2	circRNA	ENSRNOT00000081707	ENSRNOT00000081707	2,3,4,5,6	4:58693481-58714646|4:58725647-58737814
4	64889574	64899587	circular_RNA/1	0	-	64889574	64889574	0,0,0	6	69,59,147,185,88,176	0,1276,2200,5030,8119,9837	1	circRNA	ENSRNOT00000017338	ENSRNOT00000017338	8,7,6,5,4,3	4:64874392-64889574|4:64899587-64916457
4	66172554	66200637	circular_RNA/2	0	+	66172554	66172554	0,0,0	6	93,102,138,104,490,71	0,8308,21176,22681,23235,28012	2	circRNA	ENSRNOT00000064175	ENSRNOT00000064175	2,3,4,5,6,7	4:66166514-66172554|4:66200637-66207489
4	66193730	66200637	circular_RNA/2	0	+	66193730	66193730	0,0,0	4	138,104,490,71	0,1505,2059,6836	2	circRNA	ENSRNOT00000064175	ENSRNOT00000064175	4,5,6,7	4:66180964-66193730|4:66200637-66207489
4	66195235	66207619	circular_RNA/2	1	+	66195235	66195235	0,0,0	4	104,490,71,130	0,554,5331,12254	2	circRNA	ENSRNOT00000064175	ENSRNOT00000064175	5,6,7,8	4:66193868-66195235|4:66207619-66209695
4	66214542	66219277	circular_RNA/1	1	+	66214542	66214542	0,0,0	3	43,51,1545	0,2104,3190	1	circRNA	ENSRNOT00000064175	ENSRNOT00000064175	13,14,15	4:66212096-66214542|4:66219277-66226187
4	67432204	67455064	circular_RNA/2	1	-	67432204	67432204	0,0,0	8	118,146,37,160,117,149,103,104	0,1050,5196,8615,17374,18483,21599,22756	2	circRNA	ENSRNOT00000014604	ENSRNOT00000014604	12,11,10,9,8,7,6,5	4:67428261-67432204|4:67455064-67463556
4	67433254	67455064	circular_RNA/1	1	-	67433254	67433254	0,0,0	7	146,37,160,117,149,103,104	0,4146,7565,16324,17433,20549,21706	1	circRNA	ENSRNOT00000014604	ENSRNOT00000014604	11,10,9,8,7,6,5	4:67432322-67433254|4:67455064-67463556
4	96732981	96787475	circular_RNA/1	1	+	96732981	96732981	0,0,0	10	175,175,122,80,85,158,94,161,94,86	0,1688,3399,6896,11238,12382,29524,31486,34076,54408	1	circRNA	ENSRNOT00000009569	ENSRNOT00000009569	4,5,6,7,8,9,10,11,12,13	4:96716570-96732981|4:96787475-96810024
4	96739877	96767151	circular_RNA/2	1	+	96739877	96739877	0,0,0	6	80,85,158,94,161,94	0,4342,5486,22628,24590,27180	2	circRNA	ENSRNOT00000009569	ENSRNOT00000009569	7,8,9,10,11,12	4:96736502-96739877|4:96767151-96787389
4	115104273	115106428	circular_RNA/2	0	-	115104273	115104273	0,0,0	1	2155	0	2	circRNA	ENSRNOT00000015296	ENSRNOT00000015296	4	4:115085477-115104273|4:115106428-115142051
4	115636560	115643263	circular_RNA/1	1	+	115636560	115636560	0,0,0	5	39,170,275,147,123	0,1543,3108,4878,6580	1	circRNA	ENSRNOT00000019617	ENSRNOT00000019617	4,5,6,7,8	4:115631257-115636560|4:115643263-115649000
4	117036342	117049564	circular_RNA/1	1	-	117036342	117036342	0,0,0	4	91,66,57,54	0,11176,12369,13168	1	circRNA	ENSRNOT00000057537	ENSRNOT00000057537	10,9,8,7	4:117016808-117036342|4:117049564-117065870
4	118862509	118869752	circular_RNA/1	1	+	118862509	118862509	0,0,0	5	108,126,59,135,62	0,825,3758,5270,7181	1	circRNA	ENSRNOT00000090827	ENSRNOT00000090827	3,4,5,6,7	4:118860020-118862509|4:118869752-118870970
4	134802452	134856745	circular_RNA/1	1	-	134802452	134802452	0,0,0	9	187,116,235,71,150,159,118,176,128	0,11154,15513,17781,19309,19563,20494,51123,54165	1	circRNA	ENSRNOT00000008221	ENSRNOT00000008221	19,18,17,16,15,14,13,12,11	4:134791952-134802452|4:134856745-134878472
4	142918241	143188837	circular_RNA/1	1	+	142918241	142918241	0,0,0	6	142,155,141,201,140,936	0,8268,133338,158418,167838,269660	1	circRNA	ENSRNOT00000056570	ENSRNOT00000056570	2,3,4,5,6,7	4:142781209-142918241|4:143188837-143300006
4	143051579	143086219	circular_RNA/1	0	+	143051579	143051579	0,0,0	3	141,201,140	0,25080,34500	1	circRNA	ENSRNOT00000056570	ENSRNOT00000056570	4,5,6	4:142926664-143051579|4:143086219-143187901
4	152214415	152298116	circular_RNA/1	0	-	152214415	152214415	0,0,0	10	161,132,136,12,194,141,141,138,168,168	0,18883,29251,40130,51431,56108,57329,59506,67614,83533	1	circRNA	ENSRNOT00000091473	ENSRNOT00000091473	16,15,14,13,12,11,10,9,8,7	4:152149602-152214415|4:152298116-152302658
4	170529502	170542054	circular_RNA/1	1	+	170529502	170529502	0,0,0	5	66,74,89,636,65	0,2450,5632,9278,12487	1	circRNA	ENSRNOT00000011803	ENSRNOT00000011803	5,6,7,8,9	4:170526305-170529502|4:170542054-170545322
8	456818	509712	circular_RNA/1	1	+	456818	456818	0,0,0	2	122,719	0,52175	1	circRNA	ENSRNOT00000046058	ENSRNOT00000046058	3,4	8:445493-456818|8:509712-759957
8	508993	509712	circular_RNA/5	1	+	508993	508993	0,0,0	1	719	0	5	circRNA	ENSRNOT00000046058	ENSRNOT00000046058	4	8:456940-508993|8:509712-759957
8	23851918	23884848	circular_RNA/2	1	+	23851918	23851918	0,0,0	6	103,105,141,96,173,153	0,2491,12691,16491,26346,32777	2	circRNA	ENSRNOT00000020481	ENSRNOT00000020481	8,9,10,11,12,13	8:23846962-23851918|8:23884848-23985278
8	33279133	33335423	circular_RNA/3	1	+	33279133	33279133	0,0,0	7	85,87,138,93,123,78,82	0,17325,33187,35742,36983,38498,56208	3	circRNA	ENSRNOT00000011589	ENSRNOT00000011589	5,6,7,8,9,10,11	8:33278802-33279133|8:33335423-33368676
8	46716190	46730691	circular_RNA/1	0	-	46716190	46716190	0,0,0	6	117,127,257,182,140,150	0,1801,5675,7271,12703,14351	1	circRNA	ENSRNOT00000059951	ENSRNOT00000059951	7,6,5,4,3,2	8:46695078-46716190|8:46730691-46750614
8	58231930	58243042	circular_RNA/1	0	-	58231930	58231930	0,0,0	6	81,146,142,177,100,110	0,163,1620,3531,7852,11002	1	circRNA	ENSRNOT00000010956	ENSRNOT00000010956	7,6,5,4,3,2	8:58225315-58231930|8:58243042-58253234
8	58964902	58970397	circular_RNA/2	0	-	58964902	58964902	0,0,0	4	131,77,192,1070	0,1776,3487,4425	2	circRNA	ENSRNOT00000066197	ENSRNOT00000066197	27,26,25,24	8:58963233-58964902|8:58970397-58972656
8	59724256	59750442	circular_RNA/1	1	+	59724256	59724256	0,0,0	8	102,105,57,141,85,61,91,59	0,4703,12213,16368,18969,20523,21030,26127	1	circRNA	ENSRNOT00000019539	ENSRNOT00000019539	2,3,4,5,6,7,8,9	8:59711737-59724256|8:59750442-59753419
8	60210839	60471827	circular_RNA/1	0	-	60210839	60210839	0,0,0	15	124,116,127,66,137,108,153,82,143,156,141,112,118,76,171	0,49449,175999,192607,197893,230657,231294,232785,241248,242448,249672,258679,259008,260078,260817	1	circRNA	ENSRNOT00000009169	ENSRNOT00000009169	24,23,22,21,20,19,18,17,16,15,14,13,12,11,10	8:60178889-60210839|8:60471827-60482534
8	64635063	64648503	circular_RNA/2	0	+	64635063	64635063	0,0,0	5	98,127,90,117,135	0,2491,6595,9174,13305	2	circRNA	ENSRNOT00000083558	ENSRNOT00000083558	7,8,9,10,11	8:64624646-64635063|8:64648503-64657512
8	65528262	65579772	circular_RNA/1	1	-	65528262	65528262	0,0,0	6	148,62,144,67,204,103	0,22736,40512,43096,48409,51407	1	circRNA	ENSRNOT00000016491	ENSRNOT00000016491	9,8,7,6,5,4	8:65516450-65528262|8:65579772-65584499
8	71651332	71663012	circular_RNA/1	1	+	71651332	71651332	0,0,0	5	235,86,85,149,108	0,6160,8326,8672,11572	1	circRNA	ENSRNOT00000042369	ENSRNOT00000042369	7,8,9,10,11	8:71648900-71651332|8:71663012-71677960
8	77037480	77074985	circular_RNA/1	1	-	77037480	77037480	0,0,0	7	201,174,143,103,159,65,58	0,2826,8914,17626,21657,26527,37447	1	circRNA	ENSRNOT00000078685	ENSRNOT00000078685	8,7,6,5,4,3,2	8:77035472-77037480|8:77074985-77088177
8	78370997	78388200	circular_RNA/1	1	-	78370997	78370997	0,0,0	8	207,72,77,79,65,145,140,106	0,950,2388,8406,14818,15207,15740,17097	1	circRNA	ENSRNOT00000081185	ENSRNOT00000081185	16,15,14,13,12,11,10,9	8:78359532-78370997|8:78388200-78415869
8	83335446	83347632	circular_RNA/1	0	-	83335446	83335446	0,0,0	3	116,244,179	0,7762,12007	1	circRNA	ENSRNOT00000015824	ENSRNOT00000015824	4,3,2	8:83317260-83335446|8:83347632-83421330
8	84434783	84496011	circular_RNA/1	0	-	84434783	84434783	0,0,0	7	129,45,45,60,66,72,1467	0,8832,18500,26348,26697,47845,59761	1	circRNA	ENSRNOT00000076213	ENSRNOT00000076213	9,8,7,6,5,4,3	None|8:84496011-84505935
8	84461131	84496086	circular_RNA/1	0	-	84461131	84461131	0,0,0	4	60,66,72,1542	0,349,21497,33413	1	circRNA	ENSRNOT00000076942	ENSRNOT00000076942	6,5,4,3	8:84453328-84461131|8:84496086-84505935
8	84732710	84765361	circular_RNA/1	0	-	84732710	84732710	0,0,0	9	116,84,119,145,75,64,57,90,79	0,9259,10631,13355,15553,15989,16224,28830,32572	1	circRNA	ENSRNOT00000007867	ENSRNOT00000007867	11,10,9,8,7,6,5,4,3	8:84725029-84732710|8:84765361-84793057
8	90417578	90434302	circular_RNA/1	1	-	90417578	90417578	0,0,0	10	83,125,108,120,232,77,141,118,184,138	0,184,715,2399,4630,6374,9815,12760,15707,16586	1	circRNA	ENSRNOT00000011864	ENSRNOT00000011864	25,24,23,22,21,20,19,18,17,16	8:90415212-90417578|8:90434302-90438097
8	90958619	90962468	circular_RNA/3	0	-	90958619	90958619	0,0,0	2	530,369	0,3480	3	circRNA	ENSRNOT00000044931	ENSRNOT00000044931	4,3	8:90937527-90958619|8:90962468-90983705
8	103792982	103820673	circular_RNA/1	0	+	103792982	103792982	0,0,0	16	88,169,68,138,67,106,90,157,120,170,121,99,104,132,163,114	0,171,1112,1472,3363,3623,5092,7684,10414,14302,16574,16787,20881,23845,25117,27577	1	circRNA	ENSRNOT00000014481	ENSRNOT00000014481	7,8,9,10,11,12,13,14,15,16,17,18,19,20,21,22	8:103790256-103792982|8:103820673-103822399
8	103809556	103818262	circular_RNA/1	1	+	103809556	103809556	0,0,0	5	121,99,104,132,163	0,213,4307,7271,8543	1	circRNA	ENSRNOT00000014481	ENSRNOT00000014481	17,18,19,20,21	8:103807454-103809556|8:103818262-103820559
8	104148463	104152499	circular_RNA/1	1	+	104148463	104148463	0,0,0	2	48,163	0,3873	1	circRNA	ENSRNOT00000081204	ENSRNOT00000081204	7,8	8:104145560-104148463|8:104152499-104154688
8	107345316	107363541	circular_RNA/3	0	-	107345316	107345316	0,0,0	3	226,187,102	0,2086,18123	3	circRNA	ENSRNOT00000022179	ENSRNOT00000022179	4,3,2	8:107336866-107345316|8:107363541-107380870
8	107766457	107783028	circular_RNA/5	0	-	107766457	107766457	0,0,0	10	96,201,61,91,76,81,93,98,143,72	0,2722,5044,6615,6803,9051,12524,15170,15644,16499	5	circRNA	ENSRNOT00000019536	ENSRNOT00000019536	12,11,10,9,8,7,6,5,4,3	8:107751251-107766457|8:107783028-107798789
8	109110033	109216053	circular_RNA/1	0	+	109110033	109110033	0,0,0	9	97,77,205,152,74,124,99,80,108	0,18368,28337,41574,47826,82319,92576,99319,105912	1	circRNA	ENSRNOT00000079618	ENSRNOT00000079618	5,6,7,8,9,10,11,12,13	8:109085119-109110033|8:109216053-109230278
8	109151607	109216053	circular_RNA/2	0	+	109151607	109151607	0,0,0	6	152,74,124,99,80,108	0,6252,40745,51002,57745,64338	2	circRNA	ENSRNOT00000079618	ENSRNOT00000079618	8,9,10,11,12,13	8:109138575-109151607|8:109216053-109230278
8	109243252	109288160	circular_RNA/2	0	+	109243252	109243252	0,0,0	8	118,104,93,90,204,71,88,81	0,7212,9670,9858,10089,11441,19819,44827	2	circRNA	ENSRNOT00000079618	ENSRNOT00000079618	15,16,17,18,19,20,21,22	8:109230393-109243252|8:109288160-109302671
8	117136961	117143566	circular_RNA/1	1	+	117136961	117136961	0,0,0	5	131,127,146,62,141	0,2322,3393,3669,6464	1	circRNA	ENSRNOT00000083046	ENSRNOT00000083046	3,4,5,6,7	8:117129999-117136961|8:117143566-117144402
8	117318622	117334586	circular_RNA/1	1	+	117318622	117318622	0,0,0	5	330,1032,178,155,115	0,5371,13588,14323,15849	1	circRNA	ENSRNOT00000064571	ENSRNOT00000064571	3,4,5,6,7	8:117308527-117318622|8:117334586-117343253
8	117438984	117441595	circular_RNA/2	0	-	117438984	117438984	0,0,0	2	353,64	0,2547	2	circRNA	ENSRNOT00000042577	ENSRNOT00000042577	3,2	8:117404720-117438984|8:117441595-117445995
8	129099754	129111949	circular_RNA/1	1	+	129099754	129099754	0,0,0	3	154,626,240	0,2154,11955	1	circRNA	ENSRNOT00000025460	ENSRNOT00000025460	9,10,11	8:129098325-129099754|8:129111949-129123863
8	130380532	130390432	circular_RNA/1	1	+	130380532	130380532	0,0,0	8	30,146,223,156,88,146,2865,96	0,504,1434,2565,4399,4921,6194,9804	1	circRNA	ENSRNOT00000071152	ENSRNOT00000071152	5,6,7,8,9,10,11,12	8:130370921-130380532|8:130390432-130391066
8	130762664	130768360	circular_RNA/6	1	+	130762664	130762664	0,0,0	2	51,696	0,5000	6	circRNA	ENSRNOT00000079273	ENSRNOT00000079273	2,3	8:130749952-130762664|8:130768360-130792977
8	131855073	131868157	circular_RNA/1	1	+	131855073	131855073	0,0,0	4	157,253,123,98	0,5281,10458,12986	1	circRNA	ENSRNOT00000005440	ENSRNOT00000005440	4,5,6,7	8:131851980-131855073|8:131868157-131868542
7	14246802	14256219	circular_RNA/2	0	-	14246802	14246802	0,0,0	6	129,363,293,136,138,319	0,948,1678,4192,5687,9098	2	circRNA	ENSRNOT00000008963	ENSRNOT00000008963	7,6,5,4,3,2	7:14242298-14246802|7:14256219-14302942
7	30714505	30825091	circular_RNA/1	1	+	30714505	30714505	0,0,0	6	297,76,102,117,167,144	0,12972,14158,17095,20510,110442	1	circRNA	ENSRNOT00000059269	ENSRNOT00000059269	7,8,9,10,11,12	7:30712706-30714505|7:30825091-30929782
7	31605669	31658885	circular_RNA/1	1	+	31605669	31605669	0,0,0	7	108,180,129,72,12,87,138	0,2097,25822,28040,44625,45760,53078	1	circRNA	ENSRNOT00000059269	ENSRNOT00000059269	21,22,23,24,25,26,27	7:31374263-31605669|7:31658885-31677259
7	34062075	34077301	circular_RNA/1	1	+	34062075	34062075	0,0,0	11	57,115,95,63,124,121,98,106,43,91,78	0,815,1804,2320,4282,8994,11656,12233,13212,14081,15148	1	circRNA	ENSRNOT00000005762	ENSRNOT00000005762	6,7,8,9,10,11,12,13,14,15,16	7:34058440-34062075|7:34077301-34077845
7	52310712	52362674	circular_RNA/1	0	-	52310712	52310712	0,0,0	6	120,384,109,116,1030,122	0,6567,7576,24675,38295,51840	1	circRNA	ENSRNOT00000082100	ENSRNOT00000082100	10,9,8,7,6,5	7:52263623-52310712|7:52362674-52377076
7	52349007	52380182	circular_RNA/1	0	-	52349007	52349007	0,0,0	4	1030,122,184,73	0,13545,28069,31102	1	circRNA	ENSRNOT00000082100	ENSRNOT00000082100	6,5,4,3	7:52335503-52349007|7:52380182-52404024
7	57294882	57356339	circular_RNA/2	1	-	57294882	57294882	0,0,0	8	108,98,148,56,134,89,188,66	0,1527,3626,46237,46404,56471,60297,61391	2	circRNA	ENSRNOT00000007461	ENSRNOT00000007461	16,15,14,13,12,11,10,9	7:57267834-57294882|7:57356339-57374320
7	58394421	58408567	circular_RNA/1	0	+	58394421	58394421	0,0,0	18	138,122,150,175,136,40,115,96,10,278,110,132,126,75,75,29,223,187	0,650,1103,2545,3205,4246,4732,5069,5218,6160,6532,7843,8073,8921,9152,9339,9989,13959	1	circRNA	ENSRNOT00000081891	ENSRNOT00000081891	10,11,12,13,14,15,16,17,18,19,20,21,22,23,24,25,26,27	7:58392617-58394421|7:58408567-58410217
7	62929509	62931338	circular_RNA/1	1	-	62929509	62929509	0,0,0	2	78,109	0,1720	1	circRNA	ENSRNOT00000064251	ENSRNOT00000064251	4,3	7:62899744-62929509|7:62931338-62948951
7	70790919	70792642	circular_RNA/1	1	+	70790919	70790919	0,0,0	4	243,127,164,155	0,562,976,1568	1	circRNA	ENSRNOT00000045964	ENSRNOT00000045964	14,15,16,17	7:70784476-70790919|7:70792642-70794622
7	78347123	78375555	circular_RNA/2	0	+	78347123	78347123	0,0,0	10	68,120,100,124,47,113,48,131,172,154	0,1956,3923,4998,7393,10184,16104,19309,25912,28278	2	circRNA	ENSRNOT00000050753	ENSRNOT00000050753	5,6,7,8,9,10,11,12,13,14	7:78333592-78347123|7:78375555-78404131
7	87543251	87572022	circular_RNA/3	1	-	87543251	87543251	0,0,0	3	88,78,300	0,5406,28471	3	circRNA	ENSRNOT00000092909	ENSRNOT00000092909	8,7,6	7:87495743-87543251|7:87572022-87618791
7	94500812	94520853	circular_RNA/1	0	-	94500812	94500812	0,0,0	9	52,185,88,88,101,24,32,126,109	0,2585,3847,4097,6337,6440,7176,13456,19932	1	circRNA	ENSRNOT00000005561	ENSRNOT00000005561	24,23,22,21,20,19,18,17,16	7:94489771-94500812|7:94520853-94527190
7	104734488	104749401	circular_RNA/1	0	-	104734488	104734488	0,0,0	5	101,87,76,86,130	0,7012,8243,13545,14783	1	circRNA	ENSRNOT00000085650	ENSRNOT00000085650	9,8,7,6,5	7:104731387-104734488|7:104749401-104754265
7	109128601	109136051	circular_RNA/4	1	-	109128601	109128601	0,0,0	3	1439,151,186	0,4845,7264	4	circRNA	ENSRNOT00000068291	ENSRNOT00000068291	6,5,4	7:109127829-109128601|7:109136051-109159866
7	123709340	123715127	circular_RNA/5	1	-	123709340	123709340	0,0,0	1	5787	0	5	circRNA	ENSRNOT00000012699	ENSRNOT00000012699	2	7:123685161-123709340|7:123715127-123767649
X	11004558	11036635	circular_RNA/2	1	+	11004558	11004558	0,0,0	11	174,130,129,108,133,151,112,126,79,160,195	0,988,1562,1961,2804,3678,4805,21337,25651,29082,31882	2	circRNA	ENSRNOT00000093176	ENSRNOT00000093176	4,5,6,7,8,9,10,11,12,13,14	X:10999631-11004558|X:11036635-11037523
X	11004558	11009475	circular_RNA/1	0	+	11004558	11004558	0,0,0	7	174,130,129,108,133,151,112	0,988,1562,1961,2804,3678,4805	1	circRNA	ENSRNOT00000093176	ENSRNOT00000093176	4,5,6,7,8,9,10	X:10999631-11004558|X:11009475-11025895
X	76857317	76881868	circular_RNA/1	0	-	76857317	76857317	0,0,0	15	173,80,130,118,176,138,178,147,110,142,222,103,94,174,137	0,347,1659,4763,6354,7801,13291,13606,14399,15290,19316,20230,21182,23837,24414	1	circRNA	ENSRNOT00000091284	ENSRNOT00000091284	25,24,23,22,21,20,19,18,17,16,15,14,13,12,11	X:76849869-76857317|X:76881868-76892397
X	76870608	76878593	circular_RNA/1	0	-	76870608	76870608	0,0,0	7	178,147,110,142,222,103,94	0,315,1108,1999,6025,6939,7891	1	circRNA	ENSRNOT00000091284	ENSRNOT00000091284	19,18,17,16,15,14,13	X:76865256-76870608|X:76878593-76881154
X	76876633	76881868	circular_RNA/1	0	-	76876633	76876633	0,0,0	5	222,103,94,174,137	0,914,1866,4521,5098	1	circRNA	ENSRNOT00000091284	ENSRNOT00000091284	15,14,13,12,11	X:76872749-76876633|X:76881868-76892397
X	76876633	76924369	circular_RNA/1	0	-	76876633	76876633	0,0,0	14	222,103,94,174,137,73,3029,68,110,114,125,53,56,113	0,914,1866,4521,5098,15764,22108,26026,27612,31856,35362,36209,37658,47623	1	circRNA	ENSRNOT00000091284	ENSRNOT00000091284	15,14,13,12,11,10,9,8,7,6,5,4,3,2	X:76872749-76876633|X:76924369-76978878
X	99905939	99926471	circular_RNA/2	1	+	99905939	99905939	0,0,0	7	119,117,119,65,105,294,115	0,6114,9001,10469,13594,19343,20417	2	circRNA	ENSRNOT00000082451	ENSRNOT00000082451	7,8,9,10,11,12,13	X:99900275-99905939|X:99926471-100019198
X	114956227	114999004	circular_RNA/2	1	+	114956227	114956227	0,0,0	7	202,101,154,38,132,166,64	0,15871,21325,22307,33632,35864,42713	2	circRNA	ENSRNOT00000006459	ENSRNOT00000006459	2,3,4,5,6,7,8	X:114929061-114956227|X:114999004-115017926
X	114972098	114999004	circular_RNA/1	1	+	114972098	114972098	0,0,0	6	101,154,38,132,166,64	0,5454,6436,17761,19993,26842	1	circRNA	ENSRNOT00000006459	ENSRNOT00000006459	3,4,5,6,7,8	X:114956429-114972098|X:114999004-115017926
X	114977552	114999004	circular_RNA/2	1	+	114977552	114977552	0,0,0	5	154,38,132,166,64	0,982,12307,14539,21388	2	circRNA	ENSRNOT00000006459	ENSRNOT00000006459	4,5,6,7,8	X:114972199-114977552|X:114999004-115017926
X	120912025	120928769	circular_RNA/2	1	+	120912025	120912025	0,0,0	6	646,131,96,149,84,107	0,1256,2364,4617,5456,16637	2	circRNA	ENSRNOT00000085185	ENSRNOT00000085185	5,6,7,8,9,10	X:120901572-120912025|X:120928769-120932020
X	120912025	120934083	circular_RNA/1	1	+	120912025	120912025	0,0,0	8	646,131,96,149,84,107,152,139	0,1256,2364,4617,5456,16637,19995,21919	1	circRNA	ENSRNOT00000085185	ENSRNOT00000085185	5,6,7,8,9,10,11,12	X:120901572-120912025|X:120934083-120936388
X	143168630	143177451	circular_RNA/2	1	-	143168630	143168630	0,0,0	4	93,222,126,93	0,4266,7572,8728	2	circRNA	ENSRNOT00000051550	ENSRNOT00000051550	22,21,20,19	X:143167005-143168630|X:143177451-143186064
X	143427479	143443355	circular_RNA/1	0	-	143427479	143427479	0,0,0	4	108,81,90,120	0,3537,5841,15756	1	circRNA	ENSRNOT00000051319	ENSRNOT00000051319	5,4,3,2	X:143419888-143427479|X:143443355-143453390
X	153866969	153867830	circular_RNA/1	0	-	153866969	153866969	0,0,0	1	861	0	1	circRNA	ENSRNOT00000087617	ENSRNOT00000087617	3	X:153726002-153866969|X:153867830-153878676
X	153866969	153878809	circular_RNA/3	0	-	153866969	153866969	0,0,0	2	861,133	0,11707	3	circRNA	ENSRNOT00000087617	ENSRNOT00000087617	3,2	X:153726002-153866969|X:153878809-154050664
18	4031674	4045521	circular_RNA/1	1	+	4031674	4031674	0,0,0	5	49,129,115,355,169	0,2159,5431,10955,13678	1	circRNA	ENSRNOT00000073509	ENSRNOT00000073509	2,3,4,5,6	18:3958518-4031674|18:4045521-4063615
18	4163993	4265124	circular_RNA/1	1	-	4163993	4163993	0,0,0	14	157,163,107,82,123,99,64,74,45,62,145,27,56,112	0,22501,53016,64680,75953,82736,88926,89093,90601,90811,93950,95063,95092,101019	1	circRNA	ENSRNOT00000091909	ENSRNOT00000091909	18,17,16,15,14,13,12,11,10,9,8,7,6,5	18:4127506-4163993|18:4265124-4279353
18	4246729	4265124	circular_RNA/1	1	-	4246729	4246729	0,0,0	9	99,64,74,45,62,145,27,56,112	0,6190,6357,7865,8075,11214,12327,12356,18283	1	circRNA	ENSRNOT00000091909	ENSRNOT00000091909	13,12,11,10,9,8,7,6,5	18:4240069-4246729|18:4265124-4279353
18	28380179	28383317	circular_RNA/1	1	+	28380179	28380179	0,0,0	6	126,126,168,132,44,364	0,417,744,1131,2357,2774	1	circRNA	ENSRNOT00000026949	ENSRNOT00000026949	7,8,9,10,11,12	18:28378342-28380179|18:28383317-28386138
18	29469948	29472476	circular_RNA/1	1	+	29469948	29469948	0,0,0	3	166,454,141	0,1516,2387	1	circRNA	ENSRNOT00000082079	ENSRNOT00000082079	25,26,27	18:29467998-29469948|18:29472476-29474525
18	31447704	31458393	circular_RNA/1	1	+	31447704	31447704	0,0,0	5	170,162,152,543,229	0,724,1864,8816,10460	1	circRNA	ENSRNOT00000075159	ENSRNOT00000075159	2,3,4,5,6	18:31444532-31447704|18:31458393-31461553
18	32069616	32094303	circular_RNA/1	0	-	32069616	32069616	0,0,0	8	101,130,105,111,102,72,62,96	0,1750,3217,9118,10623,19275,22763,24591	1	circRNA	ENSRNOT00000090882	ENSRNOT00000090882	9,8,7,6,5,4,3,2	18:32064625-32069616|18:32094303-32207327
18	36640588	36645658	circular_RNA/2	1	+	36640588	36640588	0,0,0	4	154,297,144,120	0,1163,3189,4950	2	circRNA	ENSRNOT00000036613	ENSRNOT00000036613	12,13,14,15	18:36639900-36640588|18:36645658-36646803
18	59190040	59192425	circular_RNA/2	1	+	59190040	59190040	0,0,0	2	770,89	0,2296	2	circRNA	ENSRNOT00000025325	ENSRNOT00000025325	15,16	18:59173106-59190040|18:59192425-59205019
18	66581615	66622883	circular_RNA/1	0	-	66581615	66581615	0,0,0	5	117,227,163,66,33	0,5119,15437,22206,41235	1	circRNA	ENSRNOT00000064947	ENSRNOT00000064947	24,23,22,21,20	18:66566465-66581615|18:66622883-66628128
18	71136035	71149287	circular_RNA/2	1	+	71136035	71136035	0,0,0	5	180,179,126,114,95	0,5346,9379,11736,13157	2	circRNA	ENSRNOT00000024950	ENSRNOT00000024950	9,10,11,12,13	18:71104420-71136035|18:71149287-71221089
18	71141381	71149287	circular_RNA/1	1	+	71141381	71141381	0,0,0	4	179,126,114,95	0,4033,6390,7811	1	circRNA	ENSRNOT00000024950	ENSRNOT00000024950	10,11,12,13	18:71136215-71141381|18:71149287-71221089
18	73479862	73480337	circular_RNA/2	1	+	73479862	73479862	0,0,0	1	475	0	2	circRNA	ENSRNOT00000023886	ENSRNOT00000023886	3	18:73378804-73479862|18:73480337-73490125
5	8823897	8834795	circular_RNA/1	0	-	8823897	8823897	0,0,0	5	47,37,413,99,81	0,95,8478,9669,10817	1	circRNA	ENSRNOT00000008480	ENSRNOT00000008480	8,7,6,5,4	5:8821660-8823897|5:8834795-8840178
5	10243620	10321108	circular_RNA/1	1	+	10243620	10243620	0,0,0	5	103,83,131,130,39	0,19895,34983,43472,77449	1	circRNA	ENSRNOT00000009679	ENSRNOT00000009679	3,4,5,6,7	5:10178475-10243620|5:10321108-10408126
5	12462302	12482389	circular_RNA/4	1	-	12462302	12462302	0,0,0	8	81,63,69,63,116,246,212,194	0,188,2129,2878,5287,10817,18620,19893	4	circRNA	ENSRNOT00000091649	ENSRNOT00000091649	16,15,14,13,12,11,10,9	5:12454087-12462302|5:12482389-12489916
5	13038692	13057719	circular_RNA/1	0	-	13038692	13038692	0,0,0	10	137,59,48,49,241,109,166,1892,127,104	0,1708,3765,4719,6039,6367,8059,16585,18558,18923	1	circRNA	ENSRNOT00000061884	ENSRNOT00000061884	22,21,20,19,18,17,16,15,14,13	5:13036848-13038692|5:13057719-13059697
5	13040400	13057719	circular_RNA/5	0	-	13040400	13040400	0,0,0	9	59,48,49,241,109,166,1892,127,104	0,2057,3011,4331,4659,6351,14877,16850,17215	5	circRNA	ENSRNOT00000061884	ENSRNOT00000061884	21,20,19,18,17,16,15,14,13	5:13038829-13040400|5:13057719-13059697
5	13064946	13076754	circular_RNA/2	0	-	13064946	13064946	0,0,0	6	427,203,171,127,115,107	0,1985,5604,5917,9884,11701	2	circRNA	ENSRNOT00000061884	ENSRNOT00000061884	7,6,5,4,3,2	5:13061281-13064946|5:13076754-13097037
5	29841114	29865341	circular_RNA/1	0	-	29841114	29841114	0,0,0	9	162,94,87,86,162,50,158,156,154	0,2374,3630,7358,10486,11625,15975,21582,24073	1	circRNA	ENSRNOT00000012963	ENSRNOT00000012963	10,9,8,7,6,5,4,3,2	5:29840642-29841114|5:29865341-29870083
5	29851600	29865341	circular_RNA/1	0	-	29851600	29851600	0,0,0	5	162,50,158,156,154	0,1139,5489,11096,13587	1	circRNA	ENSRNOT00000012963	ENSRNOT00000012963	6,5,4,3,2	5:29848558-29851600|5:29865341-29870083
5	35964139	35979418	circular_RNA/1	1	+	35964139	35964139	0,0,0	6	92,57,148,98,87,154	0,1559,2067,9404,13408,15125	1	circRNA	ENSRNOT00000066043	ENSRNOT00000066043	11,12,13,14,15,16	5:35961174-35964139|5:35979418-35981051
5	61762805	61763349	circular_RNA/2	1	+	61762805	61762805	0,0,0	1	544	0	2	ciRNA	ENSRNOT00000030825	ENSRNOT00000030825	19	5:61762805-61763349
5	70292287	70369574	circular_RNA/1	1	+	70292287	70292287	0,0,0	14	90,143,137,94,170,90,140,187,166,157,84,138,237,81	0,9706,33826,45728,53294,55335,58335,59358,60783,61773,63493,69946,74848,77206	1	circRNA	ENSRNOT00000083983	ENSRNOT00000083983	2,3,4,5,6,7,8,9,10,11,12,13,14,15	5:70245888-70292287|5:70369574-70371854
5	74079763	74116624	circular_RNA/1	0	-	74079763	74079763	0,0,0	6	119,203,65,34,31,110	0,2311,28059,31856,34569,36751	1	circRNA	ENSRNOT00000090366	ENSRNOT00000090366	17,16,15,14,13,12	5:74074737-74079763|5:74116624-74119455
5	74954383	74956829	circular_RNA/1	1	+	74954383	74954383	0,0,0	1	2446	0	1	circRNA	ENSRNOT00000015576	ENSRNOT00000015576	2	5:74942174-74954383|5:74956829-74972092
5	75965073	75973050	circular_RNA/1	0	-	75965073	75965073	0,0,0	6	102,173,163,135,92,223	0,1559,2145,3703,7054,7754	1	circRNA	ENSRNOT00000019959	ENSRNOT00000019959	24,23,22,21,20,19	5:75963403-75965073|5:75973050-75974063
5	76925719	76926914	circular_RNA/3	1	+	76925719	76925719	0,0,0	1	1195	0	3	circRNA	ENSRNOT00000022866	ENSRNOT00000022866	2	5:76860546-76925719|5:76926914-76984298
5	90953956	90957243	circular_RNA/1	1	+	90953956	90953956	0,0,0	2	56,109	0,3178	1	circRNA	ENSRNOT00000009083	ENSRNOT00000009083	14,15	5:90939624-90953956|5:90957243-90971811
5	101648418	101663967	circular_RNA/3	1	+	101648418	101648418	0,0,0	5	144,136,175,191,132	0,4682,7934,12324,15417	3	circRNA	ENSRNOT00000076825	ENSRNOT00000076825	2,3,4,5,6	5:101639595-101648418|None
5	105430495	105430534	circular_RNA/1	1	-	105430495	105430495	0,0,0	1	39	0	1	circRNA	ENSRNOT00000010827	ENSRNOT00000010827	2	5:105427867-105430495|5:105430534-105578878
5	106171073	106171781	circular_RNA/7	1	-	106171073	106171073	0,0,0	1	708	0	7	circRNA	ENSRNOT00000015094	ENSRNOT00000015094	3	5:106121498-106171073|5:106171781-106202419
5	106171073	106202563	circular_RNA/1	1	-	106171073	106171073	0,0,0	2	708,144	0,31346	1	circRNA	ENSRNOT00000015094	ENSRNOT00000015094	3,2	5:106121498-106171073|5:106202563-106206318
5	106607471	106684153	circular_RNA/1	0	+	106607471	106607471	0,0,0	12	51,84,118,186,122,93,89,45,109,117,239,90	0,1060,11023,17346,24758,46640,56462,61257,66849,70111,72521,76592	1	circRNA	ENSRNOT00000058387	ENSRNOT00000058387	17,18,19,20,21,22,23,24,25,26,27,28	5:106603826-106607471|5:106684153-106690289
5	113555126	113568073	circular_RNA/1	0	-	113555126	113555126	0,0,0	9	69,69,220,158,170,136,168,121,101	0,2993,7264,8187,8629,11118,11732,12640,12846	1	circRNA	ENSRNOT00000010621	ENSRNOT00000010621	11,10,9,8,7,6,5,4,3	5:113554260-113555126|5:113568073-113570646
5	122019302	122037709	circular_RNA/1	1	+	122019302	122019302	0,0,0	4	195,37,71,50	0,9972,10105,18357	1	circRNA	ENSRNOT00000008278	ENSRNOT00000008278	2,3,4,5	5:121953223-122019302|5:122037709-122100757
5	128714470	128733959	circular_RNA/1	1	-	128714470	128714470	0,0,0	9	160,105,91,51,20,5,5,48,96	0,3235,4299,15733,16985,17244,18121,18187,19393	1	circRNA	ENSRNOT00000065280	ENSRNOT00000065280	13,12,11,10,9,8,7,6,5	5:128705550-128714470|5:128733959-128767625
5	138283145	138287355	circular_RNA/2	1	+	138283145	138283145	0,0,0	4	190,132,140,90	0,1182,1929,4120	2	circRNA	ENSRNOT00000084651	ENSRNOT00000084651	3,4,5,6	5:138281959-138283145|5:138287355-138287806
5	144904224	144942704	circular_RNA/1	1	-	144904224	144904224	0,0,0	21	95,180,54,172,116,145,38,141,151,173,151,279,116,151,213,175,256,85,171,62,522	0,494,1456,3365,6097,9081,10138,10848,12221,13749,14604,15187,15833,16399,20096,20419,27719,28223,35595,36119,37958	1	circRNA	ENSRNOT00000016992	ENSRNOT00000016992	23,22,21,20,19,18,17,16,15,14,13,12,11,10,9,8,7,6,5,4,3	5:144896738-144904224|5:144942704-144969314
5	148835225	148898316	circular_RNA/1	1	+	148835225	148835225	0,0,0	15	109,179,167,271,94,102,152,139,144,297,237,268,130,129,138	0,1041,9727,12196,33043,35465,38760,41340,43324,44450,45831,56265,57583,59417,62953	1	circRNA	ENSRNOT00000015831	ENSRNOT00000015831	4,5,6,7,8,9,10,11,12,13,14,15,16,17,18	5:148818437-148835225|5:148898316-148902040
5	150850431	150872849	circular_RNA/1	1	+	150850431	150850431	0,0,0	6	102,44,80,67,137,138	0,4730,8641,11796,14982,22280	1	circRNA	ENSRNOT00000082945	ENSRNOT00000082945	2,3,4,5,6,7	5:150787174-150850431|5:150872849-150880354
5	150850431	150865550	circular_RNA/1	1	+	150850431	150850431	0,0,0	5	102,44,80,67,137	0,4730,8641,11796,14982	1	circRNA	ENSRNOT00000082945	ENSRNOT00000082945	2,3,4,5,6	5:150787174-150850431|5:150865550-150872711
5	150859072	150865550	circular_RNA/1	1	+	150859072	150859072	0,0,0	3	80,67,137	0,3155,6341	1	circRNA	ENSRNOT00000082945	ENSRNOT00000082945	4,5,6	5:150855205-150859072|5:150865550-150872711
5	150865413	150891467	circular_RNA/1	0	+	150865413	150865413	0,0,0	7	137,138,86,184,137,84,90	0,7298,14941,16353,18706,23979,25964	1	circRNA	ENSRNOT00000082945	ENSRNOT00000082945	6,7,8,9,10,11,12	5:150862294-150865413|5:150891467-150895530
5	151944768	151947717	circular_RNA/7	0	-	151944768	151944768	0,0,0	3	117,456,213	0,1378,2736	7	circRNA	ENSRNOT00000009173	ENSRNOT00000009173	4,3,2	5:151921981-151944768|5:151947717-151976770
3	13510409	13522529	circular_RNA/15	1	+	13510409	13510409	0,0,0	3	328,90,149	0,2878,11971	15	circRNA	ENSRNOT00000023889	ENSRNOT00000023889	2,3,4	3:13485352-13510409|3:13522529-13571652
3	13510409	13602354	circular_RNA/4	1	+	13510409	13510409	0,0,0	6	328,90,149,173,177,110	0,2878,11971,61243,77520,91835	4	circRNA	ENSRNOT00000023889	ENSRNOT00000023889	2,3,4,5,6,7	3:13485352-13510409|3:13602354-13645147
3	13510409	13588106	circular_RNA/1	0	+	13510409	13510409	0,0,0	5	328,90,149,173,177	0,2878,11971,61243,77520	1	circRNA	ENSRNOT00000023889	ENSRNOT00000023889	2,3,4,5,6	3:13485352-13510409|3:13588106-13602244
3	15044596	15050160	circular_RNA/2	1	+	15044596	15044596	0,0,0	4	237,202,179,889	0,1808,3533,4675	2	circRNA	ENSRNOT00000080760	ENSRNOT00000080760	9,10,11,12	3:15042609-15044596|3:15050160-15050810
3	33465219	33473531	circular_RNA/1	1	+	33465219	33465219	0,0,0	3	327,221,1209	0,2469,7103	1	circRNA	ENSRNOT00000034632	ENSRNOT00000034632	5,6,7	3:33452338-33465219|3:33473531-33491315
3	52327624	52352230	circular_RNA/1	0	-	52327624	52327624	0,0,0	23	152,87,222,158,130,60,44,43,23,14,51,61,19,35,8,75,46,12,100,85,158,123,167	0,716,1384,3083,5316,5493,5586,5712,5807,5949,6360,6509,7049,7106,7154,7649,8476,9147,10740,12443,15494,22731,24439	1	circRNA	ENSRNOT00000007832	ENSRNOT00000007832	26,25,24,23,22,21,20,19,18,17,16,15,14,13,12,11,10,9,8,7,6,5,4	3:52325363-52327624|3:52352230-52356247
3	54455978	54566332	circular_RNA/1	1	-	54455978	54455978	0,0,0	13	68,63,30,123,66,49,134,102,110,56,142,109,113	0,1928,7219,7342,53962,54144,60997,63239,63669,91267,92438,98408,110241	1	circRNA	ENSRNOT00000037133	ENSRNOT00000037133	14,13,12,11,10,9,8,7,6,5,4,3,2	3:54414158-54455978|3:54566332-54624770
3	54509940	54566332	circular_RNA/1	1	-	54509940	54509940	0,0,0	9	66,49,134,102,110,56,142,109,113	0,182,7035,9277,9707,37305,38476,44446,56279	1	circRNA	ENSRNOT00000037133	ENSRNOT00000037133	10,9,8,7,6,5,4,3,2	3:54463443-54509940|3:54566332-54624770
3	59648495	59680308	circular_RNA/1	0	-	59648495	59648495	0,0,0	3	197,193,1360	0,5415,30453	1	circRNA	ENSRNOT00000078752	ENSRNOT00000078752	5,4,3	3:59646331-59648495|3:59680308-59687513
3	59653910	59680308	circular_RNA/1	0	-	59653910	59653910	0,0,0	2	193,1360	0,25038	1	circRNA	ENSRNOT00000078752	ENSRNOT00000078752	4,3	3:59648692-59653910|3:59680308-59687513
3	64741639	64750899	circular_RNA/1	0	-	64741639	64741639	0,0,0	6	153,78,61,5,8,108	0,953,3672,7684,7758,9152	1	circRNA	ENSRNOT00000037684	ENSRNOT00000037684	15,14,13,12,11,10	3:64740028-64741639|3:64750899-64754500
3	79980436	79981164	circular_RNA/1	1	-	79980436	79980436	0,0,0	1	728	0	1	ciRNA	ENSRNOT00000017360	ENSRNOT00000017360	20	3:79980414-79981164
3	93712599	93720556	circular_RNA/1	1	-	93712599	93712599	0,0,0	9	109,156,87,53,138,83,239,87,63	0,193,542,713,2634,4143,4314,7707,7894	1	circRNA	ENSRNOT00000012428	ENSRNOT00000012428	11,10,9,8,7,6,5,4,3	3:93710858-93712599|3:93720556-93733476
3	94639630	94653706	circular_RNA/1	1	-	94639630	94639630	0,0,0	4	221,121,133,187	0,6738,7913,13889	1	circRNA	ENSRNOT00000077484	ENSRNOT00000077484	5,4,3,2	3:94636424-94639630|3:94653706-94657271
3	94710548	94724521	circular_RNA/12	0	-	94710548	94710548	0,0,0	7	153,98,138,218,134,117,326	0,2840,4663,9913,11106,11855,13647	12	circRNA	ENSRNOT00000056808	ENSRNOT00000056808	10,9,8,7,6,5,4	3:94708266-94710548|3:94724521-94736243
3	104980954	104984877	circular_RNA/7	1	+	104980954	104980954	0,0,0	8	496,35,157,23,26,21,30,166	0,580,669,1434,1699,1961,2527,3757	7	circRNA	ENSRNOT00000042103	ENSRNOT00000042103	5,6,7,8,9,10,11,12	3:104936645-104980954|3:104984877-105017126
3	111505704	111523935	circular_RNA/1	1	+	111505704	111505704	0,0,0	5	148,208,112,136,178	0,3480,8243,17161,18053	1	circRNA	ENSRNOT00000056392	ENSRNOT00000056392	3,4,5,6,7	3:111496083-111505704|3:111523935-111527668
3	112713523	112762808	circular_RNA/1	0	-	112713523	112713523	0,0,0	9	126,93,66,105,141,74,148,136,74	0,1090,3065,8693,11261,15376,38978,46758,49211	1	circRNA	ENSRNOT00000090680	ENSRNOT00000090680	10,9,8,7,6,5,4,3,2	3:112701748-112713523|3:112762808-112789177
3	113195875	113197193	circular_RNA/4	1	-	113195875	113195875	0,0,0	1	1318	0	4	circRNA	ENSRNOT00000019025	ENSRNOT00000019025	12	3:113190583-113195875|3:113197193-113202916
3	121519926	121533453	circular_RNA/1	1	+	121519926	121519926	0,0,0	4	181,120,268,137	0,3857,8937,13390	1	circRNA	ENSRNOT00000024322	ENSRNOT00000024322	2,3,4,5	3:121499603-121519926|3:121533453-121537982
3	123326059	123346073	circular_RNA/1	0	-	123326059	123326059	0,0,0	6	37,82,136,56,99,78	0,855,5841,7433,13231,19936	1	circRNA	ENSRNOT00000028842	ENSRNOT00000028842	12,11,10,9,8,7	3:123320992-123326059|3:123346073-123349722
3	146988635	146990393	circular_RNA/1	1	+	146988635	146988635	0,0,0	1	1758	0	1	ciRNA	ENSRNOT00000011654	ENSRNOT00000011654	3	3:146988635-146990924
3	163592871	163600633	circular_RNA/1	1	+	163592871	163592871	0,0,0	4	147,180,256,69	0,1135,1928,7693	1	circRNA	ENSRNOT00000010054	ENSRNOT00000010054	4,5,6,7	3:163586741-163592871|3:163600633-163603651
3	165333440	165339326	circular_RNA/2	0	-	165333440	165333440	0,0,0	2	172,1036	0,4850	2	circRNA	ENSRNOT00000065615	ENSRNOT00000065615	3,2	3:165301514-165333440|3:165339326-165360078
2	2494598	2523834	circular_RNA/1	1	+	2494598	2494598	0,0,0	9	122,164,260,125,85,571,67,172,45	0,4597,10959,19497,19884,21626,24987,28014,29191	1	circRNA	ENSRNOT00000032974	ENSRNOT00000032974	3,4,5,6,7,8,9,10,11	2:2473936-2494598|2:2523834-2523922
2	3809212	3860857	circular_RNA/1	1	+	3809212	3809212	0,0,0	9	171,131,187,94,103,103,102,75,120	0,12003,25423,30370,46789,48593,49023,49591,51525	1	circRNA	ENSRNOT00000093593	ENSRNOT00000093593	7,8,9,10,11,12,13,14,15	2:3788653-3809212|2:3860857-3947955
2	4143949	4174344	circular_RNA/1	0	-	4143949	4143949	0,0,0	10	166,129,164,159,54,135,144,144,141,163	0,934,9923,10826,11971,12899,15148,16046,16579,30232	1	circRNA	ENSRNOT00000018457	ENSRNOT00000018457	14,13,12,11,10,9,8,7,6,5	2:4116697-4143949|2:4174344-4186704
2	4252494	4272718	circular_RNA/2	1	+	4252494	4252494	0,0,0	3	132,169,670	0,16399,19554	2	circRNA	ENSRNOT00000093303	ENSRNOT00000093303	2,3,4	2:4195988-4252494|2:4272718-4326986
2	20507149	20531444	circular_RNA/7	0	+	20507149	20507149	0,0,0	3	73,62,85	0,11856,24210	7	circRNA	ENSRNOT00000021857	ENSRNOT00000021857	2,3,4	2:20431521-20507149|2:20531444-20626714
2	22950022	22964734	circular_RNA/7	1	+	22950022	22950022	0,0,0	4	157,132,93,140	0,4702,7334,14572	7	circRNA	ENSRNOT00000073871	ENSRNOT00000073871	2,3,4,5	2:22910433-22950022|2:22964734-22997105
2	23399714	23410608	circular_RNA/2	1	+	23399714	23399714	0,0,0	3	187,191,208	0,3767,10686	2	circRNA	ENSRNOT00000014860	ENSRNOT00000014860	2,3,4	2:23385545-23399714|2:23410608-23458471
2	23399714	23458715	circular_RNA/3	1	+	23399714	23399714	0,0,0	4	187,191,208,244	0,3767,10686,58757	3	circRNA	ENSRNOT00000014860	ENSRNOT00000014860	2,3,4,5	2:23385545-23399714|2:23458715-23483916
2	24125859	24161334	circular_RNA/2	0	+	24125859	24125859	0,0,0	8	177,187,131,145,154,142,73,107	0,8362,9499,14021,16573,19891,28681,35368	2	circRNA	ENSRNOT00000089599	ENSRNOT00000089599	15,16,17,18,19,20,21,22	2:24117607-24125859|2:24161334-24189343
2	28986098	29006321	circular_RNA/1	0	-	28986098	28986098	0,0,0	5	97,99,105,153,142	0,1475,8823,19843,20081	1	circRNA	ENSRNOT00000020692	ENSRNOT00000020692	8,7,6,5,4	2:28969941-28986098|2:29006321-29012762
2	30299282	30314085	circular_RNA/1	0	-	30299282	30299282	0,0,0	8	131,190,92,160,198,139,291,141	0,1481,3065,5012,10251,11377,13827,14662	1	circRNA	ENSRNOT00000024023	ENSRNOT00000024023	16,15,14,13,12,11,10,9	2:30293209-30299282|2:30314085-30319924
2	30299282	30329809	circular_RNA/2	0	-	30299282	30299282	0,0,0	12	131,190,92,160,198,139,291,141,55,95,134,132	0,1481,3065,5012,10251,11377,13827,14662,20642,25908,28428,30395	2	circRNA	ENSRNOT00000024023	ENSRNOT00000024023	16,15,14,13,12,11,10,9,8,7,6,5	2:30293209-30299282|2:30329809-30333337
2	54921902	54926986	circular_RNA/1	1	+	54921902	54921902	0,0,0	2	82,132	0,4952	1	circRNA	ENSRNOT00000017665	ENSRNOT00000017665	3,4	2:54903039-54921902|2:54926986-54938352
2	56451096	56456188	circular_RNA/2	0	+	56451096	56451096	0,0,0	3	161,115,131	0,2662,4961	2	circRNA	ENSRNOT00000016036	ENSRNOT00000016036	2,3,4	2:56426590-56451096|2:56456188-56460891
2	62170401	62204162	circular_RNA/1	1	+	62170401	62170401	0,0,0	15	283,145,219,248,192,292,197,120,146,163,206,151,142,98,96	0,1106,3879,8605,11815,12448,15289,15905,18061,21495,22575,24101,28146,32722,33665	1	circRNA	ENSRNOT00000016196	ENSRNOT00000016196	3,4,5,6,7,8,9,10,11,12,13,14,15,16,17	2:62150918-62170401|2:62204162-62208273
2	74585592	74629747	circular_RNA/1	1	+	74585592	74585592	0,0,0	3	188,254,137	0,31443,44018	1	circRNA	ENSRNOT00000014013	ENSRNOT00000014013	5,6,7	2:74569451-74585592|2:74629747-74659997
2	98582766	98586772	circular_RNA/1	1	-	98582766	98582766	0,0,0	2	425,2651	0,1355	1	circRNA	ENSRNOT00000011641	ENSRNOT00000011641	3,2	2:98510079-98582766|2:98586772-98609993
2	113229565	113322789	circular_RNA/1	1	-	113229565	113229565	0,0,0	4	291,244,77,76	0,3772,18201,93148	1	circRNA	ENSRNOT00000034096	ENSRNOT00000034096	5,4,3,2	2:113198013-113229565|2:113322789-113345440
2	116051314	116090716	circular_RNA/1	1	+	116051314	116051314	0,0,0	12	159,99,244,449,153,48,154,251,160,115,133,232	0,2233,8337,13527,14249,14681,18839,23215,30439,36654,38946,39170	1	circRNA	ENSRNOT00000089477	ENSRNOT00000089477	5,6,7,8,9,10,11,12,13,14,15,16	2:116040784-116051314|2:116090716-116095352
2	123576588	123600232	circular_RNA/1	1	+	123576588	123576588	0,0,0	9	187,82,194,80,151,157,79,92,118	0,5715,6296,8423,10109,13714,20880,22034,23526	1	circRNA	ENSRNOT00000075947	ENSRNOT00000075947	7,8,9,10,11,12,13,14,15	2:123569286-123576588|2:123600232-123614101
2	127653690	127674748	circular_RNA/2	1	+	127653690	127653690	0,0,0	11	77,152,107,134,197,99,138,126,108,120,162	0,611,1278,2877,4721,9213,11178,13855,14247,14932,20896	2	circRNA	ENSRNOT00000015474	ENSRNOT00000015474	9,10,11,12,13,14,15,16,17,18,19	2:127653544-127653690|2:127674748-127676260
2	128562841	128626488	circular_RNA/2	1	-	128562841	128562841	0,0,0	12	197,193,146,75,72,99,178,92,91,71,66,123	0,6453,11779,14347,17614,22542,27570,36253,40092,56232,61764,63524	2	circRNA	ENSRNOT00000019256	ENSRNOT00000019256	18,17,16,15,14,13,12,11,10,9,8,7	2:128528306-128562841|2:128626488-128636506
2	128619073	128668115	circular_RNA/2	0	-	128619073	128619073	0,0,0	8	71,66,123,136,56,73,59,68	0,5532,7292,17433,23706,34140,34701,48974	2	circRNA	ENSRNOT00000019256	ENSRNOT00000019256	9,8,7,6,5,4,3,2	2:128603024-128619073|2:128668115-128675167
2	165604315	165604990	circular_RNA/2	1	+	165604315	165604315	0,0,0	1	675	0	2	ciRNA	ENSRNOT00000013931	ENSRNOT00000013931	4	2:165604315-165605657
2	187048485	187051162	circular_RNA/1	1	+	187048485	187048485	0,0,0	4	50,58,179,72	0,709,1624,2605	1	circRNA	ENSRNOT00000091336	ENSRNOT00000091336	6,7,8,9	2:187046781-187048485|2:187051162-187061114
2	187240710	187246451	circular_RNA/1	0	-	187240710	187240710	0,0,0	3	96,567,48	0,2867,5693	1	circRNA	ENSRNOT00000017735	ENSRNOT00000017735	5,4,3	2:187236159-187240710|2:187246451-187257281
2	188163292	188192757	circular_RNA/1	0	+	188163292	188163292	0,0,0	11	120,171,193,102,45,11,116,199,87,169,145	0,492,5364,10660,11564,21220,21236,25465,26081,28116,29320	1	circRNA	ENSRNOT00000056789	ENSRNOT00000056789	9,10,11,12,13,14,15,16,17,18,19	2:188162181-188163292|2:188192757-188194306
2	188269008	188286112	circular_RNA/1	1	+	188269008	188269008	0,0,0	2	516,4558	0,12546	1	circRNA	ENSRNOT00000027629	ENSRNOT00000027629	2,3	2:188253535-188269008|2:188286112-188301022
2	188301022	188330330	circular_RNA/1	1	+	188301022	188301022	0,0,0	4	102,736,180,95	0,7278,25808,29213	1	circRNA	ENSRNOT00000027629	ENSRNOT00000027629	4,5,6,7	2:188286112-188301022|2:188330330-188337237
2	189364001	189369293	circular_RNA/1	1	-	189364001	189364001	0,0,0	5	55,190,173,278,199	0,747,2723,3066,5093	1	circRNA	ENSRNOT00000024364	ENSRNOT00000024364	17,16,15,14,13	2:189362600-189364001|2:189369293-189373839
2	189723523	189729005	circular_RNA/6	1	+	189723523	189723523	0,0,0	4	132,171,316,203	0,1472,2368,5279	6	circRNA	ENSRNOT00000021502	ENSRNOT00000021502	5,6,7,8	2:189722569-189723523|2:189729005-189730278
2	189723523	189726207	circular_RNA/1	1	+	189723523	189723523	0,0,0	3	132,171,316	0,1472,2368	1	circRNA	ENSRNOT00000021502	ENSRNOT00000021502	5,6,7	2:189722569-189723523|2:189726207-189728802
2	195743212	195795666	circular_RNA/1	1	-	195743212	195743212	0,0,0	10	60,129,150,90,164,79,105,65,193,232	0,685,1276,8690,17866,19014,25627,30052,32612,52222	1	circRNA	ENSRNOT00000028389	ENSRNOT00000028389	11,10,9,8,7,6,5,4,3,2	2:195743108-195743212|2:195795666-195821183
2	202941207	202998292	circular_RNA/1	1	-	202941207	202941207	0,0,0	9	94,124,95,81,119,52,24,18,256	0,3064,29592,45113,47427,53346,53400,53426,56829	1	circRNA	ENSRNOT00000067000	ENSRNOT00000067000	10,9,8,7,6,5,4,3,2	2:202914789-202941207|2:202998292-203043182
2	206956637	206976810	circular_RNA/1	1	-	206956637	206956637	0,0,0	10	69,72,81,144,144,144,144,135,75,66	0,327,2151,8283,8620,9155,9427,16874,17262,20107	1	circRNA	ENSRNOT00000027042	ENSRNOT00000027042	11,10,9,8,7,6,5,4,3,2	2:206944786-206956637|2:206976810-206997078
2	209143855	209152642	circular_RNA/1	1	-	209143855	209143855	0,0,0	3	142,148,407	0,2258,8380	1	circRNA	ENSRNOT00000036551	ENSRNOT00000036551	4,3,2	2:209127981-209143855|2:209152642-209160491
2	223285166	223304322	circular_RNA/13	0	-	223285166	223285166	0,0,0	6	196,111,165,144,173,76	0,7032,7230,10776,11644,19080	13	circRNA	ENSRNOT00000015036	ENSRNOT00000015036	8,7,6,5,4,3	2:223269129-223285166|2:223304322-223320873
2	248779401	248811031	circular_RNA/1	1	-	248779401	248779401	0,0,0	5	214,146,118,155,301	0,304,1625,9945,31329	1	circRNA	ENSRNOT00000031748	ENSRNOT00000031748	6,5,4,3,2	2:248771346-248779401|2:248811031-248840331
2	256682925	256683075	circular_RNA/1	1	+	256682925	256682925	0,0,0	1	150	0	1	circRNA	ENSRNOT00000047564	ENSRNOT00000047564	4	2:256680189-256682925|2:256683075-256683441
2	264871215	264885562	circular_RNA/1	1	+	264871215	264871215	0,0,0	8	130,124,143,173,88,46,109,108	0,4878,8281,9377,11661,11864,12629,14239	1	circRNA	ENSRNOT00000015434	ENSRNOT00000015434	4,5,6,7,8,9,10,11	2:264869265-264871215|2:264885562-264888142
6	3300143	3338990	circular_RNA/3	0	-	3300143	3300143	0,0,0	16	80,85,42,113,160,43,54,39,59,59,79,111,82,63,132,73	0,2190,3745,4152,5248,6695,8964,9224,14579,24031,28348,33295,33490,33653,33842,38774	3	circRNA	ENSRNOT00000010366	ENSRNOT00000010366	23,22,21,20,19,18,17,16,15,14,13,12,11,10,9,8	6:3296751-3300143|6:3338990-3340496
6	3333438	3373066	circular_RNA/1	1	-	3333438	3333438	0,0,0	11	111,82,63,132,73,43,48,56,65,91,58	0,195,358,547,5479,7058,9894,10667,11915,21809,39570	1	circRNA	ENSRNOT00000010366	ENSRNOT00000010366	12,11,10,9,8,7,6,5,4,3,2	6:3328570-3333438|6:3373066-3444288
6	14086928	14490352	circular_RNA/1	1	-	14086928	14086928	0,0,0	7	172,182,120,174,191,382,123	0,155205,363163,370762,393561,394879,403301	1	circRNA	ENSRNOT00000071402	ENSRNOT00000071402	10,9,8,7,6,5,4	6:14056948-14086928|6:14490352-14513632
6	14242133	14490352	circular_RNA/1	1	-	14242133	14242133	0,0,0	6	182,120,174,191,382,123	0,207958,215557,238356,239674,248096	1	circRNA	ENSRNOT00000071402	ENSRNOT00000071402	9,8,7,6,5,4	6:14087100-14242133|6:14490352-14513632
6	14450091	14490352	circular_RNA/11	1	-	14450091	14450091	0,0,0	5	120,174,191,382,123	0,7599,30398,31716,40138	11	circRNA	ENSRNOT00000071402	ENSRNOT00000071402	8,7,6,5,4	6:14242315-14450091|6:14490352-14513632
6	28022405	28051704	circular_RNA/4	1	+	28022405	28022405	0,0,0	4	86,155,106,167	0,19168,26306,29132	4	circRNA	ENSRNOT00000077830	ENSRNOT00000077830	5,6,7,8	6:28004718-28022405|6:28051704-28084524
6	29032001	29106327	circular_RNA/1	1	+	29032001	29032001	0,0,0	17	152,50,154,103,109,117,76,99,112,116,175,89,160,91,312,133,187	0,1798,2239,3945,5148,6259,11819,14654,17746,20268,20806,23751,29487,33088,37731,42570,74139	1	circRNA	ENSRNOT00000079077	ENSRNOT00000079077	2,3,4,5,6,7,8,9,10,11,12,13,14,15,16,17,18	6:29012496-29032001|6:29106327-29119598
6	29032001	29038377	circular_RNA/1	1	+	29032001	29032001	0,0,0	6	152,48,154,103,109,117	0,1798,2239,3945,5148,6259	1	circRNA	ENSRNOT00000085612	ENSRNOT00000085612	2,3,4,5,6,7	6:29012496-29032001|6:29038377-29043820
6	29032001	29049859	circular_RNA/1	0	+	29032001	29032001	0,0,0	9	152,48,154,103,109,117,76,99,112	0,1798,2239,3945,5148,6259,11819,14654,17746	1	circRNA	ENSRNOT00000085612	ENSRNOT00000085612	2,3,4,5,6,7,8,9,10	6:29012496-29032001|6:29049859-29052269
6	29032001	29074704	circular_RNA/2	0	+	29032001	29032001	0,0,0	16	152,50,154,103,109,117,76,99,112,116,175,89,160,91,312,133	0,1798,2239,3945,5148,6259,11819,14654,17746,20268,20806,23751,29487,33088,37731,42570	2	circRNA	ENSRNOT00000079077	ENSRNOT00000079077	2,3,4,5,6,7,8,9,10,11,12,13,14,15,16,17	6:29012496-29032001|6:29074704-29106140
6	30143041	30175288	circular_RNA/1	0	-	30143041	30143041	0,0,0	17	206,145,176,98,137,137,81,140,88,141,150,99,263,86,138,64,140	0,3192,3610,7220,8247,12042,20504,21713,24890,26173,27159,28309,28507,29766,30251,30876,32107	1	circRNA	ENSRNOT00000074150	ENSRNOT00000074150	23,22,21,20,19,18,17,16,15,14,13,12,11,10,9,8,7	6:30141480-30143041|6:30175288-30175978
6	42257966	42281043	circular_RNA/3	1	+	42257966	42257966	0,0,0	22	61,12,80,49,136,92,247,107,160,161,185,70,104,187,94,95,180,169,71,89,79,262	0,837,2838,3056,3701,3922,4221,4980,6818,10131,10622,11505,13213,13580,16288,16471,17899,18226,20103,20729,21276,22815	3	circRNA	ENSRNOT00000006403	ENSRNOT00000006403	12,13,14,15,16,17,18,19,20,21,22,23,24,25,26,27,28,29,30,31,32,33	6:42256432-42257966|6:42281043-42281129
6	57744429	57769491	circular_RNA/1	1	+	57744429	57744429	0,0,0	7	50,75,120,118,89,117,99	0,2953,5992,14104,16683,16851,24963	1	circRNA	ENSRNOT00000063874	ENSRNOT00000063874	7,8,9,10,11,12,13	6:57739022-57744429|6:57769491-57791483
6	60259838	60266251	circular_RNA/2	0	-	60259838	60259838	0,0,0	3	133,111,92	0,825,6321	2	circRNA	ENSRNOT00000072872	ENSRNOT00000072872	7,6,5	6:60252905-60259838|6:60266251-60292857
6	73357939	73361828	circular_RNA/3	1	+	73357939	73357939	0,0,0	1	3889	0	3	circRNA	ENSRNOT00000088378	ENSRNOT00000088378	2	6:73345512-73357939|6:73361828-73385740
6	76487879	76492176	circular_RNA/3	0	-	76487879	76487879	0,0,0	2	72,862	0,3435	3	circRNA	ENSRNOT00000010824	ENSRNOT00000010824	31,30	6:76461552-76487879|6:76492176-76500537
6	76491314	76492176	circular_RNA/1	0	-	76491314	76491314	0,0,0	1	862	0	1	circRNA	ENSRNOT00000010824	ENSRNOT00000010824	30	6:76487951-76491314|6:76492176-76500537
6	86824942	86843095	circular_RNA/2	1	+	86824942	86824942	0,0,0	8	173,78,159,132,133,129,87,185	0,5090,9781,11551,13859,15886,17111,17968	2	circRNA	ENSRNOT00000086081	ENSRNOT00000086081	2,3,4,5,6,7,8,9	6:86824253-86824942|6:86843095-86844528
6	108638357	108643770	circular_RNA/1	1	-	108638357	108638357	0,0,0	5	90,59,130,126,180	0,2681,2818,4656,5233	1	circRNA	ENSRNOT00000006240	ENSRNOT00000006240	16,15,14,13,12	6:108637947-108638357|6:108643770-108644945
6	108657222	108667698	circular_RNA/1	1	-	108657222	108657222	0,0,0	4	238,227,61,314	0,1647,2751,10162	1	circRNA	ENSRNOT00000086545	ENSRNOT00000086545	5,4,3,2	6:108652583-108657222|6:108667698-108795938
6	108857236	108859351	circular_RNA/1	1	+	108857236	108857236	0,0,0	1	2115	0	1	circRNA	ENSRNOT00000089683	ENSRNOT00000089683	9	6:108841020-108857236|6:108859351-108862382
6	108862382	108876246	circular_RNA/1	0	+	108862382	108862382	0,0,0	11	118,421,93,184,119,155,63,120,177,84,84	0,5475,6712,7021,7825,9260,12330,12652,13193,13445,13780	1	circRNA	ENSRNOT00000089683	ENSRNOT00000089683	10,11,12,13,14,15,16,17,18,19,20	6:108859351-108862382|6:108876246-108883836
6	115328219	115349849	circular_RNA/2	0	-	115328219	115328219	0,0,0	7	90,321,134,76,68,205,102	0,3795,4366,5754,7856,10431,21528	2	circRNA	ENSRNOT00000005873	ENSRNOT00000005873	8,7,6,5,4,3,2	6:115324987-115328219|6:115349849-115352629
6	124386600	124420161	circular_RNA/1	0	-	124386600	124386600	0,0,0	10	161,73,11,30,11,118,105,84,138,64	0,2747,8902,8915,8947,11449,13253,14267,29959,33497	1	circRNA	ENSRNOT00000037902	ENSRNOT00000037902	11,10,9,8,7,6,5,4,3,2	6:124370770-124386600|6:124420161-124429528
6	129641474	129657575	circular_RNA/1	1	+	129641474	129641474	0,0,0	9	54,120,110,122,143,101,221,63,75	0,529,2237,5369,8325,9908,10531,14452,16026	1	circRNA	ENSRNOT00000064957	ENSRNOT00000064957	13,14,15,16,17,18,19,20,21	6:129636485-129641474|6:129657575-129659813
6	136059671	136084622	circular_RNA/1	1	+	136059671	136059671	0,0,0	4	192,54,49,66	0,12159,21902,24885	1	circRNA	ENSRNOT00000014395	ENSRNOT00000014395	2,3,4,5	6:136041906-136059671|6:136084622-136091073
6	144343081	144347969	circular_RNA/1	1	+	144343081	144343081	0,0,0	3	104,101,100	0,2941,4788	1	circRNA	ENSRNOT00000035255	ENSRNOT00000035255	26,27,28	6:144339745-144343081|6:144347969-144360261
9	1442053	1485363	circular_RNA/1	0	+	1442053	1442053	0,0,0	9	109,90,75,68,103,89,51,70,173	0,1472,1650,4013,31593,40122,41506,41660,43137	1	circRNA	ENSRNOT00000014171	ENSRNOT00000014171	5,6,7,8,9,10,11,12,13	9:1363362-1442053|9:1485363-1545229
9	1875551	1880538	circular_RNA/2	1	-	1875551	1875551	0,0,0	2	204,2487	0,2500	2	circRNA	ENSRNOT00000018146	ENSRNOT00000018146	4,3	9:1816060-1875551|9:1880538-1983866
9	31330351	31342685	circular_RNA/1	0	-	31330351	31330351	0,0,0	6	172,99,86,67,70,151	0,500,5640,8222,10557,12183	1	circRNA	ENSRNOT00000016194	ENSRNOT00000016194	24,23,22,21,20,19	9:31317636-31330351|9:31342685-31437019
9	31620317	31693992	circular_RNA/1	0	-	31620317	31620317	0,0,0	6	103,76,150,109,69,195	0,11182,12143,37055,40478,73480	1	circRNA	ENSRNOT00000016194	ENSRNOT00000016194	14,13,12,11,10,9	9:31604311-31620317|9:31693992-31710855
9	38321691	38326937	circular_RNA/1	1	+	38321691	38321691	0,0,0	2	217,178	0,5068	1	circRNA	ENSRNOT00000078157	ENSRNOT00000078157	2,3	9:38297423-38321691|9:38326937-38342830
9	41309608	41321601	circular_RNA/1	0	-	41309608	41309608	0,0,0	4	130,178,143,81	0,1425,1699,11912	1	circRNA	ENSRNOT00000039480	ENSRNOT00000039480	6,5,4,3	9:41308819-41309608|9:41321601-41331502
9	53129624	53155776	circular_RNA/1	1	+	53129624	53129624	0,0,0	4	138,183,103,164	0,4480,12511,25988	1	circRNA	ENSRNOT00000043714	ENSRNOT00000043714	2,3,4,5	9:53120733-53129624|9:53155776-53182041
9	53459781	53465082	circular_RNA/1	1	-	53459781	53459781	0,0,0	4	82,59,87,146	0,766,2859,5155	1	circRNA	ENSRNOT00000040650	ENSRNOT00000040650	11,10,9,8	9:53446907-53459781|9:53465082-53475011
9	53646696	53648288	circular_RNA/1	1	+	53646696	53646696	0,0,0	1	1592	0	1	circRNA	ENSRNOT00000031267	ENSRNOT00000031267	3	9:53627021-53646696|9:53648288-53678092
9	67242045	67257543	circular_RNA/1	1	+	67242045	67242045	0,0,0	5	177,98,147,122,159	0,6521,9802,10558,15339	1	circRNA	ENSRNOT00000050179	ENSRNOT00000050179	3,4,5,6,7	9:67234748-67242045|9:67257543-67277165
9	75051554	75178736	circular_RNA/1	1	-	75051554	75051554	0,0,0	6	171,98,147,76,156,186	0,1879,4226,6966,9084,126996	1	circRNA	ENSRNOT00000019283	ENSRNOT00000019283	24,23,22,21,20,19	9:75025470-75051554|9:75178736-75222545
9	84341631	84374600	circular_RNA/1	0	-	84341631	84341631	0,0,0	14	156,118,93,81,208,62,52,62,71,109,151,116,70,155	0,11943,15811,19368,19895,20353,21982,23101,24409,26311,27543,29022,30989,32814	1	circRNA	ENSRNOT00000019685	ENSRNOT00000019685	16,15,14,13,12,11,10,9,8,7,6,5,4,3	9:84324989-84341631|9:84374600-84376716
9	86321839	86360965	circular_RNA/1	0	-	86321839	86321839	0,0,0	23	211,147,114,123,107,99,58,216,111,183,138,113,125,102,48,67,115,122,112,117,176,45,97	0,2780,10546,10797,13097,14939,15339,16763,17804,18910,20415,23058,24029,26393,27703,27976,28142,28356,29123,30850,31091,37390,39029	1	circRNA	ENSRNOT00000091881	ENSRNOT00000091881	48,47,46,45,44,43,42,41,40,39,38,37,36,35,34,33,32,31,30,29,28,27,26	9:86319948-86321839|9:86360965-86362682
9	87026768	87027857	circular_RNA/2	0	+	87026768	87026768	0,0,0	1	1089	0	2	circRNA	ENSRNOT00000041337	ENSRNOT00000041337	5	9:86983188-87026768|9:87027857-87054679
9	94463646	94481167	circular_RNA/1	1	+	94463646	94463646	0,0,0	5	130,96,115,112,41	0,1057,11048,16482,17480	1	circRNA	ENSRNOT00000064965	ENSRNOT00000064965	4,5,6,7,8	9:94453653-94463646|9:94481167-94490103
9	94463646	94474809	circular_RNA/5	1	+	94463646	94463646	0,0,0	3	130,96,115	0,1057,11048	5	circRNA	ENSRNOT00000064965	ENSRNOT00000064965	4,5,6	9:94453653-94463646|9:94474809-94480128
9	94463646	94504892	circular_RNA/1	1	+	94463646	94463646	0,0,0	6	130,96,115,112,41,180	0,1057,11048,16482,17480,41066	1	circRNA	ENSRNOT00000076099	ENSRNOT00000076099	4,5,6,7,8,9	9:94453653-94463646|9:94504892-94508096
9	115079509	115109175	circular_RNA/1	0	-	115079509	115079509	0,0,0	4	133,75,37,274	0,21658,28386,29392	1	circRNA	ENSRNOT00000056366	ENSRNOT00000056366	15,14,13,12	9:114998842-115079509|9:115109175-115127857
9	119105073	119110137	circular_RNA/1	1	+	119105073	119105073	0,0,0	2	371,92	0,4972	1	circRNA	ENSRNOT00000022351	ENSRNOT00000022351	8,9	9:119051652-119105073|9:119110137-119126800
9	119694337	119706127	circular_RNA/1	1	-	119694337	119694337	0,0,0	10	71,110,191,123,86,120,127,153,132,88	0,211,1967,2784,4119,6185,6454,10609,11016,11702	1	circRNA	ENSRNOT00000019359	ENSRNOT00000019359	45,44,43,42,41,40,39,38,37,36	9:119685057-119694337|9:119706127-119712323
9	119750464	119765191	circular_RNA/1	1	-	119750464	119750464	0,0,0	4	145,120,78,114	0,9399,9921,14613	1	circRNA	ENSRNOT00000019359	ENSRNOT00000019359	20,19,18,17	9:119739365-119750464|9:119765191-119766689
9	121831707	121862897	circular_RNA/2	1	+	121831707	121831707	0,0,0	10	273,100,99,104,150,156,180,77,154,132	0,4553,7848,8838,9033,11156,11474,23258,24770,31058	2	circRNA	ENSRNOT00000086534	ENSRNOT00000086534	2,3,4,5,6,7,8,9,10,11	9:121802867-121831707|9:121862897-121899217
11	34060061	34073206	circular_RNA/1	1	+	34060061	34060061	0,0,0	8	73,133,215,148,148,129,120,98	0,3027,3986,5825,7654,10620,11357,13047	1	circRNA	ENSRNOT00000076473	ENSRNOT00000076473	2,3,4,5,6,7,8,9	11:34052168-34060061|11:34073206-34078488
11	34612626	34631134	circular_RNA/1	1	+	34612626	34612626	0,0,0	10	155,43,151,88,54,121,86,95,63,55	0,433,872,1425,3475,4203,6236,7754,8814,18453	1	circRNA	ENSRNOT00000065600	ENSRNOT00000065600	2,3,4,5,6,7,8,9,10,11	11:34598537-34612626|11:34631134-34636145
11	34612626	34639821	circular_RNA/1	0	+	34612626	34612626	0,0,0	14	155,43,151,88,54,121,86,95,63,55,163,46,127,64	0,433,872,1425,3475,4203,6236,7754,8814,18453,23519,24654,25903,27131	1	circRNA	ENSRNOT00000065600	ENSRNOT00000065600	2,3,4,5,6,7,8,9,10,11,12,13,14,15	11:34598537-34612626|11:34639821-34643702
11	34631079	34695583	circular_RNA/1	1	+	34631079	34631079	0,0,0	24	55,163,46,127,64,61,85,135,81,113,121,123,102,93,65,137,327,252,47,57,71,165,1024,66	0,5066,6201,7450,8678,12623,12916,14980,15768,18427,20036,21911,23053,24174,24826,26014,27587,30171,30907,31904,33296,37011,62205,64438	1	circRNA	ENSRNOT00000065600	ENSRNOT00000065600	11,12,13,14,15,16,17,18,19,20,21,22,23,24,25,26,27,28,29,30,31,32,33,34	11:34621503-34631079|11:34695583-34718958
11	51049295	51068978	circular_RNA/1	1	-	51049295	51049295	0,0,0	6	120,141,132,98,147,95	0,5295,7962,8210,11122,19588	1	circRNA	ENSRNOT00000077220	ENSRNOT00000077220	18,17,16,15,14,13	11:51040978-51049295|11:51068978-51075916
11	62059610	62338619	circular_RNA/1	0	-	62059610	62059610	0,0,0	6	188,164,49,100,40,48	0,553,5943,7945,112704,278961	1	circRNA	ENSRNOT00000081443	ENSRNOT00000081443	7,6,5,4,3,2	11:62027825-62059610|11:62338619-62451075
11	71056740	71074618	circular_RNA/2	0	-	71056740	71056740	0,0,0	5	110,137,106,127,145	0,2261,13005,16059,17733	2	circRNA	ENSRNOT00000051989	ENSRNOT00000051989	6,5,4,3,2	11:71047468-71056740|11:71074618-71107934
10	7010964	7011438	circular_RNA/1	1	+	7010964	7010964	0,0,0	1	474	0	1	ciRNA	ENSRNOT00000046232	ENSRNOT00000046232	16	10:7010964-7011438
10	16706377	16730140	circular_RNA/1	0	-	16706377	16706377	0,0,0	7	123,74,190,195,1090,126,195	0,1205,3612,5495,17684,21358,23568	1	circRNA	ENSRNOT00000079462	ENSRNOT00000079462	8,7,6,5,4,3,2	10:16699206-16706377|10:16730140-16752154
10	16724061	16727861	circular_RNA/1	0	-	16724061	16724061	0,0,0	2	1090,126	0,3674	1	circRNA	ENSRNOT00000079462	ENSRNOT00000079462	4,3	10:16712067-16724061|10:16727861-16729945
10	16724061	16730140	circular_RNA/26	0	-	16724061	16724061	0,0,0	3	1090,126,195	0,3674,5884	26	circRNA	ENSRNOT00000079462	ENSRNOT00000079462	4,3,2	10:16712067-16724061|10:16730140-16752154
10	18082170	18089356	circular_RNA/1	1	-	18082170	18082170	0,0,0	9	75,102,84,58,62,107,94,120,80	0,1848,2606,3000,5725,5901,6411,6704,7106	1	circRNA	ENSRNOT00000006591	ENSRNOT00000006591	10,9,8,7,6,5,4,3,2	10:18081295-18082170|10:18089356-18090799
10	18170473	18224167	circular_RNA/1	1	-	18170473	18170473	0,0,0	7	167,139,215,83,108,89,104	0,17219,18770,38274,40742,48202,53590	1	circRNA	ENSRNOT00000080021	ENSRNOT00000080021	26,25,24,23,22,21,20	10:18146612-18170473|10:18224167-18238461
10	18359719	18402658	circular_RNA/1	1	-	18359719	18359719	0,0,0	6	136,106,194,173,147,120	0,11677,36828,39881,40839,42819	1	circRNA	ENSRNOT00000080021	ENSRNOT00000080021	14,13,12,11,10,9	10:18258433-18359719|10:18402658-18405825
10	18396547	18435415	circular_RNA/1	0	-	18396547	18396547	0,0,0	11	194,173,147,120,74,166,105,66,167,91,147	0,3053,4011,5991,9278,11821,13662,19014,28179,34276,38721	1	circRNA	ENSRNOT00000080021	ENSRNOT00000080021	12,11,10,9,8,7,6,5,4,3,2	10:18371502-18396547|10:18435415-18443890
10	29318808	29319752	circular_RNA/5	1	+	29318808	29318808	0,0,0	1	944	0	5	circRNA	ENSRNOT00000067013	ENSRNOT00000067013	2	10:29289736-29318808|10:29319752-29330336
10	37158163	37172772	circular_RNA/1	1	-	37158163	37158163	0,0,0	7	111,174,159,121,207,56,119	0,4882,6044,7903,9236,10504,14490	1	circRNA	ENSRNOT00000090475	ENSRNOT00000090475	17,16,15,14,13,12,11	10:37156337-37158163|10:37172772-37175453
10	37167399	37185721	circular_RNA/1	1	-	37167399	37167399	0,0,0	10	207,56,119,113,110,127,103,173,158,75	0,1268,5254,8054,10835,13538,15942,17206,17570,18247	1	circRNA	ENSRNOT00000090475	ENSRNOT00000090475	13,12,11,10,9,8,7,6,5,4	10:37166187-37167399|10:37185721-37188088
10	48188214	48200848	circular_RNA/1	0	-	48188214	48188214	0,0,0	4	99,558,183,48	0,4966,6145,12586	1	circRNA	ENSRNOT00000003871	ENSRNOT00000003871	5,4,3,2	10:48183177-48188214|10:48200848-48209822
10	48433395	48438287	circular_RNA/1	1	+	48433395	48433395	0,0,0	3	208,74,179	0,4318,4713	1	circRNA	ENSRNOT00000080682	ENSRNOT00000080682	5,6,7	10:48419844-48433395|10:48438287-48452000
10	57508984	57527668	circular_RNA/1	1	+	57508984	57508984	0,0,0	4	129,204,161,120	0,8695,11047,18564	1	circRNA	ENSRNOT00000041443	ENSRNOT00000041443	2,3,4,5	10:57462526-57508984|10:57527668-57535288
10	57508984	57575735	circular_RNA/1	1	+	57508984	57508984	0,0,0	15	129,204,161,120,136,179,132,468,105,117,99,141,190,56,99	0,8695,11047,18564,26304,29144,32368,40467,42360,44056,48583,54561,63676,64394,66652	1	circRNA	ENSRNOT00000041443	ENSRNOT00000041443	2,3,4,5,6,7,8,9,10,11,12,13,14,15,16	10:57462526-57508984|10:57575735-57578498
10	61461419	61498597	circular_RNA/1	1	-	61461419	61461419	0,0,0	9	157,102,229,103,169,207,75,85,209	0,3266,4552,5518,6482,15429,22100,22409,36969	1	circRNA	ENSRNOT00000092712	ENSRNOT00000092712	10,9,8,7,6,5,4,3,2	10:61459923-61461419|10:61498597-61576287
10	65854798	65896816	circular_RNA/1	1	-	65854798	65854798	0,0,0	6	102,210,86,107,56,130	0,3022,6497,8048,32278,41888	1	circRNA	ENSRNOT00000011726	ENSRNOT00000011726	7,6,5,4,3,2	10:65847804-65854798|10:65896816-65962285
10	66732461	66744666	circular_RNA/1	1	+	66732461	66732461	0,0,0	4	144,84,191,107	0,2355,5622,12098	1	circRNA	ENSRNOT00000046262	ENSRNOT00000046262	2,3,4,5	10:66690156-66732461|10:66744666-66755139
10	73833112	73839330	circular_RNA/1	1	-	73833112	73833112	0,0,0	6	63,108,91,91,101,58	0,883,1759,2005,4671,6160	1	circRNA	ENSRNOT00000005226	ENSRNOT00000005226	11,10,9,8,7,6	10:73832847-73833112|10:73839330-73841503
10	81192854	81295433	circular_RNA/3	1	+	81192854	81192854	0,0,0	5	186,96,73,155,175	0,80888,85039,100317,102404	3	circRNA	ENSRNOT00000075163	ENSRNOT00000075163	4,5,6,7,8	10:81004971-81192854|10:81295433-81296343
10	86165687	86195240	circular_RNA/1	1	+	86165687	86165687	0,0,0	8	876,177,140,171,190,57,102,78	0,10274,12648,14182,18603,23200,24202,29475	1	circRNA	ENSRNOT00000082668	ENSRNOT00000082668	2,3,4,5,6,7,8,9	10:86158849-86165687|10:86195240-86199506
10	86175961	86195240	circular_RNA/1	1	+	86175961	86175961	0,0,0	7	177,140,171,190,57,102,78	0,2374,3908,8329,12926,13928,19201	1	circRNA	ENSRNOT00000082668	ENSRNOT00000082668	3,4,5,6,7,8,9	10:86166563-86175961|10:86195240-86199506
10	91902764	91935180	circular_RNA/1	1	-	91902764	91902764	0,0,0	9	80,67,134,157,96,188,75,166,200	0,1630,10540,13700,14534,22714,23170,23718,32216	1	circRNA	ENSRNOT00000006361	ENSRNOT00000006361	17,16,15,14,13,12,11,10,9	10:91884819-91902764|10:91935180-91965973
10	93943748	94034429	circular_RNA/1	1	+	93943748	93943748	0,0,0	7	111,149,187,264,126,282,134	0,18860,23392,52573,68065,85495,90547	1	circRNA	ENSRNOT00000081937	ENSRNOT00000081937	5,6,7,8,9,10,11	10:93901383-93943748|10:94034429-94048026
10	95834182	95842303	circular_RNA/1	1	+	95834182	95834182	0,0,0	3	268,334,131	0,6880,7990	1	circRNA	ENSRNOT00000030300	ENSRNOT00000030300	11,12,13	10:95824793-95834182|10:95842303-95847282
13	25672723	25691066	circular_RNA/1	1	+	25672723	25672723	0,0,0	9	90,72,56,114,204,92,300,76,96	0,8570,8750,8899,13543,13849,14511,17142,18247	1	circRNA	ENSRNOT00000020892	ENSRNOT00000020892	2,3,4,5,6,7,8,9,10	13:25657747-25672723|13:25691066-25699261
13	35769418	35784163	circular_RNA/1	1	-	35769418	35769418	0,0,0	5	89,88,121,53,45	0,4079,13768,14163,14700	1	circRNA	ENSRNOT00000003568	ENSRNOT00000003568	10,9,8,7,6	13:35752228-35769418|13:35784163-35789304
13	44883081	44935059	circular_RNA/1	1	+	44883081	44883081	0,0,0	17	115,79,60,141,109,96,38,51,227,255,152,102,291,124,155,152,104	0,986,6561,6704,10381,10585,13007,13128,13279,15738,18034,21937,24731,28184,42405,47249,51874	1	circRNA	ENSRNOT00000005372	ENSRNOT00000005372	6,7,8,9,10,11,12,13,14,15,16,17,18,19,20,21,22	13:44877935-44883081|13:44935059-44937623
13	44905018	44937796	circular_RNA/2	1	+	44905018	44905018	0,0,0	7	102,291,124,155,152,104,173	0,2794,6247,20468,25312,29937,32605	2	circRNA	ENSRNOT00000005372	ENSRNOT00000005372	17,18,19,20,21,22,23	13:44901267-44905018|13:44937796-44944389
13	49803677	49821193	circular_RNA/1	0	-	49803677	49803677	0,0,0	7	161,100,68,56,134,78,111	0,2189,3059,8194,9658,11016,17405	1	circRNA	ENSRNOT00000012984	ENSRNOT00000012984	8,7,6,5,4,3,2	13:49798965-49803677|13:49821193-49828641
13	56114437	56183125	circular_RNA/1	1	+	56114437	56114437	0,0,0	9	70,81,54,111,101,46,102,126,102	0,823,7147,14948,36996,42614,47181,58609,68586	1	circRNA	ENSRNOT00000043907	ENSRNOT00000043907	6,7,8,9,10,11,12,13,14	13:56098861-56114437|13:56183125-56204220
13	60591301	60591406	circular_RNA/1	0	+	60591301	60591301	0,0,0	1	105	0	1	circRNA	ENSRNOT00000077153	ENSRNOT00000077153	5	13:60591221-60591301|13:60591406-60591486
13	73615096	73622224	circular_RNA/3	1	-	73615096	73615096	0,0,0	5	617,160,112,47,86	0,2924,4276,5473,7042	3	circRNA	ENSRNOT00000005195	ENSRNOT00000005195	6,5,4,3,2	13:73588335-73615096|13:73622224-73637713
13	83616628	83660292	circular_RNA/1	1	-	83616628	83616628	0,0,0	11	60,174,258,120,94,215,136,114,186,93,62	0,7612,17634,19499,21332,26808,32159,34456,37127,38776,43602	1	circRNA	ENSRNOT00000004199	ENSRNOT00000004199	12,11,10,9,8,7,6,5,4,3,2	13:83607039-83616628|13:83660292-83680030
13	89211388	89229970	circular_RNA/1	0	-	89211388	89211388	0,0,0	6	221,204,127,101,88,77	0,8185,9181,14084,17051,18505	1	circRNA	ENSRNOT00000029202	ENSRNOT00000029202	7,6,5,4,3,2	13:89196798-89211388|13:89229970-89242338
13	94898231	94940332	circular_RNA/3	1	+	94898231	94898231	0,0,0	11	153,83,114,126,141,65,189,139,153,135,117	0,1490,4187,6399,11458,15200,15550,23513,32676,38730,41984	3	circRNA	ENSRNOT00000077995	ENSRNOT00000077995	2,3,4,5,6,7,8,9,10,11,12	13:94888343-94898231|13:94940332-94975922
13	95120751	95208329	circular_RNA/1	0	-	95120751	95120751	0,0,0	7	129,123,69,66,132,145,112	0,7908,47067,48480,72257,75506,87466	1	circRNA	ENSRNOT00000085648	ENSRNOT00000085648	9,8,7,6,5,4,3	13:95105706-95120751|13:95208329-95230646
13	95167818	95208329	circular_RNA/2	0	-	95167818	95167818	0,0,0	5	69,66,132,145,112	0,1413,25190,28439,40399	2	circRNA	ENSRNOT00000085648	ENSRNOT00000085648	7,6,5,4,3	13:95128782-95167818|13:95208329-95230646
13	101704469	101719908	circular_RNA/1	1	+	101704469	101704469	0,0,0	7	70,54,55,64,104,123,123	0,3367,3897,10537,10837,13659,15316	1	circRNA	ENSRNOT00000089309	ENSRNOT00000089309	2,3,4,5,6,7,8	13:101698352-101704469|13:101719908-101723014
12	9229551	9240810	circular_RNA/1	1	-	9229551	9229551	0,0,0	8	91,166,102,117,162,58,105,248	0,1136,3816,4004,4358,7505,8814,11011	1	circRNA	ENSRNOT00000044134	ENSRNOT00000044134	14,13,12,11,10,9,8,7	12:9224845-9229551|12:9240810-9273124
12	9273124	9313769	circular_RNA/1	0	-	9273124	9273124	0,0,0	5	148,162,71,67,122	0,24566,36862,38396,40523	1	circRNA	ENSRNOT00000044134	ENSRNOT00000044134	6,5,4,3,2	12:9240810-9273124|12:9313769-9331109
12	24505863	24514683	circular_RNA/1	0	-	24505863	24505863	0,0,0	3	1699,198,122	0,7546,8698	1	circRNA	ENSRNOT00000001975	ENSRNOT00000001975	7,6,5	12:24502367-24505863|12:24514683-24518356
12	25363910	25365973	circular_RNA/1	1	+	25363910	25363910	0,0,0	3	193,38,78	0,869,1985	1	circRNA	ENSRNOT00000087656	ENSRNOT00000087656	25,26,27	12:25363379-25363910|12:25365973-25366485
12	37414402	37419096	circular_RNA/1	1	-	37414402	37414402	0,0,0	4	66,139,127,197	0,2160,3848,4497	1	circRNA	ENSRNOT00000084553	ENSRNOT00000084553	9,8,7,6	12:37412832-37414402|12:37419096-37420636
12	39627015	39635912	circular_RNA/1	0	-	39627015	39627015	0,0,0	3	154,112,120	0,668,8777	1	circRNA	ENSRNOT00000001729	ENSRNOT00000001729	5,4,3	12:39625019-39627015|12:39635912-39636571
12	40915009	40936857	circular_RNA/1	0	+	40915009	40915009	0,0,0	9	123,195,193,117,114,97,80,159,132	0,3474,6332,7902,8436,15368,18143,18314,21716	1	circRNA	ENSRNOT00000046323	ENSRNOT00000046323	2,3,4,5,6,7,8,9,10	12:40895704-40915009|12:40936857-40940724
15	2849125	2867333	circular_RNA/3	1	-	2849125	2849125	0,0,0	9	94,162,142,116,122,383,133,82,116	0,2981,6046,8361,10304,11879,15028,17798,18092	3	circRNA	ENSRNOT00000070893	ENSRNOT00000070893	11,10,9,8,7,6,5,4,3	15:2822163-2849125|15:2867333-2876226
15	19972054	19975401	circular_RNA/1	1	-	19972054	19972054	0,0,0	3	192,253,150	0,1012,3197	1	circRNA	ENSRNOT00000032704	ENSRNOT00000032704	11,10,9	15:19966137-19972054|15:19975401-19979327
15	33730978	33734414	circular_RNA/1	1	-	33730978	33730978	0,0,0	3	241,521,2072	0,698,1364	1	circRNA	ENSRNOT00000034102	ENSRNOT00000034102	4,3,2	15:33729803-33730978|15:33734414-33752348
15	36923422	36940208	circular_RNA/1	0	+	36923422	36923422	0,0,0	9	156,831,97,252,126,89,141,87,155	0,2672,5369,7322,10892,11089,13918,14578,16631	1	circRNA	ENSRNOT00000090573	ENSRNOT00000090573	15,16,17,18,19,20,21,22,23	15:36919125-36923422|15:36940208-36942769
15	41505193	41507648	circular_RNA/1	1	+	41505193	41505193	0,0,0	2	1495,92	0,2363	1	circRNA	ENSRNOT00000019551	ENSRNOT00000019551	8,9	15:41503857-41505193|15:41507648-41513479
15	52383306	52387851	circular_RNA/1	0	-	52383306	52383306	0,0,0	4	173,147,120,74	0,1678,2855,4471	1	circRNA	ENSRNOT00000087450	ENSRNOT00000087450	11,10,9,8	15:52380660-52383306|15:52387851-52388705
15	109004697	109228591	circular_RNA/1	1	+	109004697	109004697	0,0,0	25	114,54,14,11,22,15,21,49,37,79,103,95,151,144,75,30,12,21,6,76,111,103,103,99,54	0,1924,20247,23875,38478,41447,47031,54653,59217,71691,83090,88065,89781,115634,116832,121015,122095,122412,122877,123009,130968,136768,163613,206725,223840	1	circRNA	ENSRNOT00000077482	ENSRNOT00000077482	5,6,7,8,9,10,11,12,13,14,15,16,17,18,19,20,21,22,23,24,25,26,27,28,29	15:108988130-109004697|15:109228591-109293638
14	2521005	2583774	circular_RNA/1	0	-	2521005	2521005	0,0,0	16	138,204,144,117,100,214,164,143,168,117,78,135,132,221,146,122	0,4351,7790,21754,22687,29001,30084,32444,34094,39385,43019,43198,47289,57484,61811,62647	1	circRNA	ENSRNOT00000036442	ENSRNOT00000036442	23,22,21,20,19,18,17,16,15,14,13,12,11,10,9,8	14:2516955-2521005|14:2583774-2585778
14	2595786	2607696	circular_RNA/1	1	-	2595786	2595786	0,0,0	4	97,129,107,159	0,1816,6285,11751	1	circRNA	ENSRNOT00000036442	ENSRNOT00000036442	5,4,3,2	14:2592085-2595786|14:2607696-2610191
14	2924635	2991160	circular_RNA/1	1	+	2924635	2924635	0,0,0	15	230,190,225,75,126,144,90,98,61,54,135,141,159,147,96	0,19486,20249,21347,25897,27920,28892,29074,31217,35892,53043,54313,56183,64041,66429	1	circRNA	ENSRNOT00000061630	ENSRNOT00000061630	2,3,4,5,6,7,8,9,10,11,12,13,14,15,16	14:2892837-2924635|14:2991160-3011573
14	2924635	2960581	circular_RNA/5	0	+	2924635	2924635	0,0,0	10	230,190,225,75,126,144,90,98,61,54	0,19486,20249,21347,25897,27920,28892,29074,31217,35892	5	circRNA	ENSRNOT00000061630	ENSRNOT00000061630	2,3,4,5,6,7,8,9,10,11	14:2892837-2924635|14:2960581-2977678
14	3928254	3939203	circular_RNA/1	0	+	3928254	3928254	0,0,0	8	48,98,132,86,84,158,104,147	0,2789,2965,8141,8772,8982,10332,10802	1	circRNA	ENSRNOT00000033794	ENSRNOT00000033794	22,23,24,25,26,27,28,29	14:3928173-3928254|14:3939203-3945971
14	10786398	10794860	circular_RNA/7	1	+	10786398	10786398	0,0,0	3	716,124,143	0,5606,8319	7	circRNA	ENSRNOT00000003006	ENSRNOT00000003006	1,2,3	None|14:10794860-10811034
14	15086542	15091475	circular_RNA/1	1	+	15086542	15086542	0,0,0	3	122,187,86	0,2807,4847	1	circRNA	ENSRNOT00000002843	ENSRNOT00000002843	2,3,4	14:15059526-15086542|14:15091475-15112119
14	17252291	17257019	circular_RNA/1	1	+	17252291	17252291	0,0,0	7	105,99,111,72,101,58,75	0,512,777,2605,2792,3871,4653	1	circRNA	ENSRNOT00000030222	ENSRNOT00000030222	2,3,4,5,6,7,8	14:17247611-17252291|14:17257019-17258615
14	19414460	19418653	circular_RNA/1	1	+	19414460	19414460	0,0,0	2	1631,228	0,3965	1	circRNA	ENSRNOT00000086542	ENSRNOT00000086542	29,30	14:19409873-19414460|14:19418653-19424553
14	25672665	25673329	circular_RNA/1	1	+	25672665	25672665	0,0,0	1	664	0	1	circRNA	ENSRNOT00000043938	ENSRNOT00000043938	6	14:25622035-25672665|14:25673329-25791640
14	25791640	25877265	circular_RNA/1	1	+	25791640	25791640	0,0,0	4	156,125,160,103	0,67567,73392,85522	1	circRNA	ENSRNOT00000043938	ENSRNOT00000043938	7,8,9,10	14:25673329-25791640|14:25877265-25899868
14	39985574	40035210	circular_RNA/4	1	+	39985574	39985574	0,0,0	7	149,68,221,83,138,153,212	0,29724,40331,42145,46443,46704,49424	4	circRNA	ENSRNOT00000003240	ENSRNOT00000003240	2,3,4,5,6,7,8	14:39964790-39985574|14:40035210-40048844
14	43550314	43559238	circular_RNA/6	0	-	43550314	43550314	0,0,0	5	102,144,211,184,153	0,540,6445,8253,8771	6	circRNA	ENSRNOT00000039835	ENSRNOT00000039835	9,8,7,6,5	14:43545205-43550314|14:43559238-43580428
14	44069807	44073178	circular_RNA/2	0	-	44069807	44069807	0,0,0	2	125,1162	0,2209	2	circRNA	ENSRNOT00000031792	ENSRNOT00000031792	4,3	14:44068014-44069807|14:44073178-44076625
14	61145446	61173478	circular_RNA/1	1	+	61145446	61145446	0,0,0	11	194,160,219,168,87,150,109,192,123,191,170	0,9297,10510,13837,17216,18159,18839,19439,22298,25483,27862	1	circRNA	ENSRNOT00000005126	ENSRNOT00000005126	3,4,5,6,7,8,9,10,11,12,13	14:61142180-61145446|14:61173478-61174311
14	81278562	81329508	circular_RNA/1	0	-	81278562	81278562	0,0,0	9	90,38,191,141,64,93,107,75,113	0,1562,17131,24138,27563,29444,38906,49828,50833	1	circRNA	ENSRNOT00000015894	ENSRNOT00000015894	11,10,9,8,7,6,5,4,3	14:81273644-81278562|14:81329508-81333384
14	81526428	81556415	circular_RNA/1	1	-	81526428	81526428	0,0,0	8	82,871,231,184,283,291,199,252	0,8090,10390,12468,13318,15427,16613,29735	1	circRNA	ENSRNOT00000018616	ENSRNOT00000018616	20,19,18,17,16,15,14,13	14:81516699-81526428|14:81556415-81560404
14	100381490	100389410	circular_RNA/1	0	+	100381490	100381490	0,0,0	5	131,102,116,112,98	0,2210,4522,5503,7822	1	circRNA	ENSRNOT00000087976	ENSRNOT00000087976	8,9,10,11,12	14:100379165-100381490|14:100389410-100392994
14	106153574	106167943	circular_RNA/1	1	+	106153574	106153574	0,0,0	6	156,206,79,35,132,386	0,1265,5478,7970,11385,13983	1	circRNA	ENSRNOT00000010264	ENSRNOT00000010264	1,2,3,4,5,6	None|14:106167943-106178960
14	106164959	106186748	circular_RNA/1	0	+	106164959	106164959	0,0,0	7	132,386,127,108,56,97,341	0,2598,14001,15010,17751,20215,21448	1	circRNA	ENSRNOT00000010264	ENSRNOT00000010264	5,6,7,8,9,10,11	14:106161579-106164959|14:106186748-106191740
14	108446848	108456923	circular_RNA/1	1	+	108446848	108446848	0,0,0	5	46,65,86,126,57	0,1559,3686,4592,10018	1	circRNA	ENSRNOT00000083763	ENSRNOT00000083763	7,8,9,10,11	14:108446317-108446848|14:108456923-108461393
14	113885376	113890309	circular_RNA/1	0	+	113885376	113885376	0,0,0	4	138,1071,128,142	0,1631,3437,4791	1	circRNA	ENSRNOT00000067591	ENSRNOT00000067591	4,5,6,7	14:113879075-113885376|14:113890309-113901836
14	113906515	113922713	circular_RNA/1	1	+	113906515	113906515	0,0,0	8	278,144,187,146,93,215,84,204	0,492,3541,8019,11093,11308,14944,15994	1	circRNA	ENSRNOT00000067591	ENSRNOT00000067591	10,11,12,13,14,15,16,17	14:113904643-113906515|14:113922713-113923427
14	114139415	114142680	circular_RNA/2	1	+	114139415	114139415	0,0,0	2	57,2352	0,913	2	circRNA	ENSRNOT00000006443	ENSRNOT00000006443	2,3	14:114127734-114139415|14:114142680-114167138
17	1349550	1395376	circular_RNA/1	1	+	1349550	1349550	0,0,0	13	162,208,141,114,120,72,146,96,100,153,81,1120,155	0,555,3475,5376,6827,11428,12143,22448,34718,37729,39266,40321,45671	1	circRNA	ENSRNOT00000025965	ENSRNOT00000025965	5,6,7,8,9,10,11,12,13,14,15,16,17	17:1343128-1349550|17:1395376-1416084
17	5555490	5571375	circular_RNA/2	1	+	5555490	5555490	0,0,0	6	98,117,692,84,87,149	0,4166,8028,14256,15568,15736	2	circRNA	ENSRNOT00000025381	ENSRNOT00000025381	13,14,15,16,17,18	17:5548199-5555490|17:5571375-5582855
17	6706105	6771131	circular_RNA/3	1	+	6706105	6706105	0,0,0	17	384,201,959,144,207,170,104,156,206,198,114,177,216,207,199,165,503	0,3797,5195,11235,21344,24352,25419,27724,29875,33981,38648,40330,47674,56357,58076,60101,64523	3	circRNA	ENSRNOT00000080683	ENSRNOT00000080683	2,3,4,5,6,7,8,9,10,11,12,13,14,15,16,17,18	17:6701484-6706105|17:6771131-6772191
17	9912157	9929565	circular_RNA/1	0	-	9912157	9912157	0,0,0	3	2551,173,136	0,8460,17272	1	circRNA	ENSRNOT00000060928	ENSRNOT00000060928	5,4,3	17:9897707-9912157|17:9929565-9951410
17	12322145	12352876	circular_RNA/2	1	+	12322145	12322145	0,0,0	5	68,88,87,93,57	0,175,19634,28889,30674	2	circRNA	ENSRNOT00000015786	ENSRNOT00000015786	2,3,4,5,6	17:12310408-12322145|17:12352876-12399416
17	16124899	16129065	circular_RNA/1	1	+	16124899	16124899	0,0,0	2	247,83	0,4083	1	circRNA	ENSRNOT00000060568	ENSRNOT00000060568	2,3	17:16106610-16124899|17:16129065-16141477
17	53502592	53563999	circular_RNA/3	1	+	53502592	53502592	0,0,0	9	186,135,106,97,84,110,121,114,153	0,25987,37534,40007,53364,54279,59608,60425,61254	3	circRNA	ENSRNOT00000082040	ENSRNOT00000082040	15,16,17,18,19,20,21,22,23	17:53499989-53502592|17:53563999-53599995
17	65759819	65789756	circular_RNA/2	1	-	65759819	65759819	0,0,0	5	84,104,105,217,193	0,21086,26275,27825,29744	2	circRNA	ENSRNOT00000023601	ENSRNOT00000023601	24,23,22,21,20	17:65752878-65759819|17:65789756-65794194
17	69367758	69371785	circular_RNA/1	1	+	69367758	69367758	0,0,0	3	168,117,78	0,3145,3949	1	circRNA	ENSRNOT00000023133	ENSRNOT00000023133	2,3,4	17:69365565-69367758|17:69371785-69373192
17	70417140	70427435	circular_RNA/1	0	+	70417140	70417140	0,0,0	10	191,93,95,169,223,88,87,137,100,122	0,2477,3278,4984,5773,6677,6859,7552,9981,10173	1	circRNA	ENSRNOT00000025228	ENSRNOT00000025228	6,7,8,9,10,11,12,13,14,15	17:70416334-70417140|17:70427435-70429045
17	75588945	75616081	circular_RNA/1	1	+	75588945	75588945	0,0,0	5	135,80,159,64,135	0,7993,11751,15397,27001	1	circRNA	ENSRNOT00000023436	ENSRNOT00000023436	5,6,7,8,9	17:75579760-75588945|17:75616081-75640959
17	76205259	76265943	circular_RNA/1	1	-	76205259	76205259	0,0,0	16	140,184,276,204,186,117,114,109,86,104,73,1,54,28,195,161	0,4354,6805,8151,11614,15483,23170,29932,40367,45174,45518,48398,51037,51900,55376,60523	1	circRNA	ENSRNOT00000058070	ENSRNOT00000058070	18,17,16,15,14,13,12,11,10,9,8,7,6,5,4,3	17:76199405-76205259|17:76265943-76277650
17	84166940	84230293	circular_RNA/2	1	-	84166940	84166940	0,0,0	17	105,93,93,93,105,111,111,111,111,111,108,105,105,114,102,102,111	0,1250,4265,11038,13020,15083,15308,19096,22574,26137,31142,33997,38787,43753,52986,53711,63242	2	circRNA	ENSRNOT00000082549	ENSRNOT00000082549	22,21,20,19,18,17,16,15,14,13,12,11,10,9,8,7,6	17:84166072-84166940|17:84230293-84236498
17	85036936	85057912	circular_RNA/1	1	-	85036936	85036936	0,0,0	5	164,91,94,98,166	0,9092,18614,19551,20810	1	circRNA	ENSRNOT00000000162	ENSRNOT00000000162	8,7,6,5,4	17:85009997-85036936|17:85057912-85063955
17	87749826	87797427	circular_RNA/1	1	-	87749826	87749826	0,0,0	9	103,159,1894,30,55,79,93,25,180	0,214,9055,12228,17289,20051,21589,45493,47421	1	circRNA	ENSRNOT00000068156	ENSRNOT00000068156	10,9,8,7,6,5,4,3,2	17:87746286-87749826|17:87797427-87826139
16	1792198	1869407	circular_RNA/1	1	+	1792198	1792198	0,0,0	5	120,80,109,114,106	0,33052,67220,71466,77103	1	circRNA	ENSRNOT00000014004	ENSRNOT00000014004	2,3,4,5,6	16:1749521-1792198|16:1869407-1923200
16	3060712	3064512	circular_RNA/1	1	+	3060712	3060712	0,0,0	5	146,93,73,92,162	0,1475,2587,3037,3638	1	circRNA	ENSRNOT00000074069	ENSRNOT00000074069	2,3,4,5,6	16:3051986-3060712|16:3064512-3068021
16	3060712	3072642	circular_RNA/1	0	+	3060712	3060712	0,0,0	10	146,93,73,92,162,122,32,106,104,104	0,1475,2587,3037,3638,7309,9399,10031,11636,11826	1	circRNA	ENSRNOT00000074069	ENSRNOT00000074069	2,3,4,5,6,7,8,9,10,11	16:3051986-3060712|16:3072642-3083563
16	7438794	7463395	circular_RNA/3	1	+	7438794	7438794	0,0,0	12	109,158,68,201,87,127,86,94,147,107,121,145	0,3980,4977,7156,10067,12700,14403,15831,19208,20097,20973,24456	3	circRNA	ENSRNOT00000026323	ENSRNOT00000026323	2,3,4,5,6,7,8,9,10,11,12,13	16:7435888-7438794|16:7463395-7464233
16	9650674	9658531	circular_RNA/1	0	-	9650674	9650674	0,0,0	4	139,59,130,169	0,241,5658,7688	1	circRNA	ENSRNOT00000083933	ENSRNOT00000083933	5,4,3,2	16:9640836-9650674|16:9658531-9709214
16	10769700	10789158	circular_RNA/1	0	-	10769700	10769700	0,0,0	7	193,145,100,97,103,163,213	0,3512,6917,7149,12467,14942,19245	1	circRNA	ENSRNOT00000079554	ENSRNOT00000079554	8,7,6,5,4,3,2	16:10766648-10769700|16:10789158-10802434
16	14184371	14186953	circular_RNA/1	0	-	14184371	14184371	0,0,0	2	197,1453	0,1129	1	circRNA	ENSRNOT00000016494	ENSRNOT00000016494	3,2	16:14157174-14184371|16:14186953-14210256
16	23555918	23600154	circular_RNA/1	0	+	23555918	23555918	0,0,0	6	207,81,113,59,3,90	0,306,2674,17553,19965,44146	1	circRNA	ENSRNOT00000068629	ENSRNOT00000068629	6,7,8,9,10,11	16:23492639-23555918|16:23600154-23687863
16	23555921	23573530	circular_RNA/1	0	+	23555921	23555921	0,0,0	4	204,81,113,59	0,303,2671,17550	1	circRNA	ENSRNOT00000041994	ENSRNOT00000041994	3,4,5,6	16:23554022-23555921|16:23573530-23600064
16	49630169	49703905	circular_RNA/1	1	-	49630169	49630169	0,0,0	18	107,50,201,129,115,47,92,1581,188,50,115,175,45,67,173,139,125,27	0,3960,18307,20416,20631,23312,24469,27347,30250,33021,46567,49467,51560,52292,58712,63272,73300,73709	1	circRNA	ENSRNOT00000029628	ENSRNOT00000029628	22,21,20,19,18,17,16,15,14,13,12,11,10,9,8,7,6,5	16:49628311-49630169|16:49703905-49707669
16	54080266	54100069	circular_RNA/1	1	-	54080266	54080266	0,0,0	13	359,172,191,146,220,198,191,141,130,143,227,155,174	0,2855,6127,6809,7061,8868,11385,12597,15133,15400,18639,18986,19629	1	circRNA	ENSRNOT00000014202	ENSRNOT00000014202	22,21,20,19,18,17,16,15,14,13,12,11,10	16:54067143-54080266|16:54100069-54100751
16	54080266	54093004	circular_RNA/1	0	-	54080266	54080266	0,0,0	8	359,172,191,146,220,198,191,141	0,2855,6127,6809,7061,8868,11385,12597	1	circRNA	ENSRNOT00000014202	ENSRNOT00000014202	22,21,20,19,18,17,16,15	16:54067143-54080266|16:54093004-54095399
16	54792658	54826033	circular_RNA/1	1	+	54792658	54792658	0,0,0	6	123,163,158,129,135,133	0,1834,11392,22259,27687,33242	1	circRNA	ENSRNOT00000086899	ENSRNOT00000086899	2,3,4,5,6,7	16:54765418-54792658|16:54826033-54843062
19	17397440	17447761	circular_RNA/1	0	-	17397440	17397440	0,0,0	30	43,71,70,20,11,108,14,41,51,43,45,47,200,197,111,180,168,196,211,256,144,177,244,122,138,87,118,56,69,147	0,2045,3517,3592,3817,4570,12349,12368,12825,13149,13197,13247,17378,18028,20125,22387,23207,27172,29474,30851,31199,33560,37098,40470,42194,43138,48538,49605,49739,50174	1	circRNA	ENSRNOT00000078786	ENSRNOT00000078786	33,32,31,30,29,28,27,26,25,24,23,22,21,20,19,18,17,16,15,14,13,12,11,10,9,8,7,6,5,4	19:17396151-17397440|19:17447761-17451588
19	20282664	20285879	circular_RNA/1	1	+	20282664	20282664	0,0,0	1	3215	0	1	circRNA	ENSRNOT00000020028	ENSRNOT00000020028	3	19:20206545-20282664|19:20285879-20292377
19	21448161	21473349	circular_RNA/1	0	-	21448161	21448161	0,0,0	5	134,127,151,142,259	0,7554,9449,17975,24929	1	circRNA	ENSRNOT00000020770	ENSRNOT00000020770	11,10,9,8,7	19:21408598-21448161|19:21473349-21476146
19	54801920	54822499	circular_RNA/1	1	+	54801920	54801920	0,0,0	7	117,176,240,168,131,72,39	0,1577,8497,13355,18705,19901,20540	1	circRNA	ENSRNOT00000025894	ENSRNOT00000025894	5,6,7,8,9,10,11	19:54790907-54801920|19:54822499-54835153
19	57433660	57441369	circular_RNA/1	1	-	57433660	57433660	0,0,0	6	80,136,110,85,84,93	0,1337,2475,5327,6279,7616	1	circRNA	ENSRNOT00000025548	ENSRNOT00000025548	18,17,16,15,14,13	19:57433032-57433660|19:57441369-57442556
1	3900407	3909477	circular_RNA/1	0	-	3900407	3900407	0,0,0	4	152,126,179,221	0,2064,8233,8849	1	circRNA	ENSRNOT00000049699	ENSRNOT00000049699	18,17,16,15	1:3890933-3900407|1:3909477-3914893
1	6800131	6819230	circular_RNA/1	0	-	6800131	6800131	0,0,0	9	213,146,181,242,88,124,170,180,108	0,1602,4233,4979,10173,11846,16619,18219,18991	1	circRNA	ENSRNOT00000086574	ENSRNOT00000086574	22,21,20,19,18,17,16,15,14	1:6788540-6800131|1:6819230-6823572
1	21142144	21164430	circular_RNA/1	1	+	21142144	21142144	0,0,0	4	132,155,137,161	0,7168,18760,22125	1	circRNA	ENSRNOT00000017617	ENSRNOT00000017617	2,3,4,5	1:21141985-21142144|1:21164430-21189974
1	72779591	72781660	circular_RNA/1	1	+	72779591	72779591	0,0,0	1	2069	0	1	ciRNA	ENSRNOT00000082423	ENSRNOT00000082423	17	1:72779591-72781660
1	73746710	73747791	circular_RNA/1	0	-	73746710	73746710	0,0,0	2	221,112	0,969	1	circRNA	ENSRNOT00000068459	ENSRNOT00000068459	4,3	1:73744331-73746710|1:73747791-73749724
1	77836523	77841349	circular_RNA/1	0	-	77836523	77836523	0,0,0	10	57,77,67,176,195,105,96,71,200,109	0,172,744,924,1296,1564,1991,3668,4089,4717	1	circRNA	ENSRNOT00000017555	ENSRNOT00000017555	12,11,10,9,8,7,6,5,4,3	1:77836260-77836523|1:77841349-77843207
1	84418343	84431239	circular_RNA/1	1	+	84418343	84418343	0,0,0	3	131,129,112	0,10206,12784	1	circRNA	ENSRNOT00000025303	ENSRNOT00000025303	2,3,4	1:84411921-84418343|1:84431239-84441051
1	140044381	140158228	circular_RNA/2	0	-	140044381	140044381	0,0,0	9	189,103,65,24,297,142,143,158,69	0,87236,88227,89658,95783,96528,97059,98259,113778	2	circRNA	ENSRNOT00000041839	ENSRNOT00000041839	12,11,10,9,8,7,6,5,4	1:139956356-140044381|1:140158228-140198321
1	140131617	140142798	circular_RNA/1	1	-	140131617	140131617	0,0,0	7	103,65,24,297,142,143,158	0,991,2422,8547,9292,9823,11023	1	circRNA	ENSRNOT00000041839	ENSRNOT00000041839	11,10,9,8,7,6,5	1:140044570-140131617|1:140142798-140158159
1	142407357	142418685	circular_RNA/1	0	-	142407357	142407357	0,0,0	4	299,218,50,83	0,3128,9878,11245	1	circRNA	ENSRNOT00000089591	ENSRNOT00000089591	11,10,9,8	1:142405013-142407357|1:142418685-142422384
1	144154618	144177718	circular_RNA/2	1	+	144154618	144154618	0,0,0	7	69,73,144,134,159,104,110	0,7002,9288,11752,14395,21864,22990	2	circRNA	ENSRNOT00000026870	ENSRNOT00000026870	2,3,4,5,6,7,8	1:144070033-144154618|1:144177718-144199772
1	144710108	144726484	circular_RNA/2	1	+	144710108	144710108	0,0,0	3	132,148,980	0,4940,15396	2	circRNA	ENSRNOT00000047408	ENSRNOT00000047408	16,17,18	1:144652882-144710108|1:144726484-144735282
1	157470070	157490006	circular_RNA/16	1	-	157470070	157470070	0,0,0	14	36,93,156,184,106,120,100,1553,91,181,1118,195,189,126	0,475,981,1950,3177,3692,8001,11466,13986,14174,15136,17560,18059,19810	16	circRNA	ENSRNOT00000013552	ENSRNOT00000013552	15,14,13,12,11,10,9,8,7,6,5,4,3,2	1:157468854-157470070|1:157490006-157493619
1	163549257	163556818	circular_RNA/1	0	-	163549257	163549257	0,0,0	4	564,152,156,165	0,1965,5479,7396	1	circRNA	ENSRNOT00000043788	ENSRNOT00000043788	18,17,16,15	1:163548318-163549257|1:163556818-163564634
1	167260357	167269761	circular_RNA/1	0	-	167260357	167260357	0,0,0	3	188,134,141	0,3518,9263	1	circRNA	ENSRNOT00000027575	ENSRNOT00000027575	14,13,12	1:167254701-167260357|1:167269761-167276450
1	174609599	174613577	circular_RNA/1	1	-	174609599	174609599	0,0,0	4	139,105,94,129	0,966,1749,3849	1	circRNA	ENSRNOT00000016224	ENSRNOT00000016224	6,5,4,3	1:174607362-174609599|1:174613577-174615319
1	175646899	175650721	circular_RNA/1	0	-	175646899	175646899	0,0,0	2	109,192	0,3630	1	circRNA	ENSRNOT00000024561	ENSRNOT00000024561	3,2	1:175640541-175646899|1:175650721-175657421
1	185233418	185234547	circular_RNA/6	1	+	185233418	185233418	0,0,0	1	1129	0	6	circRNA	ENSRNOT00000055120	ENSRNOT00000055120	3	1:185211770-185233418|1:185234547-185252578
1	185233418	185252682	circular_RNA/1	0	+	185233418	185233418	0,0,0	2	1129,104	0,19160	1	circRNA	ENSRNOT00000055120	ENSRNOT00000055120	3,4	1:185211770-185233418|1:185252682-185261105
1	192952649	192955267	circular_RNA/1	0	+	192952649	192952649	0,0,0	5	104,338,97,79,55	0,229,2166,2392,2563	1	circRNA	ENSRNOT00000035770	ENSRNOT00000035770	9,10,11,12,13	1:192951628-192952649|1:192955267-192957675
1	218737325	218761520	circular_RNA/2	1	-	218737325	218737325	0,0,0	6	130,114,113,66,138,187	0,10678,15094,17801,20881,24008	2	circRNA	ENSRNOT00000065950	ENSRNOT00000065950	8,7,6,5,4,3	1:218734860-218737325|1:218761520-218762270
1	219592035	219638528	circular_RNA/1	1	-	219592035	219592035	0,0,0	11	395,127,116,154,94,107,179,47,79,139,95	0,2798,5406,6329,7801,8315,10988,15089,15521,16511,46398	1	circRNA	ENSRNOT00000054850	ENSRNOT00000054850	12,11,10,9,8,7,6,5,4,3,2	1:219581155-219592035|1:219638528-219639960
1	222680976	222686592	circular_RNA/2	0	-	222680976	222680976	0,0,0	5	59,47,70,139,208	0,1275,2414,2782,5408	2	circRNA	ENSRNOT00000049812	ENSRNOT00000049812	6,5,4,3,2	1:222679306-222680976|1:222686592-222733910
1	231457045	231498197	circular_RNA/1	1	-	231457045	231457045	0,0,0	4	17,202,75,63	0,1294,25647,41089	1	circRNA	ENSRNOT00000087140	ENSRNOT00000087140	8,7,6,5	1:231415776-231457045|1:231498197-231527568
1	231482692	231498197	circular_RNA/1	1	-	231482692	231482692	0,0,0	2	75,63	0,15442	1	circRNA	ENSRNOT00000087140	ENSRNOT00000087140	6,5	1:231458541-231482692|1:231498197-231527568
1	235710949	235724436	circular_RNA/1	0	-	235710949	235710949	0,0,0	8	104,117,154,60,80,157,155,79	0,185,1032,1382,2584,9775,10297,13408	1	circRNA	ENSRNOT00000014800	ENSRNOT00000014800	31,30,29,28,27,26,25,24	1:235705451-235710949|1:235724436-235730945
1	247931325	247960553	circular_RNA/1	1	-	247931325	247931325	0,0,0	3	80,1418,201	0,12919,29027	1	circRNA	ENSRNOT00000039428	ENSRNOT00000039428	4,3,2	1:247922869-247931325|1:247960553-247977846
1	247944244	247945662	circular_RNA/2	1	-	247944244	247944244	0,0,0	1	1418	0	2	circRNA	ENSRNOT00000039428	ENSRNOT00000039428	3	1:247931405-247944244|1:247945662-247960352
1	247944244	247960553	circular_RNA/2	1	-	247944244	247944244	0,0,0	2	1418,201	0,16108	2	circRNA	ENSRNOT00000039428	ENSRNOT00000039428	3,2	1:247931405-247944244|1:247960553-247977846
1	260791755	260801171	circular_RNA/1	1	+	260791755	260791755	0,0,0	3	133,288,94	0,6433,9322	1	circRNA	ENSRNOT00000076842	ENSRNOT00000076842	5,6,7	1:260775166-260791755|1:260801171-260803931
1	270073074	270093865	circular_RNA/1	0	-	270073074	270073074	0,0,0	4	147,180,90,119	0,11865,18405,20672	1	circRNA	ENSRNOT00000015979	ENSRNOT00000015979	10,9,8,7	1:270057428-270073074|1:270093865-270119920
1	278580845	278620822	circular_RNA/2	1	+	278580845	278580845	0,0,0	9	84,114,129,209,175,88,256,184,155	0,1157,9773,13527,21006,22948,24825,27614,39822	2	circRNA	ENSRNOT00000023414	ENSRNOT00000023414	2,3,4,5,6,7,8,9,10	1:278557997-278580845|1:278620822-278629795
1	282151799	282156982	circular_RNA/1	0	-	282151799	282151799	0,0,0	7	105,348,186,117,99,105,172	0,832,1646,2021,3476,3913,5011	1	circRNA	ENSRNOT00000066947	ENSRNOT00000066947	13,12,11,10,9,8,7	1:282151460-282151799|1:282156982-282158745
Y	1030851	1038541	circular_RNA/2	1	-	1030851	1030851	0,0,0	4	206,106,130,734	0,912,2729,6956	2	circRNA	ENSRNOT00000093013	ENSRNOT00000093013	19,18,17,16	Y:1013105-1030851|Y:1038541-1049564
Y	1091378	1099068	circular_RNA/3	1	-	1091378	1091378	0,0,0	4	206,106,130,734	0,912,2729,6956	3	circRNA	ENSRNOT00000082648	ENSRNOT00000082648	19,18,17,16	Y:1073632-1091378|Y:1099068-1110091
