20	32387176	32393518	circular_RNA/1	0	-	32387176	32387176	0,0,0	6	186,84,211,167,114,226	0,2821,3704,4638,5302,6116	1	circRNA	ENSRNOT00000067004	ENSRNOT00000067004	16,15,14,13,12,11	20:32383870-32387176|20:32393518-32396768
20	32513667	32537033	circular_RNA/2	1	+	32513667	32513667	0,0,0	7	134,102,100,95,132,89,100	0,1635,1851,5640,8269,10241,23266	2	circRNA	ENSRNOT00000046268	ENSRNOT00000046268	2,3,4,5,6,7,8	20:32509747-32513667|20:32537033-32555832
4	17032160	17033623	circular_RNA/1	0	-	17032160	17032160	0,0,0	1	1463	0	1	circRNA	ENSRNOT00000093412	ENSRNOT00000093412	3	4:16669365-17032160|4:17033623-17052027
4	27509135	27563899	circular_RNA/20	0	+	27509135	27509135	0,0,0	9	273,301,183,118,209,89,145,167,89	0,3425,15568,28665,40039,41483,44745,48595,54675	20	circRNA	ENSRNOT00000007940	ENSRNOT00000007940	2,3,4,5,6,7,8,9,10	4:27473706-27509135|4:27563899-27573803
4	30182381	30198862	circular_RNA/4	1	+	30182381	30182381	0,0,0	5	156,54,230,97,172	0,12004,14593,16119,16309	4	circRNA	ENSRNOT00000011756	ENSRNOT00000011756	6,7,8,9,10	4:30159890-30182381|4:30198862-30215869
4	96732981	96787475	circular_RNA/4	1	+	96732981	96732981	0,0,0	10	175,175,122,80,85,158,94,161,94,86	0,1688,3399,6896,11238,12382,29524,31486,34076,54408	4	circRNA	ENSRNOT00000009569	ENSRNOT00000009569	4,5,6,7,8,9,10,11,12,13	4:96716570-96732981|4:96787475-96810024
4	125762256	125789911	circular_RNA/8	0	-	125762256	125762256	0,0,0	7	621,183,93,131,58,36,83	0,1749,9503,11780,15124,23504,27572	8	circRNA	ENSRNOT00000083271	ENSRNOT00000083271	11,10,9,8,7,6,5	4:125734628-125762256|4:125789911-125801189
4	143051579	143086219	circular_RNA/10	0	+	143051579	143051579	0,0,0	3	141,201,140	0,25080,34500	10	circRNA	ENSRNOT00000056570	ENSRNOT00000056570	4,5,6	4:142926664-143051579|4:143086219-143187901
8	33279133	33335423	circular_RNA/1	1	+	33279133	33279133	0,0,0	7	85,87,138,93,123,78,82	0,17325,33187,35742,36983,38498,56208	1	circRNA	ENSRNOT00000011589	ENSRNOT00000011589	5,6,7,8,9,10,11	8:33278802-33279133|8:33335423-33368676
8	59728959	59740765	circular_RNA/3	0	+	59728959	59728959	0,0,0	3	105,57,141	0,7510,11665	3	circRNA	ENSRNOT00000019539	ENSRNOT00000019539	3,4,5	8:59724358-59728959|8:59740765-59743225
8	67019991	67021657	circular_RNA/10	1	-	67019991	67019991	0,0,0	2	246,599	0,1067	10	circRNA	ENSRNOT00000038641	ENSRNOT00000038641	3,2	8:67010378-67019991|8:67021657-67039916
8	72138877	72148728	circular_RNA/6	1	+	72138877	72138877	0,0,0	2	161,117	0,9734	6	circRNA	ENSRNOT00000089336	ENSRNOT00000089336	40,41	8:72136113-72138877|8:72148728-72149221
8	72156114	72157015	circular_RNA/2	0	+	72156114	72156114	0,0,0	1	901	0	2	ciRNA	ENSRNOT00000089336	ENSRNOT00000089336	47	8:72156114-72157016
8	103809556	103818262	circular_RNA/12	1	+	103809556	103809556	0,0,0	5	121,99,104,132,163	0,213,4307,7271,8543	12	circRNA	ENSRNOT00000014481	ENSRNOT00000014481	17,18,19,20,21	8:103807454-103809556|8:103818262-103820559
8	116550007	116551319	circular_RNA/7	0	-	116550007	116550007	0,0,0	4	147,86,82,43	0,571,901,1269	7	circRNA	ENSRNOT00000024939	ENSRNOT00000024939	15,14,13,12	8:116546770-116550007|8:116551319-116552497
7	30388395	30394054	circular_RNA/8	1	-	30388395	30388395	0,0,0	7	79,99,57,136,124,69,118	0,163,1038,1205,2316,4158,5541	8	circRNA	ENSRNOT00000010414	ENSRNOT00000010414	8,7,6,5,4,3,2	7:30382673-30388395|7:30394054-30397798
7	30714505	30735182	circular_RNA/3	0	+	30714505	30714505	0,0,0	5	297,76,102,117,167	0,12972,14158,17095,20510	3	circRNA	ENSRNOT00000059269	ENSRNOT00000059269	7,8,9,10,11	7:30712706-30714505|7:30735182-30824947
7	50436464	50519024	circular_RNA/4	1	-	50436464	50436464	0,0,0	2	62,101	0,82459	4	circRNA	ENSRNOT00000048880	ENSRNOT00000048880	3,2	7:50278844-50436464|7:50519024-50638636
7	52335387	52380182	circular_RNA/9	0	-	52335387	52335387	0,0,0	5	116,1030,122,184,73	0,13620,27165,41689,44722	9	circRNA	ENSRNOT00000082100	ENSRNOT00000082100	7,6,5,4,3	7:52318397-52335387|7:52380182-52404024
7	76814962	76817239	circular_RNA/8	0	-	76814962	76814962	0,0,0	3	132,112,124	0,1478,2153	8	circRNA	ENSRNOT00000009115	ENSRNOT00000009115	33,32,31	7:76814653-76814962|7:76817239-76818800
7	78347123	78375555	circular_RNA/3	0	+	78347123	78347123	0,0,0	10	68,120,100,124,47,113,48,131,172,154	0,1956,3923,4998,7393,10184,16104,19309,25912,28278	3	circRNA	ENSRNOT00000050753	ENSRNOT00000050753	5,6,7,8,9,10,11,12,13,14	7:78333592-78347123|7:78375555-78404131
7	81386432	81437431	circular_RNA/10	1	-	81386432	81386432	0,0,0	5	167,102,128,230,122	0,8393,16832,35722,50877	10	circRNA	ENSRNOT00000007979	ENSRNOT00000007979	7,6,5,4,3	7:81360393-81386432|7:81437431-81448559
7	114490397	114499158	circular_RNA/5	1	-	114490397	114490397	0,0,0	5	90,101,116,101,85	0,2458,3929,5782,8676	5	circRNA	ENSRNOT00000011219	ENSRNOT00000011219	19,18,17,16,15	7:114488042-114490397|7:114499158-114504695
7	137216396	137256074	circular_RNA/8	1	+	137216396	137216396	0,0,0	2	83,129	0,39549	8	circRNA	ENSRNOT00000068742	ENSRNOT00000068742	3,4	7:137186024-137216396|7:137256074-137274285
18	71136035	71149287	circular_RNA/3	1	+	71136035	71136035	0,0,0	5	180,179,126,114,95	0,5346,9379,11736,13157	3	circRNA	ENSRNOT00000024950	ENSRNOT00000024950	9,10,11,12,13	18:71104420-71136035|18:71149287-71221089
18	77381996	77477111	circular_RNA/12	0	-	77381996	77381996	0,0,0	9	249,113,143,161,77,76,81,95,52	0,2038,19887,31446,58719,65515,68255,84023,95063	12	circRNA	ENSRNOT00000041380	ENSRNOT00000041380	15,14,13,12,11,10,9,8,7	18:77372387-77381996|18:77477111-77484238
5	5917977	5961759	circular_RNA/3	1	+	5917977	5917977	0,0,0	4	133,212,165,199	0,2789,17720,43583	3	circRNA	ENSRNOT00000011940	ENSRNOT00000011940	3,4,5,6	5:5870123-5917977|5:5961759-5975131
5	106171073	106171781	circular_RNA/17	1	-	106171073	106171073	0,0,0	1	708	0	17	circRNA	ENSRNOT00000015094	ENSRNOT00000015094	3	5:106121498-106171073|5:106171781-106202419
5	106171073	106202563	circular_RNA/21	1	-	106171073	106171073	0,0,0	2	708,144	0,31346	21	circRNA	ENSRNOT00000015094	ENSRNOT00000015094	3,2	5:106121498-106171073|5:106202563-106206318
5	147366625	147368505	circular_RNA/8	1	-	147366625	147366625	0,0,0	2	791,117	0,1763	8	circRNA	ENSRNOT00000009436	ENSRNOT00000009436	3,2	5:147365116-147366625|5:147368505-147374889
5	150850431	150872849	circular_RNA/9	1	+	150850431	150850431	0,0,0	6	102,44,80,67,137,138	0,4730,8641,11796,14982,22280	9	circRNA	ENSRNOT00000082945	ENSRNOT00000082945	2,3,4,5,6,7	5:150787174-150850431|5:150872849-150880354
5	151944768	151947717	circular_RNA/28	0	-	151944768	151944768	0,0,0	3	117,456,213	0,1378,2736	28	circRNA	ENSRNOT00000009173	ENSRNOT00000009173	4,3,2	5:151921981-151944768|5:151947717-151976770
3	2030743	2037677	circular_RNA/6	0	-	2030743	2030743	0,0,0	3	121,189,158	0,6139,6776	6	circRNA	ENSRNOT00000066777	ENSRNOT00000066777	6,5,4	3:2025998-2030743|3:2037677-2051008
3	13510409	13522529	circular_RNA/3	1	+	13510409	13510409	0,0,0	3	328,90,149	0,2878,11971	3	circRNA	ENSRNOT00000023889	ENSRNOT00000023889	2,3,4	3:13485352-13510409|3:13522529-13571652
3	13513287	13602354	circular_RNA/5	1	+	13513287	13513287	0,0,0	5	90,149,173,177,110	0,9093,58365,74642,88957	5	circRNA	ENSRNOT00000023889	ENSRNOT00000023889	3,4,5,6,7	3:13510737-13513287|3:13602354-13645147
3	54455978	54510171	circular_RNA/7	1	-	54455978	54455978	0,0,0	6	68,63,30,123,66,49	0,1928,7219,7342,53962,54144	7	circRNA	ENSRNOT00000037133	ENSRNOT00000037133	14,13,12,11,10,9	3:54414158-54455978|3:54510171-54516975
3	56223644	56235421	circular_RNA/9	1	+	56223644	56223644	0,0,0	4	89,150,134,111	0,1788,5936,11666	9	circRNA	ENSRNOT00000011380	ENSRNOT00000011380	24,25,26,27	3:56216036-56223644|3:56235421-56239996
3	56235310	56252375	circular_RNA/8	0	+	56235310	56235310	0,0,0	5	111,213,137,86,106	0,4686,7046,13669,16959	8	circRNA	ENSRNOT00000011380	ENSRNOT00000011380	27,28,29,30,31	3:56229714-56235310|3:56252375-56259824
3	59653910	59680308	circular_RNA/4	0	-	59653910	59653910	0,0,0	2	193,1360	0,25038	4	circRNA	ENSRNOT00000078752	ENSRNOT00000078752	4,3	3:59648692-59653910|3:59680308-59687513
3	97727431	97774745	circular_RNA/13	1	+	97727431	97727431	0,0,0	2	248,182	0,47132	13	circRNA	ENSRNOT00000065168	ENSRNOT00000065168	2,3	3:97721716-97727431|3:97774745-97813058
3	118399577	118409116	circular_RNA/1	1	-	118399577	118399577	0,0,0	6	102,99,102,36,68,232	0,3165,6646,7224,7648,9307	1	circRNA	ENSRNOT00000055995	ENSRNOT00000055995	9,8,7,6,5,4	3:118392967-118399577|3:118409116-118421524
2	3809212	3860857	circular_RNA/6	1	+	3809212	3809212	0,0,0	9	171,131,187,94,103,103,102,75,120	0,12003,25423,30370,46789,48593,49023,49591,51525	6	circRNA	ENSRNOT00000093593	ENSRNOT00000093593	7,8,9,10,11,12,13,14,15	2:3788653-3809212|2:3860857-3947955
2	4143949	4174344	circular_RNA/1	0	-	4143949	4143949	0,0,0	10	166,129,164,159,54,135,144,144,141,163	0,934,9923,10826,11971,12899,15148,16046,16579,30232	1	circRNA	ENSRNOT00000018457	ENSRNOT00000018457	14,13,12,11,10,9,8,7,6,5	2:4116697-4143949|2:4174344-4186704
2	22950022	22964734	circular_RNA/16	1	+	22950022	22950022	0,0,0	4	157,132,93,140	0,4702,7334,14572	16	circRNA	ENSRNOT00000073871	ENSRNOT00000073871	2,3,4,5	2:22910433-22950022|2:22964734-22997105
2	27181771	27222115	circular_RNA/5	0	+	27181771	27181771	0,0,0	6	153,130,75,90,155,210	0,2348,5396,7665,11211,40134	5	circRNA	ENSRNOT00000019553	ENSRNOT00000019553	6,7,8,9,10,11	2:27142673-27181771|2:27222115-27233169
2	45801785	45859187	circular_RNA/6	1	+	45801785	45801785	0,0,0	3	145,60,209	0,12146,57193	6	circRNA	ENSRNOT00000014761	ENSRNOT00000014761	2,3,4	2:45669016-45801785|2:45859187-46050414
2	88402688	88408123	circular_RNA/9	1	-	88402688	88402688	0,0,0	5	149,148,197,201,176	0,841,2516,4960,5259	9	circRNA	ENSRNOT00000014762	ENSRNOT00000014762	9,8,7,6,5	2:88398717-88402688|2:88408123-88410463
2	113177839	113233581	circular_RNA/2	1	-	113177839	113177839	0,0,0	7	54,139,60,152,59,291,244	0,2812,11934,14634,20115,51726,55498	2	circRNA	ENSRNOT00000034096	ENSRNOT00000034096	10,9,8,7,6,5,4	2:113161033-113177839|2:113233581-113247766
2	119374435	119405809	circular_RNA/1	1	-	119374435	119374435	0,0,0	6	96,97,124,195,112,105	0,11462,12735,13953,21730,31269	1	circRNA	ENSRNOT00000015200	ENSRNOT00000015200	7,6,5,4,3,2	2:119337771-119374435|2:119405809-119537678
2	128562841	128603024	circular_RNA/2	1	-	128562841	128562841	0,0,0	9	197,193,146,75,72,99,178,92,91	0,6453,11779,14347,17614,22542,27570,36253,40092	2	circRNA	ENSRNOT00000019256	ENSRNOT00000019256	18,17,16,15,14,13,12,11,10	2:128528306-128562841|2:128603024-128619073
2	180994831	181012934	circular_RNA/4	0	-	180994831	180994831	0,0,0	6	134,117,231,198,119,101	0,908,2063,3235,15118,18002	4	circRNA	ENSRNOT00000064930	ENSRNOT00000064930	8,7,6,5,4,3	2:180985174-180994831|2:181012934-181025355
2	189723523	189726207	circular_RNA/10	1	+	189723523	189723523	0,0,0	3	132,171,316	0,1472,2368	10	circRNA	ENSRNOT00000021502	ENSRNOT00000021502	5,6,7	2:189722569-189723523|2:189726207-189728802
6	14480489	14490352	circular_RNA/6	1	-	14480489	14480489	0,0,0	3	191,382,123	0,1318,9740	6	circRNA	ENSRNOT00000071402	ENSRNOT00000071402	6,5,4	6:14457864-14480489|6:14490352-14513632
6	51333935	51333971	circular_RNA/1	0	-	51333935	51333935	0,0,0	1	36	0	1	circRNA	ENSRNOT00000012415	ENSRNOT00000012415	2	6:51297225-51333935|6:51333971-51356077
6	91938500	91961861	circular_RNA/2	1	-	91938500	91938500	0,0,0	6	111,144,207,165,132,126	0,3677,7249,15653,17074,23235	2	circRNA	ENSRNOT00000089891	ENSRNOT00000089891	7,6,5,4,3,2	6:91933848-91938500|6:91961861-92007830
11	34065891	34070810	circular_RNA/7	0	+	34065891	34065891	0,0,0	2	143,129	0,4790	7	circRNA	ENSRNOT00000064751	ENSRNOT00000064751	5,6	11:34064262-34065891|11:34070810-34071418
10	16724061	16730140	circular_RNA/17	0	-	16724061	16724061	0,0,0	3	1090,126,195	0,3674,5884	17	circRNA	ENSRNOT00000079462	ENSRNOT00000079462	4,3,2	10:16712067-16724061|10:16730140-16752154
10	29318808	29330456	circular_RNA/6	1	+	29318808	29318808	0,0,0	2	944,120	0,11528	6	circRNA	ENSRNOT00000067013	ENSRNOT00000067013	2,3	10:29289736-29318808|10:29330456-29333212
10	30980708	30993573	circular_RNA/1	1	+	30980708	30980708	0,0,0	7	105,97,109,165,178,247,70	0,621,2795,3728,8022,11500,12795	1	circRNA	ENSRNOT00000035346	ENSRNOT00000035346	2,3,4,5,6,7,8	10:30834050-30980708|10:30993573-31000441
10	35877075	35877135	circular_RNA/1	1	+	35877075	35877075	0,0,0	1	60	0	1	circRNA	ENSRNOT00000078505	ENSRNOT00000078505	10	10:35876397-35877075|10:35877135-35877226
10	73705448	73708421	circular_RNA/8	1	-	73705448	73705448	0,0,0	2	101,174	0,2799	8	circRNA	ENSRNOT00000035280	ENSRNOT00000035280	28,27	10:73703036-73705448|10:73708421-73709815
10	95886288	95893306	circular_RNA/12	1	+	95886288	95886288	0,0,0	4	80,634,235,517	0,3900,5119,6501	12	circRNA	ENSRNOT00000030300	ENSRNOT00000030300	26,27,28,29	10:95884361-95886288|10:95893306-95905201
13	31092208	31209056	circular_RNA/7	1	+	31092208	31092208	0,0,0	10	406,295,120,168,188,254,137,122,118,252	0,48212,52161,60531,70706,94025,111534,112489,113276,116596	7	circRNA	ENSRNOT00000041413	ENSRNOT00000041413	2,3,4,5,6,7,8,9,10,11	13:31082516-31092208|13:31209056-31227591
13	35748507	35784163	circular_RNA/11	1	-	35748507	35748507	0,0,0	7	173,64,89,88,121,53,45	0,3657,20911,24990,34679,35074,35611	11	circRNA	ENSRNOT00000003568	ENSRNOT00000003568	12,11,10,9,8,7,6	13:35736524-35748507|13:35784163-35789304
13	67655685	67658457	circular_RNA/8	1	+	67655685	67655685	0,0,0	2	209,273	0,2499	8	circRNA	ENSRNOT00000063833	ENSRNOT00000063833	37,38	13:67654898-67655685|13:67658457-67659301
13	73615096	73622224	circular_RNA/1	1	-	73615096	73615096	0,0,0	5	617,160,112,47,86	0,2924,4276,5473,7042	1	circRNA	ENSRNOT00000005195	ENSRNOT00000005195	6,5,4,3,2	13:73588335-73615096|13:73622224-73637713
13	83601156	83607039	circular_RNA/9	0	-	83601156	83601156	0,0,0	4	322,69,116,118	0,537,1031,5765	9	circRNA	ENSRNOT00000004199	ENSRNOT00000004199	16,15,14,13	13:83595098-83601156|13:83607039-83616628
12	40269633	40270510	circular_RNA/1	0	-	40269633	40269633	0,0,0	2	228,146	0,731	1	circRNA	ENSRNOT00000001691	ENSRNOT00000001691	22,21	12:40267854-40269633|12:40270510-40275448
15	2849125	2867333	circular_RNA/10	1	-	2849125	2849125	0,0,0	9	94,162,142,116,122,383,133,82,116	0,2981,6046,8361,10304,11879,15028,17798,18092	10	circRNA	ENSRNOT00000070893	ENSRNOT00000070893	11,10,9,8,7,6,5,4,3	15:2822163-2849125|15:2867333-2876226
15	55151602	55185687	circular_RNA/3	0	-	55151602	55151602	0,0,0	14	197,77,32,57,117,88,78,110,78,143,111,68,39,120	0,1760,1918,2039,2748,8570,12239,13226,14978,16874,21322,26289,27353,33965	3	circRNA	ENSRNOT00000021752	ENSRNOT00000021752	16,15,14,13,12,11,10,9,8,7,6,5,4,3	15:55104181-55151602|15:55185687-55188655
14	113901836	113910243	circular_RNA/15	1	+	113901836	113901836	0,0,0	5	165,162,278,144,187	0,2645,4679,5171,8220	15	circRNA	ENSRNOT00000067591	ENSRNOT00000067591	8,9,10,11,12	14:113890309-113901836|14:113910243-113914534
17	34787651	34799549	circular_RNA/7	1	+	34787651	34787651	0,0,0	3	67,117,142	0,3755,11756	7	circRNA	ENSRNOT00000092101	ENSRNOT00000092101	22,23,24	17:34785102-34787651|17:34799549-34828758
17	52410840	52555114	circular_RNA/9	1	-	52410840	52410840	0,0,0	3	106,243,165	0,66491,144109	9	circRNA	ENSRNOT00000019396	ENSRNOT00000019396	4,3,2	17:52386139-52410840|17:52555114-52568861
17	70265493	70279583	circular_RNA/3	1	+	70265493	70265493	0,0,0	7	101,104,73,63,714,246,877	0,905,2318,2491,5766,7933,13213	3	circRNA	ENSRNOT00000048933	ENSRNOT00000048933	4,5,6,7,8,9,10	17:70262682-70265493|17:70279583-70281226
16	54080266	54093004	circular_RNA/3	0	-	54080266	54080266	0,0,0	8	359,172,191,146,220,198,191,141	0,2855,6127,6809,7061,8868,11385,12597	3	circRNA	ENSRNOT00000014202	ENSRNOT00000014202	22,21,20,19,18,17,16,15	16:54067143-54080266|16:54093004-54095399
1	59304989	59314405	circular_RNA/4	0	-	59304989	59304989	0,0,0	4	162,185,157,184	0,1647,7926,9232	4	circRNA	ENSRNOT00000017718	ENSRNOT00000017718	14,13,12,11	1:59299036-59304989|1:59314405-59322437
1	68470053	68479469	circular_RNA/2	1	+	68470053	68470053	0,0,0	4	184,157,185,162	0,1333,7584,9254	2	circRNA	ENSRNOT00000080325	ENSRNOT00000080325	12,13,14,15	1:68462277-68470053|1:68479469-68486685
1	73860062	73867801	circular_RNA/2	1	+	73860062	73860062	0,0,0	5	327,117,43,38,50	0,7156,7367,7495,7689	2	circRNA	ENSRNOT00000036413	ENSRNOT00000036413	3,4,5,6,7	1:73839810-73860062|1:73867801-73868223
1	104792187	104821976	circular_RNA/10	1	+	104792187	104792187	0,0,0	4	113,109,390,123	0,1083,2988,29666	10	circRNA	ENSRNOT00000046529	ENSRNOT00000046529	8,9,10,11	1:104787042-104792187|1:104821976-104871099
1	185233418	185234547	circular_RNA/5	1	+	185233418	185233418	0,0,0	1	1129	0	5	circRNA	ENSRNOT00000055120	ENSRNOT00000055120	3	1:185211770-185233418|1:185234547-185252578
1	185306403	185307538	circular_RNA/10	1	+	185306403	185306403	0,0,0	2	105,93	0,1042	10	circRNA	ENSRNOT00000055120	ENSRNOT00000055120	21,22	1:185304499-185306403|1:185307538-185310291
1	192952649	192955267	circular_RNA/3	0	+	192952649	192952649	0,0,0	5	104,338,97,79,55	0,229,2166,2392,2563	3	circRNA	ENSRNOT00000035770	ENSRNOT00000035770	9,10,11,12,13	1:192951628-192952649|1:192955267-192957675
