20	14319169	14348042	circular_RNA/1	0	-	14319169	14319169	0,0,0	8	103,157,84,91,92,164,176,74	0,4798,7387,16815,21679,23079,27409,28799	1	circRNA	ENSRNOT00000001764	ENSRNOT00000001764	13,12,11,10,9,8,7,6	20:14292474-14319169|20:14348042-14358034
20	44909952	44925198	circular_RNA/12	1	+	44909952	44909952	0,0,0	5	126,193,112,116,119	0,5187,7349,9029,15127	12	circRNA	ENSRNOT00000057227	ENSRNOT00000057227	16,17,18,19,20	20:44908562-44909952|20:44925198-44927442
20	44915139	44943820	circular_RNA/3	1	+	44915139	44915139	0,0,0	11	193,112,116,119,119,142,245,109,207,110,115	0,2162,3842,9940,12303,15309,15844,17187,21463,24162,28566	3	circRNA	ENSRNOT00000057227	ENSRNOT00000057227	17,18,19,20,21,22,23,24,25,26,27	20:44910078-44915139|20:44943820-44947826
4	8223839	8239403	circular_RNA/1	1	-	8223839	8223839	0,0,0	4	81,230,115,185	0,3074,5052,15379	1	circRNA	ENSRNOT00000076583	ENSRNOT00000076583	5,4,3,2	4:8217614-8223839|4:8239403-8255222
4	9884922	9899465	circular_RNA/5	1	+	9884922	9884922	0,0,0	9	191,76,99,142,81,66,92,122,150	0,4918,7566,8872,10125,11437,13280,13448,14393	5	circRNA	ENSRNOT00000016909	ENSRNOT00000016909	2,3,4,5,6,7,8,9,10	4:9883151-9884922|4:9899465-9902450
4	10655702	10681514	circular_RNA/1	1	+	10655702	10655702	0,0,0	8	109,77,96,39,72,60,143,67	0,8135,10285,13197,15505,19849,21520,25745	1	circRNA	ENSRNOT00000081939	ENSRNOT00000081939	2,3,4,5,6,7,8,9	4:10631296-10655702|4:10681514-10684039
4	11098245	11152065	circular_RNA/3	0	-	11098245	11098245	0,0,0	8	144,196,178,186,249,193,92,42	0,1446,7466,9593,34567,42079,47938,53778	3	circRNA	ENSRNOT00000066643	ENSRNOT00000066643	18,17,16,15,14,13,12,11	4:11054158-11098245|4:11152065-11161057
4	15740430	15780820	circular_RNA/1	0	-	15740430	15740430	0,0,0	14	61,21,77,62,72,72,75,75,78,90,50,79,105,159	0,733,1979,8522,13302,15029,20280,21190,22998,25679,26993,27855,38474,40231	1	circRNA	ENSRNOT00000042914	ENSRNOT00000042914	24,23,22,21,20,19,18,17,16,15,14,13,12,11	4:15735821-15740430|4:15780820-15808699
4	16574715	16608452	circular_RNA/2	0	-	16574715	16574715	0,0,0	4	126,91,137,2188	0,22065,26957,31549	2	circRNA	ENSRNOT00000093412	ENSRNOT00000093412	9,8,7,6	4:16552612-16574715|4:16608452-16647212
4	16596780	16608452	circular_RNA/4	0	-	16596780	16596780	0,0,0	3	91,137,2188	0,4892,9484	4	circRNA	ENSRNOT00000093412	ENSRNOT00000093412	8,7,6	4:16574841-16596780|4:16608452-16647212
4	17032160	17033623	circular_RNA/1	0	-	17032160	17032160	0,0,0	1	1463	0	1	circRNA	ENSRNOT00000093412	ENSRNOT00000093412	3	4:16669365-17032160|4:17033623-17052027
4	25963494	26130679	circular_RNA/1	1	+	25963494	25963494	0,0,0	4	246,104,95,124	0,15178,123846,167061	1	circRNA	ENSRNOT00000009417	ENSRNOT00000009417	3,4,5,6	4:25832550-25963494|4:26130679-26168457
4	27509135	27524886	circular_RNA/2	1	+	27509135	27509135	0,0,0	3	273,301,183	0,3425,15568	2	circRNA	ENSRNOT00000007940	ENSRNOT00000007940	2,3,4	4:27473706-27509135|4:27524886-27537800
4	38263239	38291641	circular_RNA/1	1	+	38263239	38263239	0,0,0	5	764,145,160,112,138	0,8297,21410,27315,28264	1	circRNA	ENSRNOT00000065649	ENSRNOT00000065649	3,4,5,6,7	4:38256132-38263239|4:38291641-38304780
4	38290554	38338391	circular_RNA/1	1	+	38290554	38290554	0,0,0	11	112,138,147,271,107,96,104,132,169,51,122	0,949,14226,15805,16389,17569,18952,21089,35733,47541,47715	1	circRNA	ENSRNOT00000065649	ENSRNOT00000065649	6,7,8,9,10,11,12,13,14,15,16	4:38284809-38290554|4:38338391-38338982
4	45149454	45159760	circular_RNA/1	0	+	45149454	45149454	0,0,0	5	55,116,76,155,98	0,1284,3701,7856,10208	1	circRNA	ENSRNOT00000084736	ENSRNOT00000084736	4,5,6,7,8	4:45139491-45149454|4:45159760-45189099
4	51576408	51582344	circular_RNA/1	1	-	51576408	51576408	0,0,0	5	156,173,162,135,395	0,813,1072,3567,5541	1	circRNA	ENSRNOT00000064983	ENSRNOT00000064983	6,5,4,3,2	4:51526941-51576408|4:51582344-51586836
4	66172554	66219277	circular_RNA/2	1	+	66172554	66172554	0,0,0	14	93,102,138,104,490,71,130,119,114,144,51,43,51,1545	0,8308,21176,22681,23235,28012,34935,37141,37850,38449,39491,41988,44092,45178	2	circRNA	ENSRNOT00000064175	ENSRNOT00000064175	2,3,4,5,6,7,8,9,10,11,12,13,14,15	4:66166514-66172554|4:66219277-66226187
4	143187901	143188837	circular_RNA/2	1	+	143187901	143187901	0,0,0	1	936	0	2	circRNA	ENSRNOT00000056570	ENSRNOT00000056570	7	4:143086219-143187901|4:143188837-143300006
4	152214415	152266040	circular_RNA/1	1	-	152214415	152214415	0,0,0	5	161,132,136,12,194	0,18883,29251,40130,51431	1	circRNA	ENSRNOT00000091473	ENSRNOT00000091473	16,15,14,13,12	4:152149602-152214415|4:152266040-152270523
4	152922094	152925510	circular_RNA/1	1	+	152922094	152922094	0,0,0	1	3416	0	1	ciRNA	ENSRNOT00000056198	ENSRNOT00000056198	11	4:152922094-152925510
8	508993	509712	circular_RNA/4	1	+	508993	508993	0,0,0	1	719	0	4	circRNA	ENSRNOT00000046058	ENSRNOT00000046058	4	8:456940-508993|8:509712-759957
8	5246847	5260696	circular_RNA/2	1	-	5246847	5246847	0,0,0	2	210,117	0,13732	2	circRNA	ENSRNOT00000044174	ENSRNOT00000044174	92,91	8:5240572-5246847|8:5260696-5267559
8	23851918	23884848	circular_RNA/2	1	+	23851918	23851918	0,0,0	6	103,105,141,96,173,153	0,2491,12691,16491,26346,32777	2	circRNA	ENSRNOT00000020481	ENSRNOT00000020481	8,9,10,11,12,13	8:23846962-23851918|8:23884848-23985278
8	33279133	33335423	circular_RNA/4	1	+	33279133	33279133	0,0,0	7	85,87,138,93,123,78,82	0,17325,33187,35742,36983,38498,56208	4	circRNA	ENSRNOT00000011589	ENSRNOT00000011589	5,6,7,8,9,10,11	8:33278802-33279133|8:33335423-33368676
8	33312320	33335423	circular_RNA/3	1	+	33312320	33312320	0,0,0	5	138,93,123,78,82	0,2555,3796,5311,23021	3	circRNA	ENSRNOT00000011589	ENSRNOT00000011589	7,8,9,10,11	8:33296545-33312320|8:33335423-33368676
8	60403446	60482747	circular_RNA/1	0	-	60403446	60403446	0,0,0	13	66,137,108,153,82,143,156,141,112,118,76,171,213	0,5286,38050,38687,40178,48641,49841,57065,66072,66401,67471,68210,79088	1	circRNA	ENSRNOT00000009169	ENSRNOT00000009169	21,20,19,18,17,16,15,14,13,12,11,10,9	8:60386965-60403446|8:60482747-60493749
8	64445797	64446459	circular_RNA/1	1	+	64445797	64445797	0,0,0	1	662	0	1	ciRNA	ENSRNOT00000058339	ENSRNOT00000058339	4	8:64445797-64446459
8	64635063	64648503	circular_RNA/1	0	+	64635063	64635063	0,0,0	5	98,127,90,117,135	0,2491,6595,9174,13305	1	circRNA	ENSRNOT00000083558	ENSRNOT00000083558	7,8,9,10,11	8:64624646-64635063|8:64648503-64657512
8	64681950	64761597	circular_RNA/3	1	+	64681950	64681950	0,0,0	24	120,76,147,40,123,81,111,123,150,320,1581,82,213,113,143,224,117,189,48,112,62,193,129,106	0,5008,10500,11924,15113,16433,19471,20914,23269,25745,26713,30744,31332,42465,52386,57451,58100,58536,59583,64179,67345,77620,79107,79541	3	circRNA	ENSRNOT00000083558	ENSRNOT00000083558	15,16,17,18,19,20,21,22,23,24,25,26,27,28,29,30,31,32,33,34,35,36,37,38	8:64677365-64681950|8:64761597-64762710
8	84434783	84496011	circular_RNA/3	0	-	84434783	84434783	0,0,0	7	129,45,45,60,66,72,1467	0,8832,18500,26348,26697,47845,59761	3	circRNA	ENSRNOT00000076213	ENSRNOT00000076213	9,8,7,6,5,4,3	None|8:84496011-84505935
8	84443615	84496011	circular_RNA/1	0	-	84443615	84443615	0,0,0	6	45,45,60,66,72,1467	0,9668,17516,17865,39013,50929	1	circRNA	ENSRNOT00000076213	ENSRNOT00000076213	8,7,6,5,4,3	8:84434912-84443615|8:84496011-84505935
8	84453283	84496011	circular_RNA/3	0	-	84453283	84453283	0,0,0	5	45,60,66,72,1467	0,7848,8197,29345,41261	3	circRNA	ENSRNOT00000076213	ENSRNOT00000076213	7,6,5,4,3	8:84443660-84453283|8:84496011-84505935
8	90958619	90962468	circular_RNA/2	0	-	90958619	90958619	0,0,0	2	530,369	0,3480	2	circRNA	ENSRNOT00000044931	ENSRNOT00000044931	4,3	8:90937527-90958619|8:90962468-90983705
8	103519116	103548141	circular_RNA/1	1	-	103519116	103519116	0,0,0	7	144,140,337,196,132,203,155	0,1502,3892,6701,10488,17675,28870	1	circRNA	ENSRNOT00000079965	ENSRNOT00000079965	8,7,6,5,4,3,2	8:103509820-103519116|8:103548141-103554188
8	103809556	103825693	circular_RNA/1	1	+	103809556	103809556	0,0,0	9	121,99,104,132,163,114,99,116,147	0,213,4307,7271,8543,11003,12843,15303,15990	1	circRNA	ENSRNOT00000014481	ENSRNOT00000014481	17,18,19,20,21,22,23,24,25	8:103807454-103809556|8:103825693-103830153
8	118280342	118292661	circular_RNA/2	1	+	118280342	118280342	0,0,0	3	155,135,262	0,7371,12057	2	circRNA	ENSRNOT00000082607	ENSRNOT00000082607	24,25,26	8:118278857-118280342|8:118292661-118322966
8	118616527	118620855	circular_RNA/1	1	+	118616527	118616527	0,0,0	6	158,221,106,173,127,113	0,772,1175,1758,2253,4215	1	circRNA	ENSRNOT00000028295	ENSRNOT00000028295	5,6,7,8,9,10	8:118606356-118616527|8:118620855-118621861
8	130762664	130768360	circular_RNA/4	1	+	130762664	130762664	0,0,0	2	51,696	0,5000	4	circRNA	ENSRNOT00000079273	ENSRNOT00000079273	2,3	8:130749952-130762664|8:130768360-130792977
7	28987513	28992637	circular_RNA/2	1	+	28987513	28987513	0,0,0	5	120,42,206,65,135	0,650,2397,4580,4989	2	circRNA	ENSRNOT00000006946	ENSRNOT00000006946	3,4,5,6,7	7:28978123-28987513|7:28992637-29002460
7	30388395	30394054	circular_RNA/1	1	-	30388395	30388395	0,0,0	7	79,99,57,136,124,69,118	0,163,1038,1205,2316,4158,5541	1	circRNA	ENSRNOT00000010414	ENSRNOT00000010414	8,7,6,5,4,3,2	7:30382673-30388395|7:30394054-30397798
7	30727477	30735182	circular_RNA/3	0	+	30727477	30727477	0,0,0	4	76,102,117,167	0,1186,4123,7538	3	circRNA	ENSRNOT00000059269	ENSRNOT00000059269	8,9,10,11	7:30714802-30727477|7:30735182-30824947
7	45085900	45130028	circular_RNA/1	0	-	45085900	45085900	0,0,0	11	102,83,96,122,90,120,205,438,180,94,74	0,6956,7272,7871,8646,18140,23963,34269,37500,41125,44054	1	circRNA	ENSRNOT00000071306	ENSRNOT00000071306	22,21,20,19,18,17,16,15,14,13,12	7:45059699-45085900|7:45130028-45135269
7	78347123	78375555	circular_RNA/1	0	+	78347123	78347123	0,0,0	10	68,120,100,124,47,113,48,131,172,154	0,1956,3923,4998,7393,10184,16104,19309,25912,28278	1	circRNA	ENSRNOT00000050753	ENSRNOT00000050753	5,6,7,8,9,10,11,12,13,14	7:78333592-78347123|7:78375555-78404131
7	78366432	78462388	circular_RNA/2	1	+	78366432	78366432	0,0,0	11	131,172,154,69,157,111,66,180,110,42,101	0,6603,8969,37699,47485,48802,55210,66394,67428,87301,95855	2	circRNA	ENSRNOT00000050753	ENSRNOT00000050753	12,13,14,15,16,17,18,19,20,21,22	7:78363275-78366432|7:78462388-78482253
7	78404131	78462388	circular_RNA/3	1	+	78404131	78404131	0,0,0	8	69,157,111,66,180,110,42,101	0,9786,11103,17511,28695,29729,49602,58156	3	circRNA	ENSRNOT00000050753	ENSRNOT00000050753	15,16,17,18,19,20,21,22	7:78375555-78404131|7:78462388-78482253
7	105375001	105436763	circular_RNA/2	0	-	105375001	105375001	0,0,0	7	159,79,173,90,202,101,198	0,8343,19668,29674,31761,40403,61564	2	circRNA	ENSRNOT00000006789	ENSRNOT00000006789	14,13,12,11,10,9,8	7:105358536-105375001|7:105436763-105452868
X	23487885	23492990	circular_RNA/1	0	-	23487885	23487885	0,0,0	3	163,546,192	0,1720,4913	1	circRNA	ENSRNOT00000059431	ENSRNOT00000059431	8,7,6	X:23483424-23487885|X:23492990-23519932
X	51492811	51882456	circular_RNA/1	1	+	51492811	51492811	0,0,0	8	62,93,78,93,173,119,182,132	0,199214,204511,220593,226669,301911,388222,389513	1	circRNA	ENSRNOT00000035692	ENSRNOT00000035692	2,3,4,5,6,7,8,9	X:51286978-51492811|X:51882456-51958186
X	76898741	76924369	circular_RNA/1	0	-	76898741	76898741	0,0,0	8	3029,68,110,114,125,53,56,113	0,3918,5504,9748,13254,14101,15550,25515	1	circRNA	ENSRNOT00000091284	ENSRNOT00000091284	9,8,7,6,5,4,3,2	X:76892470-76898741|X:76924369-76978878
X	82944976	82955448	circular_RNA/3	0	-	82944976	82944976	0,0,0	2	1110,147	0,10325	3	circRNA	ENSRNOT00000077587	ENSRNOT00000077587	3,2	X:82933021-82944976|X:82955448-82985915
X	104429942	104487794	circular_RNA/4	0	-	104429942	104429942	0,0,0	3	173,59,328	0,7628,57524	4	circRNA	ENSRNOT00000064458	ENSRNOT00000064458	4,3,2	X:104393055-104429942|X:104487794-104491567
X	114956227	114999004	circular_RNA/3	1	+	114956227	114956227	0,0,0	7	202,101,154,38,132,166,64	0,15871,21325,22307,33632,35864,42713	3	circRNA	ENSRNOT00000006459	ENSRNOT00000006459	2,3,4,5,6,7,8	X:114929061-114956227|X:114999004-115017926
X	123718251	123720910	circular_RNA/5	0	-	123718251	123718251	0,0,0	2	161,183	0,2476	5	circRNA	ENSRNOT00000032618	ENSRNOT00000032618	8,7	X:123717432-123718251|X:123720910-123721314
X	124836597	124847179	circular_RNA/1	1	-	124836597	124836597	0,0,0	10	153,173,106,114,108,86,111,105,193,119	0,2326,3671,4586,5687,6969,7801,8510,9632,10463	1	circRNA	ENSRNOT00000065023	ENSRNOT00000065023	22,21,20,19,18,17,16,15,14,13	X:124833510-124836597|X:124847179-124847589
18	3166464	3204722	circular_RNA/1	0	+	3166464	3166464	0,0,0	8	204,43,96,113,67,176,105,98	0,9837,13264,24636,28055,32751,35949,38160	1	circRNA	ENSRNOT00000078615	ENSRNOT00000078615	2,3,4,5,6,7,8,9	18:3162724-3166464|18:3204722-3206551
18	6249296	6279570	circular_RNA/1	1	+	6249296	6249296	0,0,0	7	118,112,170,131,126,57,105	0,678,8042,12703,17923,21780,30169	1	circRNA	ENSRNOT00000037955	ENSRNOT00000037955	8,9,10,11,12,13,14	18:6233603-6249296|18:6279570-6316593
18	27261575	27278436	circular_RNA/3	0	-	27261575	27261575	0,0,0	4	139,161,142,178	0,8419,16251,16683	3	circRNA	ENSRNOT00000027663	ENSRNOT00000027663	8,7,6,5	18:27250440-27261575|18:27278436-27280716
18	31884699	31908030	circular_RNA/1	0	-	31884699	31884699	0,0,0	3	151,139,160	0,10681,23171	1	circRNA	ENSRNOT00000090882	ENSRNOT00000090882	20,19,18	18:31825568-31884699|18:31908030-31948630
18	36640588	36645658	circular_RNA/4	1	+	36640588	36640588	0,0,0	4	154,297,144,120	0,1163,3189,4950	4	circRNA	ENSRNOT00000036613	ENSRNOT00000036613	12,13,14,15	18:36639900-36640588|18:36645658-36646803
18	36882025	36882786	circular_RNA/1	1	+	36882025	36882025	0,0,0	2	165,183	0,578	1	circRNA	ENSRNOT00000025467	ENSRNOT00000025467	17,18	18:36878617-36882025|18:36882786-36885131
18	44587881	44628918	circular_RNA/1	1	+	44587881	44587881	0,0,0	11	158,93,50,86,202,118,87,122,142,61,128	0,7494,7614,9747,10870,12434,24309,26720,27598,35700,40909	1	circRNA	ENSRNOT00000031812	ENSRNOT00000031812	29,30,31,32,33,34,35,36,37,38,39	18:44577270-44587881|18:44628918-44632738
18	61328527	61340634	circular_RNA/2	1	+	61328527	61328527	0,0,0	3	177,163,282	0,7008,11825	2	circRNA	ENSRNOT00000082403	ENSRNOT00000082403	4,5,6	18:61323870-61328527|18:61340634-61361848
18	66581615	66603887	circular_RNA/3	1	-	66581615	66581615	0,0,0	4	117,227,163,66	0,5119,15437,22206	3	circRNA	ENSRNOT00000064947	ENSRNOT00000064947	24,23,22,21	18:66566465-66581615|18:66603887-66622850
18	69634005	69657373	circular_RNA/4	0	-	69634005	69634005	0,0,0	9	169,184,51,117,120,213,30,175,377	0,835,8124,9446,9654,13496,20499,21136,22991	4	circRNA	ENSRNOT00000082484	ENSRNOT00000082484	10,9,8,7,6,5,4,3,2	18:69629556-69634005|18:69657373-69671137
18	71136035	71149287	circular_RNA/5	1	+	71136035	71136035	0,0,0	5	180,179,126,114,95	0,5346,9379,11736,13157	5	circRNA	ENSRNOT00000024950	ENSRNOT00000024950	9,10,11,12,13	18:71104420-71136035|18:71149287-71221089
5	12156801	12172003	circular_RNA/3	1	-	12156801	12156801	0,0,0	2	103,419	0,14783	3	circRNA	ENSRNOT00000007769	ENSRNOT00000007769	3,2	5:12143701-12156801|5:12172003-12199175
5	28538336	28597674	circular_RNA/2	1	-	28538336	28538336	0,0,0	4	54,77,122,137	0,5143,18808,59201	2	circRNA	ENSRNOT00000009718	ENSRNOT00000009718	9,8,7,6	5:28520865-28538336|5:28597674-28654126
5	29851600	29865341	circular_RNA/2	0	-	29851600	29851600	0,0,0	5	162,50,158,156,154	0,1139,5489,11096,13587	2	circRNA	ENSRNOT00000012963	ENSRNOT00000012963	6,5,4,3,2	5:29848558-29851600|5:29865341-29870083
5	33614540	33664435	circular_RNA/1	0	-	33614540	33614540	0,0,0	22	73,97,105,121,141,134,160,89,72,76,129,85,55,175,96,325,185,67,138,125,139,91	0,788,3098,5360,9696,9934,13214,17413,20807,21013,22230,22473,22639,24175,25581,30430,35408,37941,38097,43741,44456,49804	1	circRNA	ENSRNOT00000009047	ENSRNOT00000009047	22,21,20,19,18,17,16,15,14,13,12,11,10,9,8,7,6,5,4,3,2,1	5:33609508-33614540|None
5	43607056	43611262	circular_RNA/1	0	+	43607056	43607056	0,0,0	2	65,670	0,3536	1	circRNA	ENSRNOT00000009899	ENSRNOT00000009899	2,3	5:43603139-43607056|5:43611262-43659899
5	62081719	62093458	circular_RNA/2	1	+	62081719	62081719	0,0,0	5	150,123,229,125,70	0,3622,8329,10014,11669	2	circRNA	ENSRNOT00000012478	ENSRNOT00000012478	3,4,5,6,7	5:62071559-62081719|5:62093458-62094192
5	62334093	62365914	circular_RNA/1	1	-	62334093	62334093	0,0,0	6	123,108,133,151,81,61	0,7105,17149,19445,23188,31760	1	circRNA	ENSRNOT00000011573	ENSRNOT00000011573	13,12,11,10,9,8	5:62296800-62334093|5:62365914-62411460
5	78911985	78912882	circular_RNA/1	1	+	78911985	78911985	0,0,0	1	897	0	1	ciRNA	ENSRNOT00000037313	ENSRNOT00000037313	3	5:78911985-78918714
5	106171073	106171781	circular_RNA/2	1	-	106171073	106171073	0,0,0	1	708	0	2	circRNA	ENSRNOT00000015094	ENSRNOT00000015094	3	5:106121498-106171073|5:106171781-106202419
5	106171073	106202563	circular_RNA/2	1	-	106171073	106171073	0,0,0	2	708,144	0,31346	2	circRNA	ENSRNOT00000015094	ENSRNOT00000015094	3,2	5:106121498-106171073|5:106202563-106206318
5	122580013	122593611	circular_RNA/1	0	-	122580013	122580013	0,0,0	4	152,87,224,195	0,1891,5904,13403	1	circRNA	ENSRNOT00000046691	ENSRNOT00000046691	11,10,9,8	5:122569908-122580013|5:122593611-122605824
5	135818987	135829631	circular_RNA/1	1	+	135818987	135818987	0,0,0	4	357,149,151,180	0,5962,8981,10464	1	circRNA	ENSRNOT00000068267	ENSRNOT00000068267	2,3,4,5	5:135735967-135818987|5:135829631-135837485
5	138663569	138672576	circular_RNA/1	1	+	138663569	138663569	0,0,0	6	129,175,414,102,192,111	0,3302,3992,5661,7270,8896	1	circRNA	ENSRNOT00000083754	ENSRNOT00000083754	6,7,8,9,10,11	5:138656604-138663569|5:138672576-138674126
5	141066189	141067811	circular_RNA/2	0	-	141066189	141066189	0,0,0	4	170,120,207,156	0,906,1154,1466	2	circRNA	ENSRNOT00000084109	ENSRNOT00000084109	82,81,80,79	5:141065640-141066189|5:141067811-141069512
5	144367259	144380803	circular_RNA/3	0	-	144367259	144367259	0,0,0	6	102,135,195,91,160,185	0,1949,2796,5692,7324,13359	3	circRNA	ENSRNOT00000042371	ENSRNOT00000042371	17,16,15,14,13,12	5:144365623-144367259|5:144380803-144382491
5	144910321	144915213	circular_RNA/2	0	-	144910321	144910321	0,0,0	4	116,145,38,141	0,2984,4041,4751	2	circRNA	ENSRNOT00000016992	ENSRNOT00000016992	19,18,17,16	5:144907761-144910321|5:144915213-144916445
5	147340911	147368505	circular_RNA/1	1	-	147340911	147340911	0,0,0	5	85,92,83,791,117	0,22599,24122,25714,27477	1	circRNA	ENSRNOT00000009436	ENSRNOT00000009436	6,5,4,3,2	5:147336907-147340911|5:147368505-147374889
5	147363510	147368505	circular_RNA/6	1	-	147363510	147363510	0,0,0	4	92,83,791,117	0,1523,3115,4878	6	circRNA	ENSRNOT00000009436	ENSRNOT00000009436	5,4,3,2	5:147340996-147363510|5:147368505-147374889
5	150850431	150865550	circular_RNA/3	1	+	150850431	150850431	0,0,0	5	102,44,80,67,137	0,4730,8641,11796,14982	3	circRNA	ENSRNOT00000082945	ENSRNOT00000082945	2,3,4,5,6	5:150787174-150850431|5:150865550-150872711
5	151944768	151947717	circular_RNA/2	0	-	151944768	151944768	0,0,0	3	117,456,213	0,1378,2736	2	circRNA	ENSRNOT00000009173	ENSRNOT00000009173	4,3,2	5:151921981-151944768|5:151947717-151976770
3	11394658	11396393	circular_RNA/1	1	+	11394658	11394658	0,0,0	2	72,230	0,1505	1	circRNA	ENSRNOT00000064792	ENSRNOT00000064792	3,4	3:11393247-11394658|3:11396393-11399377
3	13270113	13288615	circular_RNA/1	1	-	13270113	13270113	0,0,0	3	136,191,242	0,7297,18260	1	circRNA	ENSRNOT00000082036	ENSRNOT00000082036	6,5,4	3:13247875-13270113|3:13288615-13434880
3	13510409	13522529	circular_RNA/7	1	+	13510409	13510409	0,0,0	3	328,90,149	0,2878,11971	7	circRNA	ENSRNOT00000023889	ENSRNOT00000023889	2,3,4	3:13485352-13510409|3:13522529-13571652
3	21721365	21736929	circular_RNA/2	1	+	21721365	21721365	0,0,0	9	199,223,205,175,158,111,67,103,170	0,2826,3835,6098,7566,10961,11396,13518,15394	2	circRNA	ENSRNOT00000013378	ENSRNOT00000013378	2,3,4,5,6,7,8,9,10	3:21698218-21721365|3:21736929-21745390
3	33465219	33467909	circular_RNA/1	1	+	33465219	33465219	0,0,0	2	327,221	0,2469	1	circRNA	ENSRNOT00000034632	ENSRNOT00000034632	5,6	3:33452338-33465219|3:33467909-33472322
3	54455978	54519757	circular_RNA/1	0	-	54455978	54455978	0,0,0	9	68,63,30,123,66,49,134,102,110	0,1928,7219,7342,53962,54144,60997,63239,63669	1	circRNA	ENSRNOT00000037133	ENSRNOT00000037133	14,13,12,11,10,9,8,7,6	3:54414158-54455978|3:54519757-54547245
3	54509940	54519757	circular_RNA/2	0	-	54509940	54509940	0,0,0	5	66,49,134,102,110	0,182,7035,9277,9707	2	circRNA	ENSRNOT00000037133	ENSRNOT00000037133	10,9,8,7,6	3:54463443-54509940|3:54519757-54547245
3	58839908	58869061	circular_RNA/1	0	+	58839908	58839908	0,0,0	13	54,107,122,8,30,78,54,14,85,61,77,147,116	0,368,3328,6722,6732,6764,6844,6900,24103,24666,26404,26822,29037	1	circRNA	ENSRNOT00000010630	ENSRNOT00000010630	7,8,9,10,11,12,13,14,15,16,17,18,19	3:58806413-58839908|3:58869061-58874106
3	59653910	59680308	circular_RNA/1	0	-	59653910	59653910	0,0,0	2	193,1360	0,25038	1	circRNA	ENSRNOT00000078752	ENSRNOT00000078752	4,3	3:59648692-59653910|3:59680308-59687513
3	59678948	59680308	circular_RNA/4	0	-	59678948	59678948	0,0,0	1	1360	0	4	circRNA	ENSRNOT00000078752	ENSRNOT00000078752	3	3:59654103-59678948|3:59680308-59687513
3	60747626	60753137	circular_RNA/2	0	-	60747626	60747626	0,0,0	4	115,179,129,119	0,784,5120,5392	2	circRNA	ENSRNOT00000002174	ENSRNOT00000002174	9,8,7,6	3:60744829-60747626|3:60753137-60755941
3	104980954	104984877	circular_RNA/2	1	+	104980954	104980954	0,0,0	8	496,35,157,23,26,21,30,166	0,580,669,1434,1699,1961,2527,3757	2	circRNA	ENSRNOT00000042103	ENSRNOT00000042103	5,6,7,8,9,10,11,12	3:104936645-104980954|3:104984877-105017126
3	111713472	111749214	circular_RNA/1	1	+	111713472	111713472	0,0,0	17	940,79,96,132,105,668,346,227,183,70,518,148,624,291,1463,128,52	0,2852,3033,4820,5182,6650,9261,15063,15856,16555,18687,22279,23953,28985,29467,33829,35690	1	circRNA	ENSRNOT00000067865	ENSRNOT00000067865	2,3,4,5,6,7,8,9,10,11,12,13,14,15,16,17,18	3:111700147-111713472|3:111749214-111753491
3	118038291	118043500	circular_RNA/1	0	-	118038291	118038291	0,0,0	2	325,179	0,5030	1	circRNA	ENSRNOT00000011551	ENSRNOT00000011551	3,2	3:118036471-118038291|3:118043500-118051128
3	121519926	121533453	circular_RNA/5	1	+	121519926	121519926	0,0,0	4	181,120,268,137	0,3857,8937,13390	5	circRNA	ENSRNOT00000024322	ENSRNOT00000024322	2,3,4,5	3:121499603-121519926|3:121533453-121537982
3	145092633	145098350	circular_RNA/2	1	+	145092633	145092633	0,0,0	2	86,558	0,5159	2	circRNA	ENSRNOT00000068210	ENSRNOT00000068210	2,3	3:145032259-145092633|3:145098350-145129224
3	163592871	163600633	circular_RNA/3	1	+	163592871	163592871	0,0,0	4	147,180,256,69	0,1135,1928,7693	3	circRNA	ENSRNOT00000010054	ENSRNOT00000010054	4,5,6,7	3:163586741-163592871|3:163600633-163603651
2	3809212	3839676	circular_RNA/1	1	+	3809212	3809212	0,0,0	4	171,131,187,94	0,12003,25423,30370	1	circRNA	ENSRNOT00000093593	ENSRNOT00000093593	7,8,9,10	2:3788653-3809212|2:3839676-3856001
2	3809212	3860857	circular_RNA/1	1	+	3809212	3809212	0,0,0	9	171,131,187,94,103,103,102,75,120	0,12003,25423,30370,46789,48593,49023,49591,51525	1	circRNA	ENSRNOT00000093593	ENSRNOT00000093593	7,8,9,10,11,12,13,14,15	2:3788653-3809212|2:3860857-3947955
2	20649050	20686220	circular_RNA/1	0	+	20649050	20649050	0,0,0	8	60,67,71,68,49,36,55,71	0,15149,15840,20084,25592,30672,32735,37099	1	circRNA	ENSRNOT00000021857	ENSRNOT00000021857	6,7,8,9,10,11,12,13	2:20626804-20649050|2:20686220-20687712
2	22790073	22792220	circular_RNA/1	1	-	22790073	22790073	0,0,0	3	238,90,174	0,1672,1973	1	circRNA	ENSRNOT00000016135	ENSRNOT00000016135	4,3,2	2:22782386-22790073|2:22792220-22797914
2	22950022	22964734	circular_RNA/12	1	+	22950022	22950022	0,0,0	4	157,132,93,140	0,4702,7334,14572	12	circRNA	ENSRNOT00000073871	ENSRNOT00000073871	2,3,4,5	2:22910433-22950022|2:22964734-22997105
2	26252959	26269921	circular_RNA/1	1	-	26252959	26252959	0,0,0	4	164,125,161,164	0,8044,12534,16798	1	circRNA	ENSRNOT00000035017	ENSRNOT00000035017	13,12,11,10	2:26232226-26252959|2:26269921-26275415
2	57176300	57179300	circular_RNA/1	0	-	57176300	57176300	0,0,0	2	199,121	0,2879	1	circRNA	ENSRNOT00000060146	ENSRNOT00000060146	5,4	2:57135241-57176300|2:57179300-57191392
2	62442081	62490107	circular_RNA/1	1	-	62442081	62442081	0,0,0	8	232,74,115,120,146,112,133,143	0,333,3732,4642,8439,16539,44752,47883	1	circRNA	ENSRNOT00000017937	ENSRNOT00000017937	18,17,16,15,14,13,12,11	2:62441120-62442081|2:62490107-62502486
2	84559994	84586078	circular_RNA/1	0	-	84559994	84559994	0,0,0	17	138,101,120,135,75,69,81,59,52,33,62,190,169,73,144,74,97	0,2102,2399,3639,4924,5082,5374,7328,8900,10778,11687,13939,16452,18816,21902,24896,25987	1	circRNA	ENSRNOT00000028561	ENSRNOT00000028561	18,17,16,15,14,13,12,11,10,9,8,7,6,5,4,3,2	2:84558427-84559994|2:84586078-84608495
2	88402688	88408123	circular_RNA/1	1	-	88402688	88402688	0,0,0	5	149,148,197,201,176	0,841,2516,4960,5259	1	circRNA	ENSRNOT00000014762	ENSRNOT00000014762	9,8,7,6,5	2:88398717-88402688|2:88408123-88410463
2	94708674	94720889	circular_RNA/1	1	-	94708674	94708674	0,0,0	2	883,87	0,12128	1	circRNA	ENSRNOT00000081553	ENSRNOT00000081553	4,3	2:94697367-94708674|2:94720889-94729524
2	94708674	94709557	circular_RNA/1	1	-	94708674	94708674	0,0,0	1	883	0	1	circRNA	ENSRNOT00000081553	ENSRNOT00000081553	4	2:94697367-94708674|2:94709557-94720802
2	94716329	94720889	circular_RNA/1	1	-	94716329	94716329	0,0,0	2	883,87	0,4473	1	circRNA	ENSRNOT00000087598	ENSRNOT00000087598	6,5	2:94697367-94716329|2:94720889-94729524
2	111771931	111772738	circular_RNA/4	1	-	111771931	111771931	0,0,0	1	807	0	4	circRNA	ENSRNOT00000092660	ENSRNOT00000092660	2	2:111771489-111771931|2:111772738-111792799
2	128562841	128626488	circular_RNA/7	1	-	128562841	128562841	0,0,0	12	197,193,146,75,72,99,178,92,91,71,66,123	0,6453,11779,14347,17614,22542,27570,36253,40092,56232,61764,63524	7	circRNA	ENSRNOT00000019256	ENSRNOT00000019256	18,17,16,15,14,13,12,11,10,9,8,7	2:128528306-128562841|2:128626488-128636506
2	140516883	140521650	circular_RNA/1	1	+	140516883	140516883	0,0,0	3	129,214,194	0,1156,4573	1	circRNA	ENSRNOT00000017379	ENSRNOT00000017379	13,14,15	2:140515786-140516883|2:140521650-140524187
2	180994831	181012934	circular_RNA/1	0	-	180994831	180994831	0,0,0	6	134,117,231,198,119,101	0,908,2063,3235,15118,18002	1	circRNA	ENSRNOT00000064930	ENSRNOT00000064930	8,7,6,5,4,3	2:180985174-180994831|2:181012934-181025355
2	183520239	183555315	circular_RNA/2	1	-	183520239	183520239	0,0,0	7	175,158,222,113,75,109,102	0,5305,9042,14081,15547,21867,34974	2	circRNA	ENSRNOT00000014236	ENSRNOT00000014236	8,7,6,5,4,3,2	2:183505013-183520239|2:183555315-183582478
2	188269008	188301124	circular_RNA/1	1	+	188269008	188269008	0,0,0	3	516,4558,102	0,12546,32014	1	circRNA	ENSRNOT00000027629	ENSRNOT00000027629	2,3,4	2:188253535-188269008|2:188301124-188308300
2	188301022	188309036	circular_RNA/1	1	+	188301022	188301022	0,0,0	2	102,736	0,7278	1	circRNA	ENSRNOT00000027629	ENSRNOT00000027629	4,5	2:188286112-188301022|2:188309036-188326830
2	188348238	188364907	circular_RNA/2	1	+	188348238	188348238	0,0,0	6	207,147,109,165,95,155	0,377,11890,13084,13414,16514	2	circRNA	ENSRNOT00000027629	ENSRNOT00000027629	11,12,13,14,15,16	2:188339750-188348238|2:188364907-188368397
2	189364001	189369293	circular_RNA/3	1	-	189364001	189364001	0,0,0	5	55,190,173,278,199	0,747,2723,3066,5093	3	circRNA	ENSRNOT00000024364	ENSRNOT00000024364	17,16,15,14,13	2:189362600-189364001|2:189369293-189373839
2	189723523	189729005	circular_RNA/1	1	+	189723523	189723523	0,0,0	4	132,171,316,203	0,1472,2368,5279	1	circRNA	ENSRNOT00000021502	ENSRNOT00000021502	5,6,7,8	2:189722569-189723523|2:189729005-189730278
2	206534103	206536360	circular_RNA/1	1	-	206534103	206534103	0,0,0	2	32,606	0,1651	1	circRNA	ENSRNOT00000088095	ENSRNOT00000088095	11,10	2:206531832-206534103|2:206536360-206538823
2	207368499	207382937	circular_RNA/1	0	+	207368499	207368499	0,0,0	6	79,155,98,115,73,103	0,7245,9414,10460,12813,14335	1	circRNA	ENSRNOT00000019129	ENSRNOT00000019129	6,7,8,9,10,11	2:207360278-207368499|2:207382937-207414870
2	209143855	209152642	circular_RNA/2	1	-	209143855	209143855	0,0,0	3	142,148,407	0,2258,8380	2	circRNA	ENSRNOT00000036551	ENSRNOT00000036551	4,3,2	2:209127981-209143855|2:209152642-209160491
2	223285166	223304322	circular_RNA/2	0	-	223285166	223285166	0,0,0	6	196,111,165,144,173,76	0,7032,7230,10776,11644,19080	2	circRNA	ENSRNOT00000015036	ENSRNOT00000015036	8,7,6,5,4,3	2:223269129-223285166|2:223304322-223320873
2	238742933	238746181	circular_RNA/1	1	-	238742933	238742933	0,0,0	1	3248	0	1	circRNA	ENSRNOT00000046775	ENSRNOT00000046775	3	2:238737652-238742933|2:238746181-238774089
2	248779401	248811031	circular_RNA/3	1	-	248779401	248779401	0,0,0	5	214,146,118,155,301	0,304,1625,9945,31329	3	circRNA	ENSRNOT00000031748	ENSRNOT00000031748	6,5,4,3,2	2:248771346-248779401|2:248811031-248840331
2	252807922	252811538	circular_RNA/1	0	+	252807922	252807922	0,0,0	4	209,12,135,81	0,821,1161,3535	1	circRNA	ENSRNOT00000055318	ENSRNOT00000055318	20,21,22,23	2:252804136-252807922|2:252811538-252825803
6	14450091	14490352	circular_RNA/5	1	-	14450091	14450091	0,0,0	5	120,174,191,382,123	0,7599,30398,31716,40138	5	circRNA	ENSRNOT00000071402	ENSRNOT00000071402	8,7,6,5,4	6:14242315-14450091|6:14490352-14513632
6	22255279	22257363	circular_RNA/1	0	-	22255279	22255279	0,0,0	3	94,134,188	0,327,1896	1	circRNA	ENSRNOT00000039375	ENSRNOT00000039375	6,5,4	6:22253357-22255279|6:22257363-22266491
6	30164754	30175288	circular_RNA/1	0	-	30164754	30164754	0,0,0	10	140,88,141,150,99,263,86,138,64,140	0,3177,4460,5446,6596,6794,8053,8538,9163,10394	1	circRNA	ENSRNOT00000074150	ENSRNOT00000074150	16,15,14,13,12,11,10,9,8,7	6:30163626-30164754|6:30175288-30175978
6	42271179	42278784	circular_RNA/1	0	+	42271179	42271179	0,0,0	8	104,187,94,95,180,169,71,89	0,367,3075,3258,4686,5013,6890,7516	1	circRNA	ENSRNOT00000006403	ENSRNOT00000006403	24,25,26,27,28,29,30,31	6:42269541-42271179|6:42278784-42279242
6	54522273	54541455	circular_RNA/1	1	+	54522273	54522273	0,0,0	7	113,103,90,122,122,102,89	0,3900,6721,7762,17613,17819,19093	1	circRNA	ENSRNOT00000084661	ENSRNOT00000084661	2,3,4,5,6,7,8	6:54488284-54522273|6:54541455-54547502
6	60660399	60700690	circular_RNA/2	0	+	60660399	60660399	0,0,0	11	157,98,84,101,82,171,193,128,135,99,95	0,4473,4667,4911,6521,7956,11995,19467,21535,29487,40196	2	circRNA	ENSRNOT00000006709	ENSRNOT00000006709	16,17,18,19,20,21,22,23,24,25,26	6:60650014-60660399|6:60700690-60709194
6	73357939	73361828	circular_RNA/1	1	+	73357939	73357939	0,0,0	1	3889	0	1	circRNA	ENSRNOT00000088378	ENSRNOT00000088378	2	6:73345512-73357939|6:73361828-73385740
6	76487879	76492176	circular_RNA/3	0	-	76487879	76487879	0,0,0	2	72,862	0,3435	3	circRNA	ENSRNOT00000010824	ENSRNOT00000010824	31,30	6:76461552-76487879|6:76492176-76500537
6	91560375	91568286	circular_RNA/3	1	+	91560375	91560375	0,0,0	3	73,85,53	0,4543,7858	3	circRNA	ENSRNOT00000082500	ENSRNOT00000082500	10,11,12	6:91557960-91560375|6:91568286-91582680
6	107050629	107056470	circular_RNA/1	1	-	107050629	107050629	0,0,0	2	215,505	0,5336	1	circRNA	ENSRNOT00000011662	ENSRNOT00000011662	4,3	6:107043827-107050629|6:107056470-107077889
6	107603582	107621884	circular_RNA/2	1	+	107603582	107603582	0,0,0	6	39,110,56,56,127,141	0,3713,6208,10811,16476,18161	2	circRNA	ENSRNOT00000076882	ENSRNOT00000076882	2,3,4,5,6,7	6:107596794-107603582|6:107621884-107622941
6	136059671	136084622	circular_RNA/3	1	+	136059671	136059671	0,0,0	4	192,54,49,66	0,12159,21902,24885	3	circRNA	ENSRNOT00000014395	ENSRNOT00000014395	2,3,4,5	6:136041906-136059671|6:136084622-136091073
9	1442053	1485363	circular_RNA/1	0	+	1442053	1442053	0,0,0	9	109,90,75,68,103,89,51,70,173	0,1472,1650,4013,31593,40122,41506,41660,43137	1	circRNA	ENSRNOT00000014171	ENSRNOT00000014171	5,6,7,8,9,10,11,12,13	9:1363362-1442053|9:1485363-1545229
9	11217253	11219449	circular_RNA/2	0	-	11217253	11217253	0,0,0	3	44,49,28	0,297,2168	2	circRNA	ENSRNOT00000082837	ENSRNOT00000082837	4,3,2	9:11209094-11217253|9:11219449-11339639
9	42780402	42796965	circular_RNA/1	1	-	42780402	42780402	0,0,0	5	175,113,131,83,136	0,2768,8539,11471,16427	1	circRNA	ENSRNOT00000020558	ENSRNOT00000020558	6,5,4,3,2	9:42774753-42780402|9:42796965-42805437
9	53646696	53648288	circular_RNA/2	1	+	53646696	53646696	0,0,0	1	1592	0	2	circRNA	ENSRNOT00000031267	ENSRNOT00000031267	3	9:53627021-53646696|9:53648288-53678092
9	69859845	69868399	circular_RNA/1	0	-	69859845	69859845	0,0,0	3	731,247,92	0,8110,8462	1	circRNA	ENSRNOT00000035879	ENSRNOT00000035879	4,3,2	9:69854172-69859845|9:69868399-69878604
9	84367942	84370769	circular_RNA/2	0	-	84367942	84367942	0,0,0	3	109,151,116	0,1232,2711	2	circRNA	ENSRNOT00000019685	ENSRNOT00000019685	7,6,5	9:84366111-84367942|9:84370769-84372620
9	87026768	87027857	circular_RNA/1	0	+	87026768	87026768	0,0,0	1	1089	0	1	circRNA	ENSRNOT00000041337	ENSRNOT00000041337	5	9:86983188-87026768|9:87027857-87054679
9	111690152	111756949	circular_RNA/1	1	+	111690152	111690152	0,0,0	6	93,204,123,57,116,95	0,8096,13689,58489,64578,66702	1	circRNA	ENSRNOT00000021758	ENSRNOT00000021758	9,10,11,12,13,14	9:111653491-111690152|9:111756949-111793999
11	15520558	15529725	circular_RNA/3	1	+	15520558	15520558	0,0,0	7	128,96,162,227,71,229,201	0,459,1574,2265,5498,6651,8966	3	circRNA	ENSRNOT00000002150	ENSRNOT00000002150	11,12,13,14,15,16,17	11:15509026-15520558|11:15529725-15534834
11	65076089	65157433	circular_RNA/1	1	-	65076089	65076089	0,0,0	9	99,187,96,98,107,131,111,84,194	0,7616,20945,34023,36581,40297,43634,59186,81150	1	circRNA	ENSRNOT00000003867	ENSRNOT00000003867	10,9,8,7,6,5,4,3,2	11:65066389-65076089|11:65157433-65208610
11	88483735	88489184	circular_RNA/2	1	+	88483735	88483735	0,0,0	4	206,174,153,192	0,1605,2690,5257	2	circRNA	ENSRNOT00000022328	ENSRNOT00000022328	5,6,7,8	11:88478547-88483735|11:88489184-88505823
10	1427561	1442380	circular_RNA/4	1	-	1427561	1427561	0,0,0	7	78,57,81,43,39,66,145	0,5718,6717,8298,9612,10565,14674	4	circRNA	ENSRNOT00000084447	ENSRNOT00000084447	13,12,11,10,9,8,7	10:1419399-1427561|10:1442380-1451602
10	16724061	16727861	circular_RNA/2	0	-	16724061	16724061	0,0,0	2	1090,126	0,3674	2	circRNA	ENSRNOT00000079462	ENSRNOT00000079462	4,3	10:16712067-16724061|10:16727861-16729945
10	16724061	16730140	circular_RNA/9	0	-	16724061	16724061	0,0,0	3	1090,126,195	0,3674,5884	9	circRNA	ENSRNOT00000079462	ENSRNOT00000079462	4,3,2	10:16712067-16724061|10:16730140-16752154
10	21109520	21216881	circular_RNA/2	1	-	21109520	21109520	0,0,0	3	239,235,210	0,26828,107151	2	circRNA	ENSRNOT00000011922	ENSRNOT00000011922	4,3,2	10:21055914-21109520|10:21216881-21264945
10	30980708	30993573	circular_RNA/3	1	+	30980708	30980708	0,0,0	7	105,97,109,165,178,247,70	0,621,2795,3728,8022,11500,12795	3	circRNA	ENSRNOT00000035346	ENSRNOT00000035346	2,3,4,5,6,7,8	10:30834050-30980708|10:30993573-31000441
10	37166066	37178344	circular_RNA/2	0	-	37166066	37166066	0,0,0	6	121,207,56,119,113,110	0,1333,2601,6587,9387,12168	2	circRNA	ENSRNOT00000090475	ENSRNOT00000090475	14,13,12,11,10,9	10:37164366-37166066|10:37178344-37180937
10	37180937	37194876	circular_RNA/1	1	-	37180937	37180937	0,0,0	7	127,103,173,158,75,171,465	0,2404,3668,4032,4709,7151,13474	1	circRNA	ENSRNOT00000090475	ENSRNOT00000090475	8,7,6,5,4,3,2	10:37178344-37180937|10:37194876-37209539
10	37764316	37764822	circular_RNA/3	1	+	37764316	37764316	0,0,0	1	506	0	3	circRNA	ENSRNOT00000008119	ENSRNOT00000008119	2	10:37757319-37764316|10:37764822-37768046
10	38606986	38617357	circular_RNA/3	0	-	38606986	38606986	0,0,0	9	108,126,153,90,182,134,107,152,77	0,810,1802,4251,4981,6230,7338,8005,10294	3	circRNA	ENSRNOT00000023628	ENSRNOT00000023628	16,15,14,13,12,11,10,9,8	10:38604685-38606986|10:38617357-38622807
10	38712830	38720071	circular_RNA/3	0	+	38712830	38712830	0,0,0	3	127,780,45	0,3848,7196	3	circRNA	ENSRNOT00000009440	ENSRNOT00000009440	2,3,4	10:38692519-38712830|10:38720071-38724976
10	48433395	48438287	circular_RNA/1	1	+	48433395	48433395	0,0,0	3	208,74,179	0,4318,4713	1	circRNA	ENSRNOT00000080682	ENSRNOT00000080682	5,6,7	10:48419844-48433395|10:48438287-48452000
10	57508984	57541484	circular_RNA/7	1	+	57508984	57508984	0,0,0	7	129,204,161,120,136,179,132	0,8695,11047,18564,26304,29144,32368	7	circRNA	ENSRNOT00000041443	ENSRNOT00000041443	2,3,4,5,6,7,8	10:57462526-57508984|10:57541484-57549451
10	61648581	61660003	circular_RNA/4	0	+	61648581	61648581	0,0,0	4	116,143,70,90	0,3113,10197,11332	4	circRNA	ENSRNOT00000003750	ENSRNOT00000003750	5,6,7,8	10:61643281-61648581|10:61660003-61670862
10	67363507	67364610	circular_RNA/2	1	+	67363507	67363507	0,0,0	3	92,144,158	0,278,945	2	circRNA	ENSRNOT00000079002	ENSRNOT00000079002	17,18,19	10:67363278-67363507|10:67364610-67366809
10	86113629	86117594	circular_RNA/1	0	-	86113629	86113629	0,0,0	4	202,119,125,112	0,2420,3011,3853	1	circRNA	ENSRNOT00000067901	ENSRNOT00000067901	14,13,12,11	10:86110496-86113629|10:86117594-86118450
10	88344292	88347051	circular_RNA/1	1	-	88344292	88344292	0,0,0	2	201,163	0,2596	1	circRNA	ENSRNOT00000076625	ENSRNOT00000076625	7,6	10:88342932-88344292|10:88347051-88348714
10	94058532	94094189	circular_RNA/1	1	+	94058532	94058532	0,0,0	4	608,109,123,237	0,20673,34781,35420	1	circRNA	ENSRNOT00000077280	ENSRNOT00000077280	13,14,15,16	10:94055738-94058532|10:94094189-94102878
10	96811459	96821139	circular_RNA/2	0	+	96811459	96811459	0,0,0	5	155,130,93,60,80	0,419,1182,2840,9600	2	circRNA	ENSRNOT00000037067	ENSRNOT00000037067	13,14,15,16,17	10:96794780-96811459|10:96821139-96854104
10	110495071	110500097	circular_RNA/1	1	+	110495071	110495071	0,0,0	3	195,148,147	0,2245,4879	1	circRNA	ENSRNOT00000054919	ENSRNOT00000054919	2,3,4	10:110469408-110495071|10:110500097-110505761
13	14435621	14563281	circular_RNA/2	0	-	14435621	14435621	0,0,0	7	131,225,240,219,171,128,118	0,65142,80419,106099,114038,114378,127542	2	circRNA	ENSRNOT00000046060	ENSRNOT00000046060	20,19,18,17,16,15,14	13:14425994-14435621|13:14563281-14697579
13	25983847	25998695	circular_RNA/1	0	+	25983847	25983847	0,0,0	4	72,113,95,58	0,6362,10731,14790	1	circRNA	ENSRNOT00000061814	ENSRNOT00000061814	4,5,6,7	13:25981995-25983847|13:25998695-25999510
13	35736455	35784163	circular_RNA/1	1	-	35736455	35736455	0,0,0	8	69,173,64,89,88,121,53,45	0,12052,15709,32963,37042,46731,47126,47663	1	circRNA	ENSRNOT00000003568	ENSRNOT00000003568	13,12,11,10,9,8,7,6	13:35730511-35736455|13:35784163-35789304
13	60462942	60489670	circular_RNA/1	0	-	60462942	60462942	0,0,0	8	65,79,99,217,89,53,63,70	0,2373,3764,9903,16219,21257,21395,26658	1	circRNA	ENSRNOT00000004495	ENSRNOT00000004495	10,9,8,7,6,5,4,3	13:60430700-60462942|13:60489670-60493322
13	60591301	60591406	circular_RNA/3	0	+	60591301	60591301	0,0,0	1	105	0	3	circRNA	ENSRNOT00000077153	ENSRNOT00000077153	5	13:60591221-60591301|13:60591406-60591486
13	68731138	68752305	circular_RNA/1	1	-	68731138	68731138	0,0,0	6	65,67,132,185,149,139	0,5593,9455,14628,18501,21028	1	circRNA	ENSRNOT00000044255	ENSRNOT00000044255	19,18,17,16,15,14	13:68729153-68731138|13:68752305-68754243
13	68764054	68773859	circular_RNA/2	0	-	68764054	68764054	0,0,0	5	102,139,60,688,59	0,1411,3969,7684,9746	2	circRNA	ENSRNOT00000044255	ENSRNOT00000044255	9,8,7,6,5	13:68763048-68764054|13:68773859-68776898
13	73239821	73319284	circular_RNA/1	1	+	73239821	73239821	0,0,0	4	83,106,90,31	0,15415,25902,79432	1	circRNA	ENSRNOT00000004772	ENSRNOT00000004772	4,5,6,7	13:73206310-73239821|13:73319284-73333794
13	74485161	74520636	circular_RNA/1	1	-	74485161	74485161	0,0,0	7	127,93,90,84,51,105,143	0,5207,6482,7116,27184,28198,35332	1	circRNA	ENSRNOT00000036200	ENSRNOT00000036200	8,7,6,5,4,3,2	13:74450825-74485161|13:74520636-74564108
13	83590242	83607039	circular_RNA/1	0	-	83590242	83590242	0,0,0	6	139,42,322,69,116,118	0,4814,10914,11451,11945,16679	1	circRNA	ENSRNOT00000004199	ENSRNOT00000004199	18,17,16,15,14,13	13:83588797-83590242|13:83607039-83616628
13	83601156	83607039	circular_RNA/1	0	-	83601156	83601156	0,0,0	4	322,69,116,118	0,537,1031,5765	1	circRNA	ENSRNOT00000004199	ENSRNOT00000004199	16,15,14,13	13:83595098-83601156|13:83607039-83616628
13	83655404	83660292	circular_RNA/1	1	-	83655404	83655404	0,0,0	2	93,62	0,4826	1	circRNA	ENSRNOT00000004199	ENSRNOT00000004199	3,2	13:83653941-83655404|13:83660292-83680030
13	94909689	94940332	circular_RNA/1	1	+	94909689	94909689	0,0,0	7	141,65,189,139,153,135,117	0,3742,4092,12055,21218,27272,30526	1	circRNA	ENSRNOT00000077995	ENSRNOT00000077995	6,7,8,9,10,11,12	13:94904756-94909689|13:94940332-94975922
13	95128659	95208329	circular_RNA/1	0	-	95128659	95128659	0,0,0	6	123,69,66,132,145,112	0,39159,40572,64349,67598,79558	1	circRNA	ENSRNOT00000085648	ENSRNOT00000085648	8,7,6,5,4,3	13:95120880-95128659|13:95208329-95230646
13	95193008	95196402	circular_RNA/1	0	-	95193008	95193008	0,0,0	2	132,145	0,3249	1	circRNA	ENSRNOT00000085648	ENSRNOT00000085648	5,4	13:95169297-95193008|13:95196402-95208217
13	98351512	98365181	circular_RNA/1	1	+	98351512	98351512	0,0,0	3	167,123,134	0,2274,13535	1	circRNA	ENSRNOT00000003837	ENSRNOT00000003837	10,11,12	13:98348915-98351512|13:98365181-98374475
13	98386341	98403224	circular_RNA/4	0	+	98386341	98386341	0,0,0	7	248,106,125,106,149,92,77	0,5272,8187,10582,11043,13511,16806	4	circRNA	ENSRNOT00000003837	ENSRNOT00000003837	15,16,17,18,19,20,21	13:98375040-98386341|13:98403224-98408417
13	113836105	113836291	circular_RNA/1	0	-	113836105	113836105	0,0,0	1	186	0	1	circRNA	ENSRNOT00000010799	ENSRNOT00000010799	9	13:113833752-113836105|13:113836291-113840081
12	8189806	8220963	circular_RNA/1	1	-	8189806	8189806	0,0,0	3	212,99,162	0,7961,30995	1	circRNA	ENSRNOT00000085869	ENSRNOT00000085869	7,6,5	12:8144289-8189806|12:8220963-8323967
12	9238365	9310057	circular_RNA/3	0	-	9238365	9238365	0,0,0	5	105,248,148,162,71	0,2197,34759,59325,71621	3	circRNA	ENSRNOT00000044134	ENSRNOT00000044134	8,7,6,5,4	12:9237114-9238365|12:9310057-9311520
12	9273124	9297852	circular_RNA/1	0	-	9273124	9273124	0,0,0	2	148,162	0,24566	1	circRNA	ENSRNOT00000044134	ENSRNOT00000044134	6,5	12:9240810-9273124|12:9297852-9309986
15	4173366	4183352	circular_RNA/2	1	+	4173366	4173366	0,0,0	4	120,196,1397,119	0,1057,4007,9867	2	circRNA	ENSRNOT00000083467	ENSRNOT00000083467	17,18,19,20	15:4169698-4173366|15:4183352-4187299
15	18573053	18594643	circular_RNA/2	1	-	18573053	18573053	0,0,0	8	102,105,75,74,78,187,48,51	0,500,3153,3726,4353,11058,18929,21539	2	circRNA	ENSRNOT00000010763	ENSRNOT00000010763	9,8,7,6,5,4,3,2	15:18570234-18573053|15:18594643-18616406
15	37714719	37720373	circular_RNA/3	1	+	37714719	37714719	0,0,0	4	103,115,232,71	0,1218,2966,5583	3	circRNA	ENSRNOT00000076608	ENSRNOT00000076608	10,11,12,13	15:37712513-37714719|15:37720373-37725209
15	43677557	43699784	circular_RNA/2	0	-	43677557	43677557	0,0,0	7	92,170,165,178,113,166,98	0,2616,3580,4189,5290,10072,22129	2	circRNA	ENSRNOT00000015318	ENSRNOT00000015318	9,8,7,6,5,4,3	15:43674940-43677557|15:43699784-43731079
15	59233126	59250976	circular_RNA/2	1	+	59233126	59233126	0,0,0	4	94,116,399,117	0,914,16642,17733	2	circRNA	ENSRNOT00000030097	ENSRNOT00000030097	2,3,4,5	15:59217219-59233126|15:59250976-59278175
15	84477261	84605901	circular_RNA/3	1	-	84477261	84477261	0,0,0	3	547,90,64	0,83156,128576	3	circRNA	ENSRNOT00000012424	ENSRNOT00000012424	4,3,2	15:84447054-84477261|15:84605901-84675991
14	3206609	3246096	circular_RNA/2	1	+	3206609	3206609	0,0,0	15	126,117,109,238,103,188,54,31,90,42,74,85,107,64,124	0,10350,11359,12711,14411,16371,23677,24186,24677,25574,25698,28182,28741,29394,39363	2	circRNA	ENSRNOT00000088078	ENSRNOT00000088078	3,4,5,6,7,8,9,10,11,12,13,14,15,16,17	14:3205645-3206609|14:3246096-3247203
14	10786398	10794860	circular_RNA/1	1	+	10786398	10786398	0,0,0	3	716,124,143	0,5606,8319	1	circRNA	ENSRNOT00000003006	ENSRNOT00000003006	1,2,3	None|14:10794860-10811034
14	14975369	14990106	circular_RNA/1	1	-	14975369	14975369	0,0,0	5	107,112,72,84,262	0,7224,11240,12426,14475	1	circRNA	ENSRNOT00000084617	ENSRNOT00000084617	7,6,5,4,3	14:14953752-14975369|14:14990106-15002226
14	19414460	19418653	circular_RNA/1	1	+	19414460	19414460	0,0,0	2	1631,228	0,3965	1	circRNA	ENSRNOT00000086542	ENSRNOT00000086542	29,30	14:19409873-19414460|14:19418653-19424553
14	25672665	25673329	circular_RNA/1	1	+	25672665	25672665	0,0,0	1	664	0	1	circRNA	ENSRNOT00000043938	ENSRNOT00000043938	6	14:25622035-25672665|14:25673329-25791640
14	37228631	37262083	circular_RNA/3	0	-	37228631	37228631	0,0,0	7	109,92,71,92,115,40,71	0,9873,12977,22654,25255,33170,33381	3	circRNA	ENSRNOT00000065458	ENSRNOT00000065458	8,7,6,5,4,3,2	14:37216464-37228631|14:37262083-37284490
14	39985574	40035210	circular_RNA/1	1	+	39985574	39985574	0,0,0	7	149,68,221,83,138,153,212	0,29724,40331,42145,46443,46704,49424	1	circRNA	ENSRNOT00000003240	ENSRNOT00000003240	2,3,4,5,6,7,8	14:39964790-39985574|14:40035210-40048844
14	81267947	81306189	circular_RNA/3	1	-	81267947	81267947	0,0,0	9	135,138,138,209,90,38,191,141,64	0,665,2653,5488,10615,12177,27746,34753,38178	3	circRNA	ENSRNOT00000015894	ENSRNOT00000015894	15,14,13,12,11,10,9,8,7	14:81265915-81267947|14:81306189-81308006
14	114559455	114566738	circular_RNA/1	1	-	114559455	114559455	0,0,0	6	871,154,303,159,118,188	0,1490,3225,4156,5346,7095	1	circRNA	ENSRNOT00000008210	ENSRNOT00000008210	14,13,12,11,10,9	14:114559371-114559455|14:114566738-114567382
17	5555490	5571375	circular_RNA/1	1	+	5555490	5555490	0,0,0	6	98,117,692,84,87,149	0,4166,8028,14256,15568,15736	1	circRNA	ENSRNOT00000025381	ENSRNOT00000025381	13,14,15,16,17,18	17:5548199-5555490|17:5571375-5582855
17	9613029	9614622	circular_RNA/2	1	+	9613029	9613029	0,0,0	2	232,388	0,1205	2	circRNA	ENSRNOT00000017349	ENSRNOT00000017349	4,5	17:9611511-9613029|17:9614622-9617326
17	9893226	9929565	circular_RNA/2	0	-	9893226	9893226	0,0,0	6	110,271,125,2551,173,136	0,1825,4356,18931,27391,36203	2	circRNA	ENSRNOT00000060928	ENSRNOT00000060928	8,7,6,5,4,3	17:9888385-9893226|17:9929565-9951410
17	16124899	16143144	circular_RNA/1	0	+	16124899	16124899	0,0,0	4	247,83,129,97	0,4083,16578,18148	1	circRNA	ENSRNOT00000060568	ENSRNOT00000060568	2,3,4,5	17:16106610-16124899|17:16143144-16152640
17	24032669	24045965	circular_RNA/2	0	-	24032669	24032669	0,0,0	7	152,122,145,191,109,113,185	0,1580,4277,7403,9079,10740,13111	2	circRNA	ENSRNOT00000024174	ENSRNOT00000024174	14,13,12,11,10,9,8	17:24024800-24032669|17:24045965-24052252
17	70266398	70271973	circular_RNA/2	1	+	70266398	70266398	0,0,0	4	104,73,63,714	0,1413,1586,4861	2	circRNA	ENSRNOT00000048933	ENSRNOT00000048933	5,6,7,8	17:70265594-70266398|17:70271973-70273426
17	85036936	85057912	circular_RNA/1	1	-	85036936	85036936	0,0,0	5	164,91,94,98,166	0,9092,18614,19551,20810	1	circRNA	ENSRNOT00000000162	ENSRNOT00000000162	8,7,6,5,4	17:85009997-85036936|17:85057912-85063955
16	3060712	3089983	circular_RNA/2	1	+	3060712	3060712	0,0,0	15	146,93,73,92,162,122,32,106,104,104,73,72,702,368,145	0,1475,2587,3037,3638,7309,9399,10031,11636,11826,22851,23010,24381,27408,29126	2	circRNA	ENSRNOT00000074069	ENSRNOT00000074069	2,3,4,5,6,7,8,9,10,11,12,13,14,15,16	16:3051986-3060712|16:3089983-3090994
16	3060712	3083794	circular_RNA/4	1	+	3060712	3060712	0,0,0	12	146,93,73,92,162,122,32,106,104,104,73,72	0,1475,2587,3037,3638,7309,9399,10031,11636,11826,22851,23010	4	circRNA	ENSRNOT00000074069	ENSRNOT00000074069	2,3,4,5,6,7,8,9,10,11,12,13	16:3051986-3060712|16:3083794-3085093
16	3060712	3072642	circular_RNA/1	0	+	3060712	3060712	0,0,0	10	146,93,73,92,162,122,32,106,104,104	0,1475,2587,3037,3638,7309,9399,10031,11636,11826	1	circRNA	ENSRNOT00000074069	ENSRNOT00000074069	2,3,4,5,6,7,8,9,10,11	16:3051986-3060712|16:3072642-3083563
16	7089506	7095850	circular_RNA/1	1	+	7089506	7089506	0,0,0	6	54,99,214,118,85,113	0,149,3341,5680,6002,6231	1	circRNA	ENSRNOT00000013291	ENSRNOT00000013291	2,3,4,5,6,7	16:7082588-7089506|16:7095850-7096287
16	7438794	7463395	circular_RNA/2	1	+	7438794	7438794	0,0,0	12	109,158,68,201,87,127,86,94,147,107,121,145	0,3980,4977,7156,10067,12700,14403,15831,19208,20097,20973,24456	2	circRNA	ENSRNOT00000026323	ENSRNOT00000026323	2,3,4,5,6,7,8,9,10,11,12,13	16:7435888-7438794|16:7463395-7464233
16	54061203	54100069	circular_RNA/2	1	-	54061203	54061203	0,0,0	16	132,173,165,359,172,191,146,220,198,191,141,130,143,227,155,174	0,461,5775,19063,21918,25190,25872,26124,27931,30448,31660,34196,34463,37702,38049,38692	2	circRNA	ENSRNOT00000014202	ENSRNOT00000014202	25,24,23,22,21,20,19,18,17,16,15,14,13,12,11,10	16:54058972-54061203|16:54100069-54100751
16	54792658	54826033	circular_RNA/3	1	+	54792658	54792658	0,0,0	6	123,163,158,129,135,133	0,1834,11392,22259,27687,33242	3	circRNA	ENSRNOT00000086899	ENSRNOT00000086899	2,3,4,5,6,7	16:54765418-54792658|16:54826033-54843062
16	54792658	54820480	circular_RNA/2	0	+	54792658	54792658	0,0,0	5	123,163,158,129,135	0,1834,11392,22259,27687	2	circRNA	ENSRNOT00000086899	ENSRNOT00000086899	2,3,4,5,6	16:54765418-54792658|16:54820480-54825900
19	9754507	9761099	circular_RNA/3	0	+	9754507	9754507	0,0,0	6	102,174,150,181,133,135	0,1251,2641,3653,5585,6457	3	circRNA	ENSRNOT00000016563	ENSRNOT00000016563	43,44,45,46,47,48	19:9753470-9754507|19:9761099-9761249
19	39235161	39237139	circular_RNA/3	1	+	39235161	39235161	0,0,0	4	112,148,62,120	0,206,1695,1858	3	circRNA	ENSRNOT00000050612	ENSRNOT00000050612	2,3,4,5	19:39230263-39235161|19:39237139-39238733
19	41338386	41349686	circular_RNA/1	1	-	41338386	41338386	0,0,0	3	120,126,158	0,9024,11142	1	circRNA	ENSRNOT00000035590	ENSRNOT00000035590	4,3,2	19:41335167-41338386|19:41349686-41379533
1	21559246	21561189	circular_RNA/1	0	-	21559246	21559246	0,0,0	3	246,146,144	0,1191,1799	1	circRNA	ENSRNOT00000032424	ENSRNOT00000032424	14,13,12	1:21557804-21559246|1:21561189-21562541
1	28362166	28375861	circular_RNA/2	1	+	28362166	28362166	0,0,0	2	234,165	0,13530	2	circRNA	ENSRNOT00000017831	ENSRNOT00000017831	2,3	1:28302381-28362166|1:28375861-28386778
1	37512285	37587036	circular_RNA/1	1	+	37512285	37512285	0,0,0	11	112,128,159,133,177,44,81,70,98,85,138	0,2756,4299,5409,7134,10184,13705,20442,23234,56986,74613	1	circRNA	ENSRNOT00000047627	ENSRNOT00000047627	2,3,4,5,6,7,8,9,10,11,12	1:37507427-37512285|1:37587036-37593151
1	78369711	78370333	circular_RNA/1	0	+	78369711	78369711	0,0,0	2	220,111	0,511	1	circRNA	ENSRNOT00000020509	ENSRNOT00000020509	2,3	1:78355113-78369711|1:78370333-78372926
1	91873486	91883284	circular_RNA/1	1	+	91873486	91873486	0,0,0	9	155,60,54,66,77,122,79,133,93	0,1021,1164,1300,1653,3009,4201,5407,9705	1	circRNA	ENSRNOT00000077993	ENSRNOT00000077993	5,6,7,8,9,10,11,12,13	1:91872366-91873486|1:91883284-91884972
1	100956379	100957253	circular_RNA/1	1	-	100956379	100956379	0,0,0	2	153,135	0,739	1	circRNA	ENSRNOT00000035908	ENSRNOT00000035908	16,15	1:100955867-100956379|1:100957253-100957763
1	164025517	164064815	circular_RNA/2	0	-	164025517	164025517	0,0,0	4	83,75,162,35	0,20584,29776,39263	2	circRNA	ENSRNOT00000022176	ENSRNOT00000022176	6,5,4,3	1:163976846-164025517|1:164064815-164075123
1	165646260	165654319	circular_RNA/1	1	+	165646260	165646260	0,0,0	5	59,54,106,112,94	0,1570,2845,5055,7965	1	circRNA	ENSRNOT00000025104	ENSRNOT00000025104	2,3,4,5,6	1:165625570-165646260|1:165654319-165659772
1	167254584	167264009	circular_RNA/2	0	-	167254584	167254584	0,0,0	3	117,188,134	0,5773,9291	2	circRNA	ENSRNOT00000027575	ENSRNOT00000027575	15,14,13	1:167251491-167254584|1:167264009-167269620
1	176898944	176919983	circular_RNA/1	1	+	176898944	176898944	0,0,0	11	150,96,153,168,132,77,56,113,105,208,116	0,6033,6214,9349,14067,14688,15450,17625,18421,19174,20923	1	circRNA	ENSRNOT00000065712	ENSRNOT00000065712	8,9,10,11,12,13,14,15,16,17,18	1:176896706-176898944|1:176919983-176921563
1	185233418	185234547	circular_RNA/2	1	+	185233418	185233418	0,0,0	1	1129	0	2	circRNA	ENSRNOT00000055120	ENSRNOT00000055120	3	1:185211770-185233418|1:185234547-185252578
1	192952649	192955267	circular_RNA/2	0	+	192952649	192952649	0,0,0	5	104,338,97,79,55	0,229,2166,2392,2563	2	circRNA	ENSRNOT00000035770	ENSRNOT00000035770	9,10,11,12,13	1:192951628-192952649|1:192955267-192957675
1	219592035	219638528	circular_RNA/1	1	-	219592035	219592035	0,0,0	11	395,127,116,154,94,107,179,47,79,139,95	0,2798,5406,6329,7801,8315,10988,15089,15521,16511,46398	1	circRNA	ENSRNOT00000054850	ENSRNOT00000054850	12,11,10,9,8,7,6,5,4,3,2	1:219581155-219592035|1:219638528-219639960
1	235653120	235656288	circular_RNA/2	0	-	235653120	235653120	0,0,0	4	147,105,396,283	0,254,764,2885	2	circRNA	ENSRNOT00000014800	ENSRNOT00000014800	50,49,48,47	None|1:235656288-235660610
1	235730945	235780409	circular_RNA/1	0	-	235730945	235730945	0,0,0	17	139,118,133,137,115,187,143,95,130,63,172,107,128,58,81,60,60	0,2033,3266,6553,19247,19447,26703,27133,28345,28918,30702,32984,33273,40813,46996,47337,49404	1	circRNA	ENSRNOT00000014800	ENSRNOT00000014800	23,22,21,20,19,18,17,16,15,14,13,12,11,10,9,8,7	1:235724436-235730945|1:235780409-235789222
1	256263403	256299276	circular_RNA/3	0	+	256263403	256263403	0,0,0	13	205,156,69,84,47,121,72,98,106,110,112,135,180	0,2254,5896,7667,8967,9143,11343,13793,18990,21471,23216,24251,35693	3	circRNA	ENSRNOT00000054748	ENSRNOT00000054748	6,7,8,9,10,11,12,13,14,15,16,17,18	1:256258733-256263403|1:256299276-256324121
1	260476433	260507970	circular_RNA/2	0	-	260476433	260476433	0,0,0	10	69,140,131,95,167,132,78,161,123,196	0,2470,7832,10595,14430,16248,21708,22905,24132,31341	2	circRNA	ENSRNOT00000018043	ENSRNOT00000018043	11,10,9,8,7,6,5,4,3,2	1:260472448-260476433|1:260507970-260517028
1	260791755	260801171	circular_RNA/3	1	+	260791755	260791755	0,0,0	3	133,288,94	0,6433,9322	3	circRNA	ENSRNOT00000076842	ENSRNOT00000076842	5,6,7	1:260775166-260791755|1:260801171-260803931
1	276704844	276716415	circular_RNA/1	0	+	276704844	276704844	0,0,0	6	133,103,87,126,160,108	0,2119,5528,10178,10900,11463	1	circRNA	ENSRNOT00000019681	ENSRNOT00000019681	2,3,4,5,6,7	1:276660019-276704844|1:276716415-276720709
1	278580845	278620822	circular_RNA/1	1	+	278580845	278580845	0,0,0	9	84,114,129,209,175,88,256,184,155	0,1157,9773,13527,21006,22948,24825,27614,39822	1	circRNA	ENSRNOT00000023414	ENSRNOT00000023414	2,3,4,5,6,7,8,9,10	1:278557997-278580845|1:278620822-278629795
1	278580845	278594581	circular_RNA/2	1	+	278580845	278580845	0,0,0	4	84,114,129,209	0,1157,9773,13527	2	circRNA	ENSRNOT00000023414	ENSRNOT00000023414	2,3,4,5	1:278557997-278580845|1:278594581-278601851
1	278679021	278731755	circular_RNA/1	1	+	278679021	278679021	0,0,0	6	94,53,95,79,158,62	0,8249,19290,21163,22687,52672	1	circRNA	ENSRNOT00000023414	ENSRNOT00000023414	20,21,22,23,24,25	1:278661960-278679021|1:278731755-278749750
Y	1030851	1038541	circular_RNA/1	1	-	1030851	1030851	0,0,0	4	206,106,130,734	0,912,2729,6956	1	circRNA	ENSRNOT00000093013	ENSRNOT00000093013	19,18,17,16	Y:1013105-1030851|Y:1038541-1049564
Y	1091378	1099068	circular_RNA/1	1	-	1091378	1091378	0,0,0	4	206,106,130,734	0,912,2729,6956	1	circRNA	ENSRNOT00000082648	ENSRNOT00000082648	19,18,17,16	Y:1073632-1091378|Y:1099068-1110091
