X	12877637	12879752	circular_RNA/1	1	-	12877637	12877637	0,0,0	2	482,135	0,1980	1	circRNA	ENSRNOT00000004785	ENSRNOT00000004785	3,2	X:12866734-12877637|X:12879752-12957806
X	20191146	20206605	circular_RNA/2	0	+	20191146	20191146	0,0,0	4	652,173,221,158	0,11690,13627,15301	2	circRNA	ENSRNOT00000082177	ENSRNOT00000082177	2,3,4,5	X:20157186-20191146|X:20206605-20224805
X	20412520	20448771	circular_RNA/1	1	+	20412520	20412520	0,0,0	7	100,77,278,274,172,250,115	0,907,1453,2375,3553,16722,36136	1	circRNA	ENSRNOT00000110121	ENSRNOT00000110121	5,6,7,8,9,10,11	X:20380207-20412520|X:20448771-20468067
X	32249599	32296071	circular_RNA/1	0	+	32249599	32249599	0,0,0	3	62,84,146	0,44066,46326	1	circRNA	ENSRNOT00000102637	ENSRNOT00000102637	11,12,13	X:32201788-32249599|X:32296071-32309372
X	33880023	33949966	circular_RNA/1	1	+	33880023	33880023	0,0,0	15	46,137,121,60,91,190,81,152,967,102,106,124,100,120,217	0,10135,15017,17184,19805,23873,32326,38147,43823,48580,48953,54331,61242,66550,69726	1	circRNA	ENSRNOT00000095927	ENSRNOT00000095927	3,4,5,6,7,8,9,10,11,12,13,14,15,16,17	X:33824684-33880023|X:33949966-33959686
X	34934278	35032176	circular_RNA/1	1	-	34934278	34934278	0,0,0	7	160,81,52,108,95,76,206	0,2677,5952,17397,45057,59076,97692	1	circRNA	ENSRNOT00000113102	ENSRNOT00000113102	11,10,9,8,7,6,5	X:34908850-34934278|X:35032176-35043640
X	37057192	37119283	circular_RNA/1	0	+	37057192	37057192	0,0,0	11	134,212,90,215,49,173,74,72,68,101,541	0,3310,23195,24746,47181,47517,50493,51246,56817,60351,61550	1	circRNA	ENSRNOT00000009802	ENSRNOT00000009802	10,11,12,13,14,15,16,17,18,19,20	X:37047337-37057192|X:37119283-37145155
X	59951240	60016347	circular_RNA/1	0	-	59951240	59951240	0,0,0	6	132,130,233,180,192,180	0,6055,9904,25882,43199,64927	1	circRNA	ENSRNOT00000076965	ENSRNOT00000076965	7,6,5,4,3,2	X:59935941-59951240|X:60016347-60016823
X	98766725	98766797	circular_RNA/1	1	+	98766725	98766725	0,0,0	1	72	0	1	circRNA	ENSRNOT00000102872	ENSRNOT00000102872	8	X:98766579-98766725|X:98766797-98766958
X	98819431	98819502	circular_RNA/1	1	+	98819431	98819431	0,0,0	1	71	0	1	circRNA	ENSRNOT00000111785	ENSRNOT00000111785	5	X:98819285-98819431|X:98819502-98819663
X	98819663	98819968	circular_RNA/1	1	+	98819663	98819663	0,0,0	2	77,71	0,234	1	circRNA	ENSRNOT00000111785	ENSRNOT00000111785	6,7	X:98819502-98819663|X:98819968-98820284
X	116340232	116342891	circular_RNA/1	0	-	116340232	116340232	0,0,0	2	161,183	0,2476	1	circRNA	ENSRNOT00000032618	ENSRNOT00000032618	8,7	X:116339413-116340232|X:116342891-116343295
X	120667373	120679490	circular_RNA/1	0	-	120667373	120667373	0,0,0	11	103,179,185,132,129,158,142,276,165,180,118	0,323,995,1266,1685,3005,3606,4644,8197,9946,11999	1	circRNA	ENSRNOT00000081880	ENSRNOT00000081880	30,29,28,27,26,25,24,23,22,21,20	X:120653311-120667373|X:120679490-120683372
X	121444754	121447028	circular_RNA/1	1	-	121444754	121444754	0,0,0	2	511,367	0,1907	1	circRNA	ENSRNOT00000100607	ENSRNOT00000100607	29,28	X:121429641-121444754|X:121447028-121485083
20	7643532	7647422	circular_RNA/1	1	+	7643532	7643532	0,0,0	2	66,115	0,3775	1	circRNA	ENSRNOT00000093855	ENSRNOT00000093855	7,8	20:7642200-7643532|20:7647422-7662163
20	21349818	21374752	circular_RNA/1	1	-	21349818	21349818	0,0,0	13	279,215,211,128,90,153,215,202,2174,173,1676,193,125	0,768,1431,1937,2609,7712,8804,10881,15068,17603,21375,23325,24809	1	circRNA	ENSRNOT00000000804	ENSRNOT00000000804	17,16,15,14,13,12,11,10,9,8,7,6,5	20:21346840-21349818|20:21374752-21376483
20	46557455	46647164	circular_RNA/1	0	-	46557455	46557455	0,0,0	4	96,152,186,139	0,53978,86701,89570	1	circRNA	ENSRNOT00000000348	ENSRNOT00000000348	5,4,3,2	20:46503233-46557455|20:46647164-46660788
20	48899411	48947886	circular_RNA/1	1	-	48899411	48899411	0,0,0	3	72,185,182	0,1463,48293	1	circRNA	ENSRNOT00000034485	ENSRNOT00000034485	5,4,3	20:48869967-48899411|20:48947886-48948726
1	2277717	2282190	circular_RNA/2	1	+	2277717	2277717	0,0,0	6	62,65,118,143,97,117	0,152,1696,2317,3460,4356	2	circRNA	ENSRNOT00000021437	ENSRNOT00000021437	2,3,4,5,6,7	1:2273735-2277717|1:2282190-2285135
1	2288680	2297641	circular_RNA/2	1	+	2288680	2288680	0,0,0	4	67,112,97,148	0,2163,4842,8813	2	circRNA	ENSRNOT00000021437	ENSRNOT00000021437	9,10,11,12	1:2285260-2288680|1:2297641-2303988
1	12738366	12744792	circular_RNA/1	1	+	12738366	12738366	0,0,0	7	124,197,154,125,163,64,155	0,3201,3500,4116,4741,5164,6271	1	circRNA	ENSRNOT00000089607	ENSRNOT00000089607	2,3,4,5,6,7,8	1:12698290-12738366|1:12744792-12752979
1	26880539	26927283	circular_RNA/1	1	+	26880539	26880539	0,0,0	2	120,215	0,46529	1	circRNA	ENSRNOT00000018849	ENSRNOT00000018849	2,3	1:26856789-26880539|1:26927283-26950525
1	65843582	65852371	circular_RNA/2	1	-	65843582	65843582	0,0,0	8	189,153,30,88,135,157,132,112	0,952,5134,5457,5844,7135,8386,8677	2	circRNA	ENSRNOT00000080032	ENSRNOT00000080032	11,10,9,8,7,6,5,4	1:65840404-65843582|1:65852371-65857452
1	110083929	110139891	circular_RNA/1	1	+	110083929	110083929	0,0,0	10	64,120,45,284,1247,145,206,165,156,74	0,2251,5952,39200,43113,51839,53426,54240,55633,55888	1	circRNA	ENSRNOT00000021366	ENSRNOT00000021366	2,3,4,5,6,7,8,9,10,11	1:110070985-110083929|1:110139891-110153395
1	110089881	110089926	circular_RNA/1	0	+	110089881	110089881	0,0,0	1	45	0	1	circRNA	ENSRNOT00000021366	ENSRNOT00000021366	4	1:110086300-110089881|1:110089926-110123129
1	110464942	110465132	circular_RNA/4	1	-	110464942	110464942	0,0,0	1	190	0	4	circRNA	ENSRNOT00000111921	ENSRNOT00000111921	4	1:110458572-110464942|1:110465132-110467521
1	110464942	110477824	circular_RNA/1	1	-	110464942	110464942	0,0,0	3	190,96,147	0,2579,12735	1	circRNA	ENSRNOT00000111921	ENSRNOT00000111921	4,3,2	1:110458572-110464942|1:110477824-110480299
1	111086105	111090196	circular_RNA/2	0	-	111086105	111086105	0,0,0	4	147,238,80,386	0,1008,2545,3705	2	circRNA	ENSRNOT00000103851	ENSRNOT00000103851	7,6,5,4	1:111064443-111086105|1:111090196-111094473
1	111237369	111237460	circular_RNA/2	1	-	111237369	111237369	0,0,0	1	91	0	2	circRNA	ENSRNOT00000096548	ENSRNOT00000096548	2	1:111208513-111237369|1:111237460-111241719
1	116771955	116782547	circular_RNA/1	1	-	116771955	116771955	0,0,0	2	110,45	0,10547	1	circRNA	ENSRNOT00000100474	ENSRNOT00000100474	3,2	1:116728498-116771955|1:116782547-116786039
1	118228938	118229932	circular_RNA/1	1	+	118228938	118228938	0,0,0	1	994	0	1	circRNA	ENSRNOT00000022049	ENSRNOT00000022049	3	1:118168134-118228938|1:118229932-118248109
1	118883955	118892830	circular_RNA/1	0	-	118883955	118883955	0,0,0	5	106,140,148,169,104	0,705,7756,8219,8771	1	circRNA	ENSRNOT00000014988	ENSRNOT00000014988	9,8,7,6,5	1:118881372-118883955|1:118892830-118895979
1	144085189	144104639	circular_RNA/1	1	+	144085189	144085189	0,0,0	11	143,76,103,94,112,107,42,86,124,137,104	0,876,5114,9363,10403,12621,14789,16274,18168,18549,19346	1	circRNA	ENSRNOT00000111120	ENSRNOT00000111120	2,3,4,5,6,7,8,9,10,11,12	1:144056914-144085189|1:144104639-144118874
1	145778846	146197329	circular_RNA/1	1	+	145778846	145778846	0,0,0	11	54,51,125,170,137,145,139,156,69,157,103	0,71911,142089,175037,231294,254000,256324,296203,349577,378511,418380	1	circRNA	ENSRNOT00000112321	ENSRNOT00000112321	7,8,9,10,11,12,13,14,15,16,17	1:145468458-145778846|1:146197329-146354119
1	145850757	145850808	circular_RNA/1	1	+	145850757	145850757	0,0,0	1	51	0	1	circRNA	ENSRNOT00000112321	ENSRNOT00000112321	8	1:145778900-145850757|1:145850808-145920935
1	151972544	151986906	circular_RNA/2	0	+	151972544	151972544	0,0,0	3	155,1775,207	0,10471,14155	2	circRNA	ENSRNOT00000098705	ENSRNOT00000098705	6,7,8	1:151958627-151972544|1:151986906-151991665
1	152916773	152939231	circular_RNA/1	0	-	152916773	152916773	0,0,0	7	171,150,79,176,277,260,176	0,2074,7272,7414,10916,18542,22282	1	circRNA	ENSRNOT00000043788	ENSRNOT00000043788	12,11,10,9,8,7,6	1:152910070-152916773|1:152939231-152942630
1	156530967	156552321	circular_RNA/1	0	-	156530967	156530967	0,0,0	8	178,139,114,299,117,188,134,141	0,1361,2117,2792,6184,11950,15468,21213	1	circRNA	ENSRNOT00000027575	ENSRNOT00000027575	19,18,17,16,15,14,13,12	1:156529130-156530967|1:156552321-156559014
1	173050872	173052520	circular_RNA/1	1	+	173050872	173050872	0,0,0	1	1648	0	1	circRNA	ENSRNOT00000117264	ENSRNOT00000117264	5	1:173047873-173050872|1:173052520-173055126
1	173217080	173222249	circular_RNA/1	1	+	173217080	173217080	0,0,0	3	65,130,98	0,3675,5071	1	circRNA	ENSRNOT00000055096	ENSRNOT00000055096	2,3,4	1:173199530-173217080|1:173222249-173247542
1	177523167	177525785	circular_RNA/4	0	+	177523167	177523167	0,0,0	5	104,338,97,79,55	0,229,2166,2392,2563	4	circRNA	ENSRNOT00000035770	ENSRNOT00000035770	9,10,11,12,13	1:177522146-177523167|1:177525785-177528193
1	187741934	187769529	circular_RNA/1	1	+	187741934	187741934	0,0,0	5	851,188,154,72,199	0,19097,23733,25854,27396	1	circRNA	ENSRNOT00000023257	ENSRNOT00000023257	4,5,6,7,8	1:187740431-187741934|1:187769529-187776479
1	202390906	202391989	circular_RNA/1	1	-	202390906	202390906	0,0,0	1	1083	0	1	ciRNA	ENSRNOT00000075365	ENSRNOT00000075365	1	1:202389778-202391989
1	204555394	204556576	circular_RNA/1	0	-	204555394	204555394	0,0,0	4	171,126,150,339	0,363,627,843	1	circRNA	ENSRNOT00000034477	ENSRNOT00000034477	5,4,3,2	1:204543610-204555394|1:204556576-204563938
1	214014324	214037702	circular_RNA/2	0	-	214014324	214014324	0,0,0	10	305,168,104,117,154,60,80,157,155,79	0,2230,7897,8082,8929,9279,10481,19666,20188,23299	2	circRNA	ENSRNOT00000102736	ENSRNOT00000102736	33,32,31,30,29,28,27,26,25,24	1:213997979-214014324|1:214037702-214044211
1	214063778	214094552	circular_RNA/1	0	-	214063778	214063778	0,0,0	13	115,187,143,95,130,63,172,107,128,58,81,60,60	0,200,7823,8253,9465,10038,11822,14292,14581,22123,28306,28647,30714	1	circRNA	ENSRNOT00000102736	ENSRNOT00000102736	19,18,17,16,15,14,13,12,11,10,9,8,7	1:214050902-214063778|1:214094552-214103049
1	227514203	227551977	circular_RNA/1	1	-	227514203	227514203	0,0,0	4	90,80,1418,201	0,8546,21465,37573	1	circRNA	ENSRNOT00000039428	ENSRNOT00000039428	5,4,3,2	1:227499936-227514203|1:227551977-227569270
1	227535668	227537086	circular_RNA/2	1	-	227535668	227535668	0,0,0	1	1418	0	2	circRNA	ENSRNOT00000039428	ENSRNOT00000039428	3	1:227522829-227535668|1:227537086-227551776
1	227535668	227551977	circular_RNA/1	1	-	227535668	227535668	0,0,0	2	1418,201	0,16108	1	circRNA	ENSRNOT00000039428	ENSRNOT00000039428	3,2	1:227522829-227535668|1:227551977-227569270
1	236278638	236280173	circular_RNA/1	1	+	236278638	236278638	0,0,0	1	1535	0	1	circRNA	ENSRNOT00000067149	ENSRNOT00000067149	2	1:236244907-236278638|1:236280173-236384371
1	239193372	239222297	circular_RNA/1	0	-	239193372	239193372	0,0,0	5	142,113,129,69,54	0,9737,19928,25091,28871	1	circRNA	ENSRNOT00000021229	ENSRNOT00000021229	6,5,4,3,2	1:239189741-239193372|1:239222297-239234992
1	240357829	240367244	circular_RNA/1	1	+	240357829	240357829	0,0,0	3	133,288,94	0,6432,9321	1	circRNA	ENSRNOT00000114892	ENSRNOT00000114892	5,6,7	1:240341241-240357829|1:240367244-240391052
1	243786004	243789942	circular_RNA/1	1	+	243786004	243786004	0,0,0	3	44,734,55	0,683,3883	1	circRNA	ENSRNOT00000082412	ENSRNOT00000082412	2,3,4	1:243783149-243786004|1:243789942-243794333
1	243786004	243804433	circular_RNA/1	1	+	243786004	243786004	0,0,0	9	44,734,55,968,19,71,123,168,103	0,683,3883,8329,9795,10289,14777,15673,18326	1	circRNA	ENSRNOT00000082412	ENSRNOT00000082412	2,3,4,5,6,7,8,9,10	1:243783149-243786004|1:243804433-243814421
1	243786004	243820729	circular_RNA/1	0	+	243786004	243786004	0,0,0	11	44,734,55,968,19,71,123,168,103,76,142	0,683,3883,8329,9795,10289,14777,15673,18326,28417,34583	1	circRNA	ENSRNOT00000082412	ENSRNOT00000082412	2,3,4,5,6,7,8,9,10,11,12	1:243783149-243786004|1:243820729-243826900
1	243789887	243814497	circular_RNA/1	1	+	243789887	243789887	0,0,0	8	55,968,19,71,123,168,103,76	0,4446,5912,6406,10894,11790,14443,24534	1	circRNA	ENSRNOT00000082412	ENSRNOT00000082412	4,5,6,7,8,9,10,11	1:243787421-243789887|1:243814497-243820587
1	256790684	256860110	circular_RNA/1	1	+	256790684	256790684	0,0,0	7	94,53,95,79,158,62,79	0,8238,19275,21148,22672,51521,69347	1	circRNA	ENSRNOT00000023414	ENSRNOT00000023414	20,21,22,23,24,25,26	1:256773648-256790684|1:256860110-257012656
3	17741316	17753437	circular_RNA/3	1	+	17741316	17741316	0,0,0	3	328,90,149	0,2878,11972	3	circRNA	ENSRNOT00000023889	ENSRNOT00000023889	2,3,4	3:17716250-17741316|3:17753437-17802412
3	17741316	17833114	circular_RNA/3	1	+	17741316	17741316	0,0,0	6	328,90,149,173,177,110	0,2878,11972,61096,77373,91688	3	circRNA	ENSRNOT00000023889	ENSRNOT00000023889	2,3,4,5,6,7	3:17716250-17741316|3:17833114-17861764
3	17741316	17802585	circular_RNA/3	0	+	17741316	17741316	0,0,0	4	328,90,149,173	0,2878,11972,61096	3	circRNA	ENSRNOT00000023889	ENSRNOT00000023889	2,3,4,5	3:17716250-17741316|3:17802585-17818689
3	21386054	21388134	circular_RNA/1	1	-	21386054	21386054	0,0,0	3	98,112,96	0,704,1984	1	circRNA	ENSRNOT00000090576	ENSRNOT00000090576	8,7,6	3:21385851-21386054|3:21388134-21389167
3	21878739	21888502	circular_RNA/1	1	-	21878739	21878739	0,0,0	2	120,50	0,9713	1	circRNA	ENSRNOT00000091747	ENSRNOT00000091747	4,3	3:21804494-21878739|3:21888502-21911232
3	50976755	50995869	circular_RNA/1	1	-	50976755	50976755	0,0,0	9	123,174,155,121,483,357,174,239,133	0,1603,3658,5174,14303,15167,16599,18014,18981	1	circRNA	ENSRNOT00000091259	ENSRNOT00000091259	21,20,19,18,17,16,15,14,13	3:50969270-50976755|3:50995869-50997165
3	57821406	57847776	circular_RNA/4	0	-	57821406	57821406	0,0,0	2	193,1360	0,25010	4	circRNA	ENSRNOT00000103163	ENSRNOT00000103163	5,4	3:57816188-57821406|3:57847776-57854981
3	57846416	57847776	circular_RNA/1	0	-	57846416	57846416	0,0,0	1	1360	0	1	circRNA	ENSRNOT00000103163	ENSRNOT00000103163	4	3:57821599-57846416|3:57847776-57854981
3	58610690	58619439	circular_RNA/1	0	-	58610690	58610690	0,0,0	3	114,32,56	0,3372,8693	1	circRNA	ENSRNOT00000099938	ENSRNOT00000099938	5,4,3	3:58580054-58610690|3:58619439-58623932
3	58610690	58623971	circular_RNA/1	0	-	58610690	58610690	0,0,0	4	114,32,56,39	0,3372,8693,13242	1	circRNA	ENSRNOT00000099938	ENSRNOT00000099938	5,4,3,2	3:58580054-58610690|3:58623971-58676128
3	61775025	61778714	circular_RNA/1	0	-	61775025	61775025	0,0,0	17	84,84,84,84,84,84,66,81,81,81,81,66,81,81,84,87,84	0,193,386,580,760,1168,1354,1535,1726,1919,2097,2289,2481,2672,2865,3294,3605	1	circRNA	ENSRNOT00000114553	ENSRNOT00000114553	188,187,186,185,184,183,182,181,180,179,178,177,176,175,174,173,172	3:61774941-61775025|3:61778714-61778798
3	61775411	61779075	circular_RNA/1	0	-	61775411	61775411	0,0,0	17	84,84,84,84,66,81,81,81,81,66,81,81,84,87,84,84,84	0,194,374,782,968,1149,1340,1533,1711,1903,2095,2286,2479,2908,3219,3387,3580	1	circRNA	ENSRNOT00000114553	ENSRNOT00000114553	186,185,184,183,182,181,180,179,178,177,176,175,174,173,172,171,170	3:61775302-61775411|3:61779075-61779184
3	89375259	89398519	circular_RNA/1	1	-	89375259	89375259	0,0,0	8	65,159,59,148,175,99,206,101	0,4565,6538,10059,11714,17926,19034,23159	1	circRNA	ENSRNOT00000088242	ENSRNOT00000088242	10,9,8,7,6,5,4,3	3:89372730-89375259|3:89398519-89410905
3	91155340	91179889	circular_RNA/1	0	-	91155340	91155340	0,0,0	6	218,134,117,326,3666,107	0,1193,1942,3734,15615,24442	1	circRNA	ENSRNOT00000056808	ENSRNOT00000056808	7,6,5,4,3,2	3:91150228-91155340|3:91179889-91201882
3	97321983	97349264	circular_RNA/1	0	-	97321983	97321983	0,0,0	7	135,122,56,107,132,45,101	0,4381,8084,9332,13810,23544,27180	1	circRNA	ENSRNOT00000006349	ENSRNOT00000006349	12,11,10,9,8,7,6	3:97312914-97321983|3:97349264-97370003
3	99697784	99742794	circular_RNA/1	1	-	99697784	99697784	0,0,0	10	133,119,96,136,169,122,174,157,75,94	0,5513,7080,7557,9465,20205,24148,37490,39740,44916	1	circRNA	ENSRNOT00000049582	ENSRNOT00000049582	17,16,15,14,13,12,11,10,9,8	3:99696213-99697784|3:99742794-99745558
3	100299615	100303441	circular_RNA/2	1	+	100299615	100299615	0,0,0	2	785,151	0,3675	2	circRNA	ENSRNOT00000042103	ENSRNOT00000042103	5,6	3:100255303-100299615|3:100303441-100335849
3	108855161	108870499	circular_RNA/1	0	+	108855161	108855161	0,0,0	7	55,103,91,142,81,99,171	0,2496,4310,7829,8594,13866,15167	1	circRNA	ENSRNOT00000112915	ENSRNOT00000112915	2,3,4,5,6,7,8	3:108827615-108855161|3:108870499-108885637
3	113020297	113022578	circular_RNA/2	0	-	113020297	113020297	0,0,0	2	136,325	0,1956	2	circRNA	ENSRNOT00000118421	ENSRNOT00000118421	3,2	3:113018070-113020297|3:113022578-113024339
3	117949538	117950644	circular_RNA/1	1	-	117949538	117949538	0,0,0	2	159,89	0,1017	1	circRNA	ENSRNOT00000112794	ENSRNOT00000112794	27,26	3:117944313-117949538|3:117950644-117951585
3	122624924	122686087	circular_RNA/1	1	+	122624924	122624924	0,0,0	17	68,97,85,125,155,165,100,105,110,133,54,220,181,77,90,58,87	0,2789,4818,6922,9507,12702,13553,14830,15922,26093,28666,31023,36974,59322,59500,60450,61076	1	circRNA	ENSRNOT00000006389	ENSRNOT00000006389	15,16,17,18,19,20,21,22,23,24,25,26,27,28,29,30,31	3:122620245-122624924|3:122686087-122769693
3	134452124	134466212	circular_RNA/1	1	+	134452124	134452124	0,0,0	15	128,112,112,59,90,73,51,158,75,134,58,108,45,132,119	0,208,708,1915,2050,2843,3136,3624,5010,5167,5399,5540,10086,11748,13969	1	circRNA	ENSRNOT00000016351	ENSRNOT00000016351	2,3,4,5,6,7,8,9,10,11,12,13,14,15,16	3:134437264-134452124|3:134466212-134471659
3	143668429	143678291	circular_RNA/1	1	+	143668429	143668429	0,0,0	4	91,142,125,138	0,6032,8733,9724	1	circRNA	ENSRNOT00000078235	ENSRNOT00000078235	3,4,5,6	3:143650629-143668429|3:143678291-143686300
3	149348627	149357183	circular_RNA/2	1	+	149348627	149348627	0,0,0	5	116,122,123,188,145	0,4464,5464,8002,8411	2	circRNA	ENSRNOT00000086260	ENSRNOT00000086260	8,9,10,11,12	3:149340912-149348627|3:149357183-149365186
3	149433744	149436726	circular_RNA/1	1	-	149433744	149433744	0,0,0	1	2982	0	1	circRNA	ENSRNOT00000032588	ENSRNOT00000032588	4	3:149423523-149433744|3:149436726-149465079
2	5207078	5257025	circular_RNA/1	1	+	5207078	5207078	0,0,0	11	48,122,164,260,125,85,571,67,172,68,45	0,20710,25308,31670,40208,40595,42337,45698,48725,49750,49902	1	circRNA	ENSRNOT00000032974	ENSRNOT00000032974	2,3,4,5,6,7,8,9,10,11,12	2:5190251-5207078|2:5257025-5257113
2	6481150	6649608	circular_RNA/1	1	+	6481150	6481150	0,0,0	11	171,131,187,94,103,103,102,75,120,120,54	0,12003,25423,30374,46793,48597,49027,49595,51529,138607,168404	1	circRNA	ENSRNOT00000017828	ENSRNOT00000017828	6,7,8,9,10,11,12,13,14,15,16	2:6452564-6481150|2:6649608-6753029
2	6481150	6511618	circular_RNA/1	1	+	6481150	6481150	0,0,0	4	171,131,187,94	0,12003,25423,30374	1	circRNA	ENSRNOT00000017828	ENSRNOT00000017828	6,7,8,9	2:6452564-6481150|2:6511618-6527943
2	6815803	6846198	circular_RNA/2	0	-	6815803	6815803	0,0,0	10	166,129,164,159,54,135,144,144,141,163	0,934,9924,10827,11972,12900,15149,16047,16580,30232	2	circRNA	ENSRNOT00000018457	ENSRNOT00000018457	13,12,11,10,9,8,7,6,5,4	2:6788548-6815803|2:6846198-6864928
2	7572845	7805948	circular_RNA/1	1	+	7572845	7572845	0,0,0	8	59,124,102,101,66,186,219,120	0,14028,27510,29412,69950,91572,149251,232983	1	circRNA	ENSRNOT00000093548	ENSRNOT00000093548	2,3,4,5,6,7,8,9	2:7554051-7572845|2:7805948-7881971
2	22740676	22765918	circular_RNA/2	0	+	22740676	22740676	0,0,0	3	73,62,85	0,12727,25157	2	circRNA	ENSRNOT00000109181	ENSRNOT00000109181	2,3,4	2:22651418-22740676|2:22765918-22857323
2	23219389	23236467	circular_RNA/1	0	-	23219389	23219389	0,0,0	5	90,108,260,249,83	0,3346,11626,12460,16995	1	circRNA	ENSRNOT00000096916	ENSRNOT00000096916	17,16,15,14,13	2:23175100-23219389|2:23236467-23250956
2	24583887	24598599	circular_RNA/2	1	+	24583887	24583887	0,0,0	4	157,132,93,140	0,4702,7334,14572	2	circRNA	ENSRNOT00000104734	ENSRNOT00000104734	2,3,4,5	2:24544298-24583887|2:24598599-24608968
2	25016894	25027790	circular_RNA/4	1	+	25016894	25016894	0,0,0	3	187,191,208	0,3769,10688	4	circRNA	ENSRNOT00000014860	ENSRNOT00000014860	2,3,4	2:25002723-25016894|2:25027790-25075638
2	25016894	25075882	circular_RNA/3	1	+	25016894	25016894	0,0,0	4	187,191,208,244	0,3769,10688,58744	3	circRNA	ENSRNOT00000014860	ENSRNOT00000014860	2,3,4,5	2:25002723-25016894|2:25075882-25101085
2	25016894	25101156	circular_RNA/1	0	+	25016894	25016894	0,0,0	5	187,191,208,244,71	0,3769,10688,58744,84191	1	circRNA	ENSRNOT00000014860	ENSRNOT00000014860	2,3,4,5,6	2:25002723-25016894|2:25101156-25159124
2	25709706	25737222	circular_RNA/1	0	+	25709706	25709706	0,0,0	8	86,65,131,145,154,142,73,107	0,123,1141,5662,8214,11534,20324,27409	1	circRNA	ENSRNOT00000066302	ENSRNOT00000066302	17,18,19,20,21,22,23,24	2:25701481-25709706|2:25737222-25765235
2	39220739	39254277	circular_RNA/1	1	-	39220739	39220739	0,0,0	8	136,261,147,147,177,131,180,151	0,4571,6435,9600,10024,10869,14277,33387	1	circRNA	ENSRNOT00000064292	ENSRNOT00000064292	11,10,9,8,7,6,5,4	2:39217684-39220739|2:39254277-39261946
2	58645529	58682641	circular_RNA/3	1	-	58645529	58645529	0,0,0	8	169,188,189,187,65,141,253,103	0,10705,13249,14551,19215,20919,25039,37009	3	circRNA	ENSRNOT00000088701	ENSRNOT00000088701	9,8,7,6,5,4,3,2	2:58622657-58645529|2:58682641-58694539
2	61157680	61173699	circular_RNA/1	0	+	61157680	61157680	0,0,0	8	283,145,219,248,192,292,197,120	0,1106,3879,8607,11809,12442,15283,15899	1	circRNA	ENSRNOT00000016196	ENSRNOT00000016196	3,4,5,6,7,8,9,10	2:61138278-61157680|2:61173699-61175736
2	110432137	110450415	circular_RNA/1	1	-	110432137	110432137	0,0,0	3	291,244,77	0,3772,18201	1	circRNA	ENSRNOT00000034096	ENSRNOT00000034096	5,4,3	2:110399330-110432137|2:110450415-110526013
2	116668690	116696750	circular_RNA/1	0	-	116668690	116668690	0,0,0	13	107,160,124,209,138,165,195,133,104,192,129,93,159	0,477,2821,11257,13133,15260,16247,20094,21573,23740,26633,26853,27901	1	circRNA	ENSRNOT00000065469	ENSRNOT00000065469	16,15,14,13,12,11,10,9,8,7,6,5,4	2:116668040-116668690|2:116696750-116697890
2	119729105	119752473	circular_RNA/1	1	+	119729105	119729105	0,0,0	9	187,82,194,80,151,157,79,92,118	0,5715,6296,8423,10109,13714,20604,21758,23250	1	circRNA	ENSRNOT00000118559	ENSRNOT00000118559	7,8,9,10,11,12,13,14,15	2:119721803-119729105|2:119752473-119766341
2	119845513	119852971	circular_RNA/1	0	+	119845513	119845513	0,0,0	4	707,246,94,207	0,1104,2841,7251	1	circRNA	ENSRNOT00000058552	ENSRNOT00000058552	47,48,49,50	2:119839396-119845513|2:119852971-119854486
2	124647887	124728209	circular_RNA/2	1	-	124647887	124647887	0,0,0	13	197,193,146,75,72,99,178,92,91,71,66,123,136	0,6453,11770,14338,17605,22533,27673,43411,47250,63867,69402,71162,80186	2	circRNA	ENSRNOT00000100161	ENSRNOT00000100161	18,17,16,15,14,13,12,11,10,9,8,7,6	2:124641232-124647887|2:124728209-124734346
2	124647887	124675738	circular_RNA/1	0	-	124647887	124647887	0,0,0	7	197,193,146,75,72,99,178	0,6453,11770,14338,17605,22533,27673	1	circRNA	ENSRNOT00000100161	ENSRNOT00000100161	18,17,16,15,14,13,12	2:124641232-124647887|2:124675738-124691298
2	138440102	138461728	circular_RNA/1	1	+	138440102	138440102	0,0,0	4	140,314,196,195	0,10993,18222,21431	1	circRNA	ENSRNOT00000044028	ENSRNOT00000044028	5,6,7,8	2:138426719-138440102|2:138461728-138473749
2	140241464	140252257	circular_RNA/1	0	-	140241464	140241464	0,0,0	7	147,120,127,122,96,101,232	0,2182,4918,5850,6646,6979,10561	1	circRNA	ENSRNOT00000106419	ENSRNOT00000106419	8,7,6,5,4,3,2	2:140226091-140241464|2:140252257-140338303
2	154017102	154033683	circular_RNA/1	1	+	154017102	154017102	0,0,0	9	97,81,129,91,79,97,118,146,113	0,3011,4132,4740,8915,9179,13204,14625,16468	1	circRNA	ENSRNOT00000012417	ENSRNOT00000012417	4,5,6,7,8,9,10,11,12	2:154015318-154017102|2:154033683-154034883
2	165988922	166003638	circular_RNA/1	1	-	165988922	165988922	0,0,0	3	162,54,197	0,4687,14519	1	circRNA	ENSRNOT00000108013	ENSRNOT00000108013	6,5,4	2:165976423-165988922|2:166003638-166013453
2	174362747	174379854	circular_RNA/3	1	+	174362747	174362747	0,0,0	2	516,4558	0,12549	3	circRNA	ENSRNOT00000115989	ENSRNOT00000115989	3,4	2:174356215-174362747|2:174379854-174394767
2	174362747	174394869	circular_RNA/2	1	+	174362747	174362747	0,0,0	3	516,4558,102	0,12549,32020	2	circRNA	ENSRNOT00000115989	ENSRNOT00000115989	3,4,5	2:174356215-174362747|2:174394869-174402045
2	174394767	174402781	circular_RNA/1	1	+	174394767	174394767	0,0,0	2	102,736	0,7278	1	circRNA	ENSRNOT00000115989	ENSRNOT00000115989	5,6	2:174379854-174394767|2:174402781-174420574
2	174394767	174424074	circular_RNA/2	1	+	174394767	174394767	0,0,0	4	102,736,180,95	0,7278,25807,29212	2	circRNA	ENSRNOT00000115989	ENSRNOT00000115989	5,6,7,8	2:174379854-174394767|2:174424074-174431035
2	175816020	175821492	circular_RNA/1	1	+	175816020	175816020	0,0,0	4	132,171,316,203	0,1466,2359,5269	1	circRNA	ENSRNOT00000021502	ENSRNOT00000021502	5,6,7,8	2:175815066-175816020|2:175821492-175822765
2	182158370	182192960	circular_RNA/1	1	-	182158370	182158370	0,0,0	6	164,79,105,65,193,232	0,1148,7763,12188,14747,34358	1	circRNA	ENSRNOT00000028389	ENSRNOT00000028389	7,6,5,4,3,2	2:182149284-182158370|2:182192960-182218481
2	183338786	183345577	circular_RNA/2	0	-	183338786	183338786	0,0,0	5	127,53,78,101,130	0,1165,2437,3469,6661	2	circRNA	ENSRNOT00000100824	ENSRNOT00000100824	6,5,4,3,2	2:183335425-183338786|2:183345577-183367196
2	207836113	207855272	circular_RNA/6	0	-	207836113	207836113	0,0,0	6	196,111,165,144,173,76	0,7035,7233,10779,11647,19083	6	circRNA	ENSRNOT00000104266	ENSRNOT00000104266	8,7,6,5,4,3	2:207820082-207836113|2:207855272-207871797
2	207843148	207855272	circular_RNA/1	0	-	207843148	207843148	0,0,0	5	111,165,144,173,76	0,198,3744,4612,12048	1	circRNA	ENSRNOT00000104266	ENSRNOT00000104266	7,6,5,4,3	2:207836309-207843148|2:207855272-207871797
2	221205623	221274825	circular_RNA/1	1	+	221205623	221205623	0,0,0	19	115,74,142,61,62,62,149,139,48,130,99,63,127,51,84,86,37,162,179	0,2069,8657,12309,13335,14741,15570,17033,19500,19669,22938,25821,26181,27656,28954,32936,47665,48845,69023	1	circRNA	ENSRNOT00000038827	ENSRNOT00000038827	4,5,6,7,8,9,10,11,12,13,14,15,16,17,18,19,20,21,22	2:221194064-221205623|2:221274825-221314693
2	240412640	240412790	circular_RNA/1	1	+	240412640	240412640	0,0,0	1	150	0	1	circRNA	ENSRNOT00000047564	ENSRNOT00000047564	3	2:240356753-240412640|2:240412790-240415528
2	241351905	241360501	circular_RNA/1	0	+	241351905	241351905	0,0,0	3	130,153,1553	0,2529,7043	1	circRNA	ENSRNOT00000071770	ENSRNOT00000071770	2,3,4	2:241331096-241351905|2:241360501-241379292
2	247195652	247253369	circular_RNA/2	0	-	247195652	247195652	0,0,0	14	120,141,1681,181,112,201,249,125,100,70,116,130,73,145	0,8089,11589,15367,15750,24367,29138,31095,33704,35776,39529,40857,52796,57572	2	circRNA	ENSRNOT00000066024	ENSRNOT00000066024	23,22,21,20,19,18,17,16,15,14,13,12,11,10	2:247182482-247195652|2:247253369-247259168
5	2849034	2987484	circular_RNA/2	1	+	2849034	2849034	0,0,0	10	67,160,136,160,108,213,138,132,61,311	0,39531,50324,87015,90596,93029,99808,104549,109248,138139	2	circRNA	ENSRNOT00000100311	ENSRNOT00000100311	2,3,4,5,6,7,8,9,10,11	5:2840892-2849034|5:2987484-3082617
5	2849034	2899494	circular_RNA/1	1	+	2849034	2849034	0,0,0	5	67,302,131,160,136	0,16911,18594,39531,50324	1	circRNA	ENSRNOT00000066590	ENSRNOT00000066590	2,3,4,5,6	5:2840892-2849034|5:2899494-2936049
5	2849034	2942276	circular_RNA/1	1	+	2849034	2849034	0,0,0	8	67,302,131,160,136,160,108,213	0,16911,18594,39531,50324,87015,90596,93029	1	circRNA	ENSRNOT00000066590	ENSRNOT00000066590	2,3,4,5,6,7,8,9	5:2840892-2849034|5:2942276-2948842
5	2888565	2987484	circular_RNA/1	1	+	2888565	2888565	0,0,0	9	160,136,160,108,213,138,132,61,311	0,10793,47484,51065,53498,60277,65018,69717,98608	1	circRNA	ENSRNOT00000100311	ENSRNOT00000100311	3,4,5,6,7,8,9,10,11	5:2849101-2888565|5:2987484-3082617
5	9125403	9126337	circular_RNA/2	0	-	9125403	9125403	0,0,0	2	79,134	0,800	2	circRNA	ENSRNOT00000099294	ENSRNOT00000099294	15,14	5:9124169-9125403|5:9126337-9128491
5	10537984	10614953	circular_RNA/1	1	+	10537984	10537984	0,0,0	5	103,83,131,130,39	0,18826,34103,42592,76930	1	circRNA	ENSRNOT00000095256	ENSRNOT00000095256	10,11,12,13,14	5:10491530-10537984|5:10614953-10703355
5	13183007	13185449	circular_RNA/1	0	-	13183007	13183007	0,0,0	3	1892,127,104	0,1973,2338	1	circRNA	ENSRNOT00000061884	ENSRNOT00000061884	15,14,13	5:13174647-13183007|5:13185449-13187427
5	14399646	14431008	circular_RNA/1	0	-	14399646	14399646	0,0,0	6	114,102,126,179,193,98	0,4917,12146,14802,22987,31264	1	circRNA	ENSRNOT00000107603	ENSRNOT00000107603	13,12,11,10,9,8	5:14379375-14399646|5:14431008-14447208
5	29643690	29657608	circular_RNA/1	0	-	29643690	29643690	0,0,0	5	162,50,158,156,154	0,1139,5491,11273,13764	1	circRNA	ENSRNOT00000012963	ENSRNOT00000012963	6,5,4,3,2	5:29640648-29643690|5:29657608-29662350
5	56110192	56116690	circular_RNA/1	1	+	56110192	56110192	0,0,0	2	990,159	0,6339	1	circRNA	ENSRNOT00000060691	ENSRNOT00000060691	2,3	5:56105403-56110192|5:56116690-56118689
5	56382212	56414060	circular_RNA/1	0	-	56382212	56382212	0,0,0	7	104,55,78,154,111,78,137	0,3146,4147,6792,11676,14063,31711	1	circRNA	ENSRNOT00000080295	ENSRNOT00000080295	8,7,6,5,4,3,2	5:56377813-56382212|5:56414060-56436723
5	57334687	57348678	circular_RNA/1	1	+	57334687	57334687	0,0,0	5	30,100,118,124,74	0,3047,6933,8322,13917	1	circRNA	ENSRNOT00000043216	ENSRNOT00000043216	2,3,4,5,6	5:57289336-57334687|5:57348678-57363580
5	71740526	71777396	circular_RNA/2	0	-	71740526	71740526	0,0,0	6	119,203,65,34,31,110	0,2311,28068,31865,34578,36760	2	circRNA	ENSRNOT00000090366	ENSRNOT00000090366	17,16,15,14,13,12	5:71735493-71740526|5:71777396-71780227
5	73663439	73706246	circular_RNA/2	0	-	73663439	73663439	0,0,0	9	120,82,140,169,150,119,117,131,104	0,2308,6485,9743,12542,16261,18240,21242,42703	2	circRNA	ENSRNOT00000112613	ENSRNOT00000112613	10,9,8,7,6,5,4,3,2	5:73657283-73663439|5:73706246-73712941
5	74557012	74558207	circular_RNA/1	1	+	74557012	74557012	0,0,0	1	1195	0	1	circRNA	ENSRNOT00000022866	ENSRNOT00000022866	2	5:74492035-74557012|5:74558207-74615817
5	88231606	88241632	circular_RNA/1	0	+	88231606	88231606	0,0,0	5	320,109,182,214,77	0,2557,6232,7903,9949	1	circRNA	ENSRNOT00000009083	ENSRNOT00000009083	11,12,13,14,15	5:88228615-88231606|5:88241632-88255527
5	90146559	90193459	circular_RNA/1	0	-	90146559	90146559	0,0,0	9	98,42,113,161,210,91,260,98,588	0,599,12163,21203,27424,33098,44654,45778,46312	1	circRNA	ENSRNOT00000075474	ENSRNOT00000075474	23,22,21,20,19,18,17,16,15	5:90120334-90146559|5:90193459-90199539
5	99379077	99420606	circular_RNA/4	0	+	99379077	99379077	0,0,0	7	138,159,195,153,126,122,120	0,2234,12716,30887,32639,39925,41409	4	circRNA	ENSRNOT00000098986	ENSRNOT00000098986	6,7,8,9,10,11,12	5:99363342-99379077|5:99420606-99472374
5	102326742	102327450	circular_RNA/6	1	-	102326742	102326742	0,0,0	1	708	0	6	circRNA	ENSRNOT00000094349	ENSRNOT00000094349	5	5:102281146-102326742|5:102327450-102357684
5	102326742	102357828	circular_RNA/1	1	-	102326742	102326742	0,0,0	2	708,144	0,30942	1	circRNA	ENSRNOT00000094349	ENSRNOT00000094349	5,4	5:102281146-102326742|5:102357828-102363858
5	102326742	102363941	circular_RNA/1	0	-	102326742	102326742	0,0,0	3	708,144,83	0,30942,37116	1	circRNA	ENSRNOT00000094349	ENSRNOT00000094349	5,4,3	5:102281146-102326742|5:102363941-102513570
5	113881483	113915345	circular_RNA/1	1	+	113881483	113881483	0,0,0	8	135,234,331,71,137,79,77,120	0,7367,11599,13350,14638,27145,27875,33742	1	circRNA	ENSRNOT00000104305	ENSRNOT00000104305	2,3,4,5,6,7,8,9	5:113867595-113881483|5:113915345-113934139
5	117815637	117827572	circular_RNA/1	0	-	117815637	117815637	0,0,0	4	152,87,224,195	0,1891,4241,11740	1	circRNA	ENSRNOT00000101086	ENSRNOT00000101086	10,9,8,7	5:117805952-117815637|5:117827572-117846609
5	123222131	123223006	circular_RNA/4	0	+	123222131	123222131	0,0,0	1	875	0	4	circRNA	ENSRNOT00000079161	ENSRNOT00000079161	2	5:123203171-123222131|5:123223006-123230790
5	123268198	123291249	circular_RNA/2	1	+	123268198	123268198	0,0,0	8	58,104,114,78,178,48,83,116	0,149,5654,17034,17291,17634,17766,22935	2	circRNA	ENSRNOT00000079161	ENSRNOT00000079161	13,14,15,16,17,18,19,20	5:123263909-123268198|5:123291249-123292510
5	123285310	123285489	circular_RNA/2	1	+	123285310	123285310	0,0,0	1	179	0	2	ciRNA	ENSRNOT00000079161	ENSRNOT00000079161	16	5:123285310-123285489
5	123839169	123858623	circular_RNA/2	1	-	123839169	123839169	0,0,0	8	160,105,91,39,51,30,48,96	0,3234,4298,9086,15731,16971,18152,19358	2	circRNA	ENSRNOT00000105729	ENSRNOT00000105729	9,8,7,6,5,4,3,2	5:123830250-123839169|5:123858623-123874521
5	133468121	133470339	circular_RNA/1	1	+	133468121	133468121	0,0,0	2	230,1610	0,608	1	circRNA	ENSRNOT00000107388	ENSRNOT00000107388	3,4	5:133412734-133468121|5:133470339-133517367
5	133688232	133697900	circular_RNA/1	1	+	133688232	133688232	0,0,0	2	5494,134	0,9534	1	circRNA	ENSRNOT00000066774	ENSRNOT00000066774	2,3	5:133658180-133688232|5:133697900-133712873
5	139178462	139200688	circular_RNA/1	1	-	139178462	139178462	0,0,0	14	116,145,38,141,151,173,151,279,116,151,213,175,256,85	0,2983,4039,4749,6122,7650,8505,9088,9734,10300,13998,14321,21637,22141	1	circRNA	ENSRNOT00000102837	ENSRNOT00000102837	18,17,16,15,14,13,12,11,10,9,8,7,6,5	5:139175888-139178462|5:139200688-139207977
5	141132289	141141829	circular_RNA/1	1	-	141132289	141132289	0,0,0	5	225,328,247,64,126	0,955,4417,4805,9414	1	circRNA	ENSRNOT00000098832	ENSRNOT00000098832	6,5,4,3,2	5:141123530-141132289|5:141141829-141153171
5	141523972	141528970	circular_RNA/6	1	-	141523972	141523972	0,0,0	4	92,83,791,117	0,1523,3116,4881	6	circRNA	ENSRNOT00000009436	ENSRNOT00000009436	5,4,3,2	5:141501466-141523972|5:141528970-141535354
5	142706040	142723245	circular_RNA/1	1	+	142706040	142706040	0,0,0	4	94,166,123,121	0,2933,11381,17084	1	circRNA	ENSRNOT00000016325	ENSRNOT00000016325	3,4,5,6	5:142703632-142706040|5:142723245-142726723
5	144869886	144885006	circular_RNA/3	1	+	144869886	144869886	0,0,0	5	102,44,80,67,137	0,4731,8642,11797,14983	3	circRNA	ENSRNOT00000099304	ENSRNOT00000099304	2,3,4,5,6	5:144806651-144869886|5:144885006-144899810
5	144869886	144903712	circular_RNA/1	0	+	144869886	144869886	0,0,0	8	102,44,80,67,137,86,184,137	0,4731,8642,11797,14983,29924,31336,33689	1	circRNA	ENSRNOT00000099304	ENSRNOT00000099304	2,3,4,5,6,7,8,9	5:144806651-144869886|5:144903712-144908849
5	145948263	145951212	circular_RNA/9	0	-	145948263	145948263	0,0,0	3	117,456,213	0,1378,2736	9	circRNA	ENSRNOT00000009173	ENSRNOT00000009173	5,4,3	5:145925474-145948263|5:145951212-145980053
5	149810308	149821716	circular_RNA/1	1	+	149810308	149810308	0,0,0	8	121,157,128,125,109,134,83,180	0,1381,2348,3326,4061,5716,6739,11228	1	circRNA	ENSRNOT00000077933	ENSRNOT00000077933	3,4,5,6,7,8,9,10	5:149800971-149810308|5:149821716-149824781
5	160075099	160075336	circular_RNA/1	1	+	160075099	160075099	0,0,0	1	237	0	1	ciRNA	ENSRNOT00000045063	ENSRNOT00000045063	4	5:160075099-160076059
5	160889843	160890309	circular_RNA/1	1	+	160889843	160889843	0,0,0	1	466	0	1	circRNA	ENSRNOT00000024443	ENSRNOT00000024443	2	5:160766369-160889843|5:160890309-160912158
5	160919756	160980941	circular_RNA/2	1	+	160919756	160919756	0,0,0	5	126,106,97,105,49	0,30082,32304,39674,61136	2	circRNA	ENSRNOT00000024443	ENSRNOT00000024443	4,5,6,7,8	5:160912229-160919756|5:160980941-160990222
5	160949838	160991450	circular_RNA/1	0	+	160949838	160949838	0,0,0	6	106,97,105,49,125,100	0,2222,9592,31054,40384,41512	1	circRNA	ENSRNOT00000024443	ENSRNOT00000024443	5,6,7,8,9,10	5:160919882-160949838|5:160991450-161013896
4	14165958	14167682	circular_RNA/1	1	+	14165958	14165958	0,0,0	2	75,638	0,1086	1	circRNA	ENSRNOT00000094077	ENSRNOT00000094077	3,4	4:14160605-14165958|4:14167682-14184925
4	14429190	14537524	circular_RNA/2	0	-	14429190	14429190	0,0,0	10	89,139,144,196,178,186,249,193,92,42	0,10033,54005,55662,61684,63811,89080,96592,102452,108292	2	circRNA	ENSRNOT00000095227	ENSRNOT00000095227	22,21,20,19,18,17,16,15,14,13	4:14389148-14429190|4:14537524-14546512
4	14483195	14537524	circular_RNA/1	0	-	14483195	14483195	0,0,0	8	144,196,178,186,249,193,92,42	0,1657,7679,9806,35075,42587,48447,54287	1	circRNA	ENSRNOT00000115899	ENSRNOT00000115899	20,19,18,17,16,15,14,13	4:14439362-14483195|4:14537524-14546512
4	19776247	19904248	circular_RNA/1	0	-	19776247	19776247	0,0,0	13	27,125,51,212,68,109,126,91,137,2188,2018,5068,708	0,3821,6110,11380,12436,13044,35179,57240,62132,66724,107675,110049,127293	1	circRNA	ENSRNOT00000008637	ENSRNOT00000008637	16,15,14,13,12,11,10,9,8,7,6,5,4	4:19760281-19776247|4:19904248-20023118
4	20023118	20024576	circular_RNA/1	0	-	20023118	20023118	0,0,0	1	1458	0	1	circRNA	ENSRNOT00000008637	ENSRNOT00000008637	3	4:19904248-20023118|4:20024576-20042982
4	30310407	30324162	circular_RNA/2	0	-	30310407	30310407	0,0,0	6	167,152,157,108,157,144	0,2910,4264,6714,7431,13611	2	circRNA	ENSRNOT00000032505	ENSRNOT00000032505	13,12,11,10,9,8	4:30309466-30310407|4:30324162-30324350
4	30370086	30398873	circular_RNA/1	1	+	30370086	30370086	0,0,0	4	273,301,183,118	0,3425,15571,28669	1	circRNA	ENSRNOT00000067954	ENSRNOT00000067954	2,3,4,5	4:30333907-30370086|4:30398873-30399323
4	30370086	30424643	circular_RNA/1	0	+	30370086	30370086	0,0,0	9	273,301,183,118,209,89,145,171,85	0,3425,15571,28669,40043,41487,44749,48388,54472	1	circRNA	ENSRNOT00000079571	ENSRNOT00000079571	2,3,4,5,6,7,8,9,10	4:30333907-30370086|4:30424643-30434547
4	35952361	35957187	circular_RNA/1	1	+	35952361	35952361	0,0,0	2	237,668	0,4158	1	circRNA	ENSRNOT00000112848	ENSRNOT00000112848	4,5	4:35928778-35952361|4:35957187-35961398
4	36608070	36623887	circular_RNA/1	1	+	36608070	36608070	0,0,0	4	87,117,153,211	0,8918,12722,15606	1	circRNA	ENSRNOT00000086735	ENSRNOT00000086735	5,6,7,8	4:36589582-36608070|4:36623887-36631348
4	40031781	40032545	circular_RNA/1	1	+	40031781	40031781	0,0,0	1	764	0	1	circRNA	ENSRNOT00000099466	ENSRNOT00000099466	6	4:40024674-40031781|4:40032545-40040078
4	51557609	51574714	circular_RNA/1	1	+	51557609	51557609	0,0,0	8	92,86,21,97,83,135,135,164	0,5953,8656,8877,11712,13043,14351,16941	1	circRNA	ENSRNOT00000008719	ENSRNOT00000008719	14,15,16,17,18,19,20,21	4:51548254-51557609|4:51574714-51577175
4	60023820	60034589	circular_RNA/1	1	+	60023820	60023820	0,0,0	5	70,143,89,110,193	0,5047,6428,9029,10576	1	circRNA	ENSRNOT00000081707	ENSRNOT00000081707	2,3,4,5,6	4:60002595-60023820|4:60034589-60046758
4	63475710	63520616	circular_RNA/1	0	+	63475710	63475710	0,0,0	11	169,127,101,113,67,81,58,72,46,191,229	0,7202,8572,8898,17209,19010,21845,32646,35561,36842,44677	1	circRNA	ENSRNOT00000032077	ENSRNOT00000032077	8,9,10,11,12,13,14,15,16,17,18	4:63472565-63475710|4:63520616-63530330
4	63742444	63761171	circular_RNA/1	1	-	63742444	63742444	0,0,0	7	498,250,58,134,126,102,87	0,1887,5283,13363,17138,17898,18640	1	circRNA	ENSRNOT00000107953	ENSRNOT00000107953	10,9,8,7,6,5,4	4:63714128-63742444|4:63761171-63768685
4	65508934	65617219	circular_RNA/4	1	-	65508934	65508934	0,0,0	13	45,80,101,200,112,74,63,56,79,138,114,61,83	0,2499,36946,62199,74225,75877,79466,80820,89865,93090,94767,106405,108202	4	circRNA	ENSRNOT00000033268	ENSRNOT00000033268	23,22,21,20,19,18,17,16,15,14,13,12,11	4:65494102-65508934|4:65617219-65624302
4	66617525	66646151	circular_RNA/1	1	+	66617525	66617525	0,0,0	6	119,148,133,117,115,147	0,5042,12796,16997,25332,28479	1	circRNA	ENSRNOT00000113281	ENSRNOT00000113281	2,3,4,5,6,7	4:66568008-66617525|4:66646151-66667627
4	67190987	67197894	circular_RNA/2	0	+	67190987	67190987	0,0,0	4	138,104,490,71	0,1505,2059,6836	2	circRNA	ENSRNOT00000096491	ENSRNOT00000096491	4,5,6,7	4:67182539-67190987|4:67197894-67204749
4	67192492	67204879	circular_RNA/1	1	+	67192492	67192492	0,0,0	4	104,490,71,130	0,554,5331,12257	1	circRNA	ENSRNOT00000096491	ENSRNOT00000096491	5,6,7,8	4:67191125-67192492|4:67204879-67206955
4	67211803	67216538	circular_RNA/3	1	+	67211803	67211803	0,0,0	3	43,51,1545	0,2104,3190	3	circRNA	ENSRNOT00000064175	ENSRNOT00000064175	13,14,15	4:67209356-67211803|4:67216538-67223448
4	68416651	68440364	circular_RNA/3	1	-	68416651	68416651	0,0,0	8	177,85,118,146,37,160,117,149	0,873,4901,5951,10097,13696,22455,23564	3	circRNA	ENSRNOT00000100954	ENSRNOT00000100954	13,12,11,10,9,8,7,6	4:68402018-68416651|4:68440364-68443331
4	69502164	69526130	circular_RNA/1	1	+	69502164	69502164	0,0,0	23	35,117,149,85,57,125,89,50,168,153,201,155,169,97,113,126,129,111,63,135,88,139,134	0,126,633,1348,2332,5302,6973,9549,9998,12488,12971,14952,16117,16535,17396,18570,19755,20130,20519,21213,21840,22874,23832	1	circRNA	ENSRNOT00000016912	ENSRNOT00000016912	39,40,41,42,43,44,45,46,47,48,49,50,51,52,53,54,55,56,57,58,59,60,61	4:69502048-69502164|4:69526130-69526247
4	95151453	95151753	circular_RNA/2	1	+	95151453	95151453	0,0,0	1	300	0	2	ciRNA	ENSRNOT00000113591	ENSRNOT00000113591	5	4:95151453-95152989
4	95156486	95205604	circular_RNA/1	1	+	95156486	95156486	0,0,0	7	80,85,158,94,161,94,86	0,4342,5486,24151,26114,28704,49032	1	circRNA	ENSRNOT00000113591	ENSRNOT00000113591	7,8,9,10,11,12,13	4:95153111-95156486|4:95205604-95228287
4	115910938	115913093	circular_RNA/3	0	-	115910938	115910938	0,0,0	1	2155	0	3	circRNA	ENSRNOT00000015296	ENSRNOT00000015296	4	4:115892136-115910938|4:115913093-115948716
4	116426088	116432791	circular_RNA/1	1	+	116426088	116426088	0,0,0	5	39,308,275,147,123	0,1405,3108,4878,6580	1	circRNA	ENSRNOT00000116644	ENSRNOT00000116644	4,5,6,7,8	4:116420785-116426088|4:116432791-116438544
4	116427493	116440075	circular_RNA/2	1	+	116427493	116427493	0,0,0	7	308,275,147,123,56,53,51	0,1703,3473,5175,11051,11277,12531	2	circRNA	ENSRNOT00000116644	ENSRNOT00000116644	5,6,7,8,9,10,11	4:116426127-116427493|4:116440075-116441856
4	116427493	116442793	circular_RNA/2	1	+	116427493	116427493	0,0,0	9	308,275,147,123,56,53,51,69,84	0,1703,3473,5175,11051,11277,12531,14363,15216	2	circRNA	ENSRNOT00000116644	ENSRNOT00000116644	5,6,7,8,9,10,11,12,13	4:116426127-116427493|4:116442793-116443404
4	118176754	118201013	circular_RNA/3	1	+	118176754	118176754	0,0,0	6	230,126,147,135,90,1151	0,2403,8538,13498,20270,23108	3	circRNA	ENSRNOT00000109581	ENSRNOT00000109581	11,12,13,14,15,16	4:118166483-118176754|4:118201013-118218247
4	129774513	129779212	circular_RNA/1	0	-	129774513	129774513	0,0,0	5	157,167,143,106,127	0,549,1258,2859,4572	1	circRNA	ENSRNOT00000087215	ENSRNOT00000087215	8,7,6,5,4	4:129771715-129774513|4:129779212-129780280
4	131638251	131651656	circular_RNA/3	1	-	131638251	131638251	0,0,0	4	205,160,87,138	0,6608,12122,13267	3	circRNA	ENSRNOT00000103186	ENSRNOT00000103186	5,4,3,2	4:131614133-131638251|4:131651656-131663585
4	173449535	173471814	circular_RNA/1	0	+	173449535	173449535	0,0,0	6	468,463,84,120,54,81	0,7300,9374,12597,13479,22198	1	circRNA	ENSRNOT00000042291	ENSRNOT00000042291	11,12,13,14,15,16	4:173443233-173449535|4:173471814-173476678
7	11234580	11236648	circular_RNA/1	1	-	11234580	11234580	0,0,0	3	296,200,210	0,817,1858	1	circRNA	ENSRNOT00000008963	ENSRNOT00000008963	9,8,7	7:11233624-11234580|7:11236648-11241152
7	24516409	24537144	circular_RNA/2	0	+	24516409	24516409	0,0,0	5	297,76,102,117,167	0,13037,14223,17160,20568	2	circRNA	ENSRNOT00000102313	ENSRNOT00000102313	4,5,6,7,8	7:24509432-24516409|7:24537144-24628334
7	25401568	25454611	circular_RNA/1	1	+	25401568	25401568	0,0,0	8	108,180,72,129,72,12,87,138	0,2096,19390,25647,27865,44452,45587,52905	1	circRNA	ENSRNOT00000102313	ENSRNOT00000102313	18,19,20,21,22,23,24,25	7:25181239-25401568|7:25454611-25471961
7	25420955	25454611	circular_RNA/1	1	+	25420955	25420955	0,0,0	6	75,129,72,12,87,138	0,6260,8478,25065,26200,33518	1	circRNA	ENSRNOT00000059269	ENSRNOT00000059269	18,19,20,21,22,23	7:25181239-25420955|7:25454611-25471961
7	38326753	38349588	circular_RNA/1	0	-	38326753	38326753	0,0,0	5	120,205,438,180,94	0,5840,16152,19116,22741	1	circRNA	ENSRNOT00000071306	ENSRNOT00000071306	17,16,15,14,13	7:38317348-38326753|7:38349588-38352421
7	45259947	45263053	circular_RNA/1	0	-	45259947	45259947	0,0,0	2	184,73	0,3033	1	circRNA	ENSRNOT00000082100	ENSRNOT00000082100	5,4	7:45245631-45259947|7:45263053-45286759
7	51038877	51044969	circular_RNA/1	1	+	51038877	51038877	0,0,0	10	175,132,543,110,132,126,75,75,29,223	0,660,1180,1817,3128,3358,4801,5032,5219,5869	1	circRNA	ENSRNOT00000081891	ENSRNOT00000081891	13,14,15,16,17,18,19,20,21,22	7:51037585-51038877|7:51044969-51048716
7	52968475	52979727	circular_RNA/1	1	-	52968475	52968475	0,0,0	8	190,154,116,505,174,146,104,210	0,2959,4210,4623,5792,6753,9436,11042	1	circRNA	ENSRNOT00000008193	ENSRNOT00000008193	9,8,7,6,5,4,3,2	7:52962060-52968475|7:52979727-52988002
7	59265004	59265111	circular_RNA/1	1	+	59265004	59265004	0,0,0	1	107	0	1	circRNA	ENSRNOT00000103382	ENSRNOT00000103382	2	7:58944078-59265004|7:59265111-59380203
7	66813976	66877460	circular_RNA/1	1	+	66813976	66813976	0,0,0	10	221,204,172,115,67,409,112,204,127,144	0,8973,28164,28875,30543,33400,40421,57188,59777,63340	1	circRNA	ENSRNOT00000094539	ENSRNOT00000094539	24,25,26,27,28,29,30,31,32,33	7:66797057-66813976|7:66877460-66912739
7	70333464	70539453	circular_RNA/1	0	+	70333464	70333464	0,0,0	14	33,87,211,311,926,68,120,100,124,47,113,131,172,154	0,441,18585,77601,163100,177557,179513,181480,182555,184950,187741,196866,203469,205835	1	circRNA	ENSRNOT00000106052	ENSRNOT00000106052	2,3,4,5,6,7,8,9,10,11,12,13,14,15	7:70248649-70333464|7:70539453-70568806
7	70511203	70598646	circular_RNA/1	0	+	70511203	70511203	0,0,0	13	209,120,100,124,47,113,131,172,154,69,157,111,110	0,1774,3741,4816,7211,10002,19127,25730,28096,57603,67390,68707,87333	1	circRNA	ENSRNOT00000116297	ENSRNOT00000116297	7,8,9,10,11,12,13,14,15,16,17,18,19	7:70497490-70511203|7:70598646-70626522
7	73578067	73614021	circular_RNA/1	0	-	73578067	73578067	0,0,0	4	167,102,128,233	0,8393,16834,35721	1	circRNA	ENSRNOT00000007979	ENSRNOT00000007979	7,6,5,4	7:73552028-73578067|7:73614021-73628946
7	113167517	113172294	circular_RNA/1	1	+	113167517	113167517	0,0,0	6	151,147,114,166,165,162	0,262,677,1608,2857,4615	1	circRNA	ENSRNOT00000115202	ENSRNOT00000115202	24,25,26,27,28,29	7:113166703-113167517|7:113172294-113174797
7	116880752	116884801	circular_RNA/1	1	+	116880752	116880752	0,0,0	3	161,139,203	0,1865,3846	1	circRNA	ENSRNOT00000030082	ENSRNOT00000030082	4,5,6	7:116874717-116880752|7:116884801-116891985
7	120324176	120340634	circular_RNA/1	1	+	120324176	120324176	0,0,0	8	243,187,138,66,113,114,127,153	0,3690,6739,9469,12358,12818,15118,16305	1	circRNA	ENSRNOT00000011070	ENSRNOT00000011070	5,6,7,8,9,10,11,12	7:120318456-120324176|7:120340634-120344010
7	124547729	124603998	circular_RNA/1	1	+	124547729	124547729	0,0,0	7	92,62,212,57,80,120,141	0,12744,32199,45359,48397,52847,56128	1	circRNA	ENSRNOT00000098702	ENSRNOT00000098702	2,3,4,5,6,7,8	7:124538702-124547729|7:124603998-124627151
6	3752346	4157231	circular_RNA/2	1	+	3752346	3752346	0,0,0	7	123,382,191,174,120,182,172	0,8163,9672,32377,39683,248093,404713	2	circRNA	ENSRNOT00000095577	ENSRNOT00000095577	12,13,14,15,16,17,18	6:3729847-3752346|6:4157231-4187844
6	3752346	3792149	circular_RNA/3	0	+	3752346	3752346	0,0,0	5	123,382,191,174,120	0,8163,9672,32377,39683	3	circRNA	ENSRNOT00000095577	ENSRNOT00000095577	12,13,14,15,16	6:3729847-3752346|6:3792149-4000439
6	8630232	8660484	circular_RNA/1	1	+	8630232	8630232	0,0,0	4	107,177,156,185	0,2143,6195,30067	1	circRNA	ENSRNOT00000019894	ENSRNOT00000019894	17,18,19,20	6:8576471-8630232|6:8660484-8663723
6	10337599	10421483	circular_RNA/1	1	+	10337599	10337599	0,0,0	5	90,132,169,119,95	0,2559,25174,63536,83789	1	circRNA	ENSRNOT00000038246	ENSRNOT00000038246	27,28,29,30,31	6:10286345-10337599|6:10421483-10443236
6	13271223	13273053	circular_RNA/1	0	+	13271223	13271223	0,0,0	1	1830	0	1	circRNA	ENSRNOT00000070918	ENSRNOT00000070918	2	6:13194801-13271223|6:13273053-13475674
6	14382270	14400081	circular_RNA/1	1	+	14382270	14382270	0,0,0	9	43,73,132,63,82,111,79,59,63	0,1549,6420,6678,6822,6988,12280,16606,17748	1	circRNA	ENSRNOT00000084602	ENSRNOT00000084602	7,8,9,10,11,12,13,14,15	6:14379477-14382270|6:14400081-14408328
6	26591580	26638250	circular_RNA/1	1	+	26591580	26591580	0,0,0	6	81,214,86,155,106,167	0,5523,23960,36728,43677,46503	1	circRNA	ENSRNOT00000060810	ENSRNOT00000060810	3,4,5,6,7,8	6:26587317-26591580|6:26638250-26670126
6	26615540	26638250	circular_RNA/1	1	+	26615540	26615540	0,0,0	4	86,155,106,167	0,12768,19717,22543	1	circRNA	ENSRNOT00000060810	ENSRNOT00000060810	5,6,7,8	6:26597317-26615540|6:26638250-26670126
6	34000512	34021941	circular_RNA/1	0	+	34000512	34000512	0,0,0	14	147,89,165,179,205,115,161,136,81,171,138,146,126,106	0,546,808,1427,2234,4949,5384,7655,8850,9827,11780,14685,16665,21323	1	circRNA	ENSRNOT00000007073	ENSRNOT00000007073	11,12,13,14,15,16,17,18,19,20,21,22,23,24	6:33997193-34000512|6:34021941-34028020
6	54844131	54928330	circular_RNA/1	1	+	54844131	54844131	0,0,0	11	154,141,50,75,120,118,89,117,99,33,117	0,18483,24032,27347,30386,38498,41077,41245,49357,71448,84082	1	circRNA	ENSRNOT00000063874	ENSRNOT00000063874	5,6,7,8,9,10,11,12,13,14,15	6:54831002-54844131|6:54928330-54939184
6	69988037	69991926	circular_RNA/1	1	+	69988037	69988037	0,0,0	1	3889	0	1	circRNA	ENSRNOT00000088378	ENSRNOT00000088378	2	6:69976495-69988037|6:69991926-70016733
6	69988037	70016878	circular_RNA/1	1	+	69988037	69988037	0,0,0	2	3889,145	0,28696	1	circRNA	ENSRNOT00000088378	ENSRNOT00000088378	2,3	6:69976495-69988037|6:70016878-70027551
6	73079016	73083022	circular_RNA/1	0	-	73079016	73079016	0,0,0	2	72,862	0,3144	1	circRNA	ENSRNOT00000083857	ENSRNOT00000083857	33,32	6:73051219-73079016|6:73083022-73091478
6	83034577	83053618	circular_RNA/2	0	+	83034577	83034577	0,0,0	9	157,135,297,263,239,98,96,176,154	0,1695,4154,5855,6728,9912,15641,17466,18887	2	circRNA	ENSRNOT00000005861	ENSRNOT00000005861	2,3,4,5,6,7,8,9,10	6:83021295-83034577|6:83053618-83061116
6	88801963	88804076	circular_RNA/2	0	-	88801963	88801963	0,0,0	2	123,96	0,2017	2	circRNA	ENSRNOT00000009560	ENSRNOT00000009560	3,2	6:88793399-88801963|6:88804076-88855562
6	89573657	89576332	circular_RNA/1	1	+	89573657	89573657	0,0,0	2	254,198	0,2477	1	circRNA	ENSRNOT00000108048	ENSRNOT00000108048	16,17	6:89569582-89573657|6:89576332-89578771
6	102007279	102009073	circular_RNA/1	1	+	102007279	102007279	0,0,0	1	1794	0	1	circRNA	ENSRNOT00000058195	ENSRNOT00000058195	6	6:101974871-102007279|6:102009073-102022292
6	104678518	104683809	circular_RNA/1	0	+	104678518	104678518	0,0,0	2	2115,145	0,5146	1	circRNA	ENSRNOT00000089683	ENSRNOT00000089683	5,6	6:104662391-104678518|6:104683809-104689082
6	106720945	106724677	circular_RNA/1	0	+	106720945	106720945	0,0,0	5	123,154,107,87,66	0,524,1938,2645,3666	1	circRNA	ENSRNOT00000106610	ENSRNOT00000106610	15,16,17,18,19	6:106719035-106720945|6:106724677-106728853
6	120318622	120329094	circular_RNA/1	1	-	120318622	120318622	0,0,0	5	117,78,618,99,56	0,221,2847,6468,10416	1	circRNA	ENSRNOT00000106200	ENSRNOT00000106200	6,5,4,3,2	6:120317070-120318622|6:120329094-120344233
6	121030746	121052866	circular_RNA/1	1	-	121030746	121030746	0,0,0	10	164,194,141,3021,213,87,41,363,166,60	0,5050,5866,9261,12846,15586,16743,19774,20631,22060	1	circRNA	ENSRNOT00000007061	ENSRNOT00000007061	14,13,12,11,10,9,8,7,6,5	6:121029454-121030746|6:121052866-121056402
6	122125680	122155184	circular_RNA/7	1	+	122125680	122125680	0,0,0	6	121,305,171,93,56,130	0,6385,9892,19368,28646,29374	7	circRNA	ENSRNOT00000107056	ENSRNOT00000107056	2,3,4,5,6,7	6:122083295-122125680|6:122155184-122177001
6	124719870	124730279	circular_RNA/1	1	+	124719870	124719870	0,0,0	6	122,143,101,221,63,75	0,2632,4215,4838,8760,10334	1	circRNA	ENSRNOT00000083732	ENSRNOT00000083732	16,17,18,19,20,21	6:124716848-124719870|6:124730279-124731077
6	130645097	130671201	circular_RNA/1	1	+	130645097	130645097	0,0,0	4	192,54,49,66	0,12200,22550,26038	1	circRNA	ENSRNOT00000088784	ENSRNOT00000088784	2,3,4,5	6:130627611-130645097|6:130671201-130677648
6	137275803	137289843	circular_RNA/2	1	+	137275803	137275803	0,0,0	7	56,121,177,83,49,90,96	0,5340,7831,9203,12190,13396,13944	2	circRNA	ENSRNOT00000006582	ENSRNOT00000006582	7,8,9,10,11,12,13	6:137262279-137275803|6:137289843-137298340
9	3396029	3401016	circular_RNA/3	1	+	3396029	3396029	0,0,0	2	2487,204	0,4783	3	circRNA	ENSRNOT00000018146	ENSRNOT00000018146	3,4	9:3293666-3396029|9:3401016-3441749
9	3737335	3781864	circular_RNA/3	1	-	3737335	3737335	0,0,0	9	173,70,51,89,103,68,75,90,109	0,1580,1753,3099,11614,40445,42804,42967,44420	3	circRNA	ENSRNOT00000014171	ENSRNOT00000014171	13,12,11,10,9,8,7,6,5	9:3676430-3737335|9:3781864-3809566
9	4709321	4750585	circular_RNA/1	0	-	4709321	4709321	0,0,0	8	156,213,455,112,124,127,177,245	0,7311,14624,17289,35439,36337,37219,41019	1	circRNA	ENSRNOT00000017556	ENSRNOT00000017556	9,8,7,6,5,4,3,2	9:4684306-4709321|9:4750585-4753021
9	18147491	18176945	circular_RNA/3	1	+	18147491	18147491	0,0,0	11	188,79,95,105,88,166,143,113,102,176,64	0,2409,2847,4794,8473,12566,13356,19165,19968,22509,29390	3	circRNA	ENSRNOT00000120136	ENSRNOT00000120136	6,7,8,9,10,11,12,13,14,15,16	9:18138125-18147491|9:18176945-18179140
9	24785902	24808584	circular_RNA/1	0	-	24785902	24785902	0,0,0	3	167,113,113	0,5420,22569	1	circRNA	ENSRNOT00000091865	ENSRNOT00000091865	26,25,24	9:24759811-24785902|9:24808584-24809671
9	24832021	24855424	circular_RNA/2	0	-	24832021	24832021	0,0,0	10	90,63,126,157,72,154,172,131,113,47	0,4671,6239,7067,11531,12596,12855,14751,19879,23356	2	circRNA	ENSRNOT00000091865	ENSRNOT00000091865	21,20,19,18,17,16,15,14,13,12	9:24815296-24832021|9:24855424-24859095
9	27762138	27828069	circular_RNA/1	0	-	27762138	27762138	0,0,0	6	103,76,150,109,69,195	0,11182,12143,36928,40351,65736	1	circRNA	ENSRNOT00000016194	ENSRNOT00000016194	15,14,13,12,11,10	9:27746132-27762138|9:27828069-27842420
9	27773320	28145670	circular_RNA/1	1	-	27773320	27773320	0,0,0	13	76,150,109,69,195,107,102,165,165,165,162,111,772	0,961,25746,29169,54554,69100,69571,90416,91019,110622,116783,122827,371578	1	circRNA	ENSRNOT00000016194	ENSRNOT00000016194	14,13,12,11,10,9,8,7,6,5,4,3,2	9:27762241-27773320|9:28145670-28148354
9	33091050	33104210	circular_RNA/1	0	-	33091050	33091050	0,0,0	4	305,184,316,1720	0,2644,5829,11440	1	circRNA	ENSRNOT00000115258	ENSRNOT00000115258	6,5,4,3	9:33078988-33091050|9:33104210-33109727
9	36105553	36110799	circular_RNA/1	1	-	36105553	36105553	0,0,0	2	178,217	0,5029	1	circRNA	ENSRNOT00000088824	ENSRNOT00000088824	3,2	9:36089659-36105553|9:36110799-36135067
9	46276381	46290867	circular_RNA/1	1	+	46276381	46276381	0,0,0	7	594,127,84,105,95,133,87	0,5977,7079,7651,7974,12832,14399	1	circRNA	ENSRNOT00000033133	ENSRNOT00000033133	2,3,4,5,6,7,8	9:46270033-46276381|9:46290867-46302356
9	46276381	46284450	circular_RNA/2	1	+	46276381	46276381	0,0,0	5	594,127,84,105,95	0,5977,7079,7651,7974	2	circRNA	ENSRNOT00000033133	ENSRNOT00000033133	2,3,4,5,6	9:46270033-46276381|9:46284450-46289213
9	48793272	48794864	circular_RNA/1	1	+	48793272	48793272	0,0,0	1	1592	0	1	circRNA	ENSRNOT00000112559	ENSRNOT00000112559	2	9:48773600-48793272|9:48794864-48824449
9	61876180	61879316	circular_RNA/1	1	+	61876180	61876180	0,0,0	2	183,159	0,2977	1	circRNA	ENSRNOT00000050179	ENSRNOT00000050179	8,9	9:61874495-61876180|9:61879316-61896688
9	79927013	79932725	circular_RNA/1	1	-	79927013	79927013	0,0,0	5	52,62,71,109,151	0,1119,2427,4329,5561	1	circRNA	ENSRNOT00000019685	ENSRNOT00000019685	10,9,8,7,6	9:79925446-79927013|9:79932725-79934053
9	88039920	88050585	circular_RNA/2	1	+	88039920	88039920	0,0,0	3	130,96,115	0,1057,10550	2	circRNA	ENSRNOT00000064965	ENSRNOT00000064965	4,5,6	9:88029904-88039920|9:88050585-88055907
9	105629567	105660854	circular_RNA/10	0	-	105629567	105629567	0,0,0	7	148,143,201,147,69,148,138	0,2730,5402,9716,14031,20470,31149	10	circRNA	ENSRNOT00000017613	ENSRNOT00000017613	8,7,6,5,4,3,2	9:105604468-105629567|9:105660854-105687824
9	110672070	110694225	circular_RNA/1	0	+	110672070	110672070	0,0,0	3	371,92,422	0,4972,21733	1	circRNA	ENSRNOT00000022351	ENSRNOT00000022351	7,8,9	9:110558498-110672070|9:110694225-110715406
8	4361727	4395272	circular_RNA/1	0	-	4361727	4361727	0,0,0	22	151,120,113,118,133,383,171,115,156,206,150,128,116,128,229,140,99,153,96,196,176,125	0,1587,3583,7674,7918,9509,10738,11870,12075,13638,14954,16262,17187,20939,21907,22245,23074,23697,24395,28696,32041,33420	1	circRNA	ENSRNOT00000044174	ENSRNOT00000044174	32,31,30,29,28,27,26,25,24,23,22,21,20,19,18,17,16,15,14,13,12,11	8:4359841-4361727|8:4395272-4396089
8	5230379	5254901	circular_RNA/2	0	-	5230379	5230379	0,0,0	6	73,113,2092,199,97,146	0,2818,8883,11913,20592,24376	2	circRNA	ENSRNOT00000029887	ENSRNOT00000029887	8,7,6,5,4,3	8:5224440-5230379|8:5254901-5263251
8	13024994	13025309	circular_RNA/1	1	-	13024994	13024994	0,0,0	1	315	0	1	circRNA	ENSRNOT00000109404	ENSRNOT00000109404	3	8:12859202-13024994|8:13025309-13154301
8	13154301	13157607	circular_RNA/2	1	-	13154301	13154301	0,0,0	1	3306	0	2	circRNA	ENSRNOT00000109404	ENSRNOT00000109404	2	8:13025309-13154301|8:13157607-13272869
8	21223256	21255514	circular_RNA/2	1	+	21223256	21223256	0,0,0	6	103,105,141,96,173,153	0,1960,12160,15960,25819,32105	2	circRNA	ENSRNOT00000092845	ENSRNOT00000092845	17,18,19,20,21,22	8:21218300-21223256|8:21255514-21356322
8	30567378	30624734	circular_RNA/3	1	+	30567378	30567378	0,0,0	7	85,87,138,93,123,78,82	0,17836,34245,36802,38043,39562,57274	3	circRNA	ENSRNOT00000099034	ENSRNOT00000099034	5,6,7,8,9,10,11	8:30567047-30567378|8:30624734-30658097
8	62559508	62579508	circular_RNA/2	1	-	62559508	62559508	0,0,0	3	246,599,94	0,1065,19906	2	circRNA	ENSRNOT00000038641	ENSRNOT00000038641	4,3,2	8:62549894-62559508|8:62579508-62611916
8	65347107	65354418	circular_RNA/1	1	+	65347107	65347107	0,0,0	4	74,131,332,250	0,691,3699,7061	1	circRNA	ENSRNOT00000016260	ENSRNOT00000016260	2,3,4,5	8:65343020-65347107|8:65354418-65360619
8	65347107	65363966	circular_RNA/1	0	+	65347107	65347107	0,0,0	7	74,131,332,250,70,170,242	0,691,3699,7061,13512,15378,16617	1	circRNA	ENSRNOT00000016260	ENSRNOT00000016260	2,3,4,5,6,7,8	8:65343020-65347107|8:65363966-65368573
8	65394175	65396915	circular_RNA/1	1	+	65394175	65394175	0,0,0	5	134,136,207,129,142	0,1525,1927,2222,2598	1	circRNA	ENSRNOT00000016260	ENSRNOT00000016260	16,17,18,19,20	8:65382488-65394175|8:65396915-65400981
8	66941912	66956396	circular_RNA/1	1	+	66941912	66941912	0,0,0	13	97,144,128,145,172,135,166,126,222,153,133,192,222	0,602,3015,5855,6209,8007,8436,8954,10238,10741,11024,12039,14262	1	circRNA	ENSRNOT00000089336	ENSRNOT00000089336	10,11,12,13,14,15,16,17,18,19,20,21,22	8:66939373-66941912|8:66956396-66959441
8	68516038	68537131	circular_RNA/1	1	+	68516038	68516038	0,0,0	9	60,81,58,128,107,172,63,127,95	0,1813,2673,4778,6690,7914,16520,20276,20998	1	circRNA	ENSRNOT00000057522	ENSRNOT00000057522	9,10,11,12,13,14,15,16,17	8:68513742-68516038|8:68537131-68540444
8	72517666	72534248	circular_RNA/1	1	-	72517666	72517666	0,0,0	8	207,72,77,79,65,145,140,106	0,950,2015,7784,14196,14585,15118,16476	1	circRNA	ENSRNOT00000081185	ENSRNOT00000081185	16,15,14,13,12,11,10,9	8:72506200-72517666|8:72534248-72563711
8	72662722	72662825	circular_RNA/1	1	-	72662722	72662722	0,0,0	1	103	0	1	circRNA	ENSRNOT00000081185	ENSRNOT00000081185	5	8:72600996-72662722|8:72662825-72678382
8	73039771	73042173	circular_RNA/6	1	+	73039771	73039771	0,0,0	3	135,308,141	0,1835,2261	6	circRNA	ENSRNOT00000095837	ENSRNOT00000095837	16,17,18	8:73033270-73039771|8:73042173-73052310
8	78001078	78062777	circular_RNA/3	0	-	78001078	78001078	0,0,0	7	129,45,45,60,84,66,1467	0,8812,18977,26825,27009,27174,60232	3	circRNA	ENSRNOT00000101165	ENSRNOT00000101165	10,9,8,7,6,5,4	8:77935397-78001078|8:78062777-78072695
8	78001078	78062852	circular_RNA/2	0	-	78001078	78001078	0,0,0	8	129,45,45,60,84,66,72,1542	0,8812,18977,26825,27009,27174,48316,60232	2	circRNA	ENSRNOT00000105297	ENSRNOT00000105297	11,10,9,8,7,6,5,4	8:77976046-78001078|8:78062852-78072695
8	78009890	78062852	circular_RNA/4	0	-	78009890	78009890	0,0,0	7	45,45,60,84,66,72,1542	0,10165,18013,18197,18362,39504,51420	4	circRNA	ENSRNOT00000105297	ENSRNOT00000105297	10,9,8,7,6,5,4	8:78001207-78009890|8:78062852-78072695
8	78027903	78062852	circular_RNA/2	0	-	78027903	78027903	0,0,0	5	60,84,66,72,1542	0,184,349,21491,33407	2	circRNA	ENSRNOT00000105297	ENSRNOT00000105297	8,7,6,5,4	8:78020100-78027903|8:78062852-78072695
8	80776246	80780582	circular_RNA/1	1	-	80776246	80776246	0,0,0	2	58,2806	0,1530	1	circRNA	ENSRNOT00000081437	ENSRNOT00000081437	6,5	8:80767139-80776246|8:80780582-80805024
8	84349281	84353199	circular_RNA/1	0	-	84349281	84349281	0,0,0	2	530,369	0,3549	1	circRNA	ENSRNOT00000044931	ENSRNOT00000044931	4,3	8:84328877-84349281|8:84353199-84374437
8	96434779	96453560	circular_RNA/1	1	+	96434779	96434779	0,0,0	14	192,191,153,193,257,191,101,172,171,195,186,93,131,144	0,2945,3690,4070,4483,5467,5740,6098,7065,9600,11835,13462,15922,18637	1	circRNA	ENSRNOT00000049967	ENSRNOT00000049967	6,7,8,9,10,11,12,13,14,15,16,17,18,19	8:96434026-96434779|8:96453560-96456183
8	96546802	96584433	circular_RNA/1	1	+	96546802	96546802	0,0,0	21	88,169,68,138,67,106,90,157,120,170,121,99,104,132,163,114,99,116,147,90,136	0,171,1112,1472,3363,3623,5092,7684,10414,14302,16574,16787,20881,23845,25117,27577,29417,31877,32564,37171,37495	1	circRNA	ENSRNOT00000014481	ENSRNOT00000014481	7,8,9,10,11,12,13,14,15,16,17,18,19,20,21,22,23,24,25,26,27	8:96544075-96546802|8:96584433-96590235
Y	986946	994637	circular_RNA/7	1	-	986946	986946	0,0,0	4	206,106,130,734	0,912,2730,6957	7	circRNA	ENSRNOT00000119067	ENSRNOT00000119067	19,18,17,16	Y:969197-986946|Y:994637-1005660
Y	1022213	1023668	circular_RNA/1	0	-	1022213	1022213	0,0,0	2	127,94	0,1361	1	circRNA	ENSRNOT00000119067	ENSRNOT00000119067	11,10	Y:1008596-1022213|Y:1023668-1038112
11	33703456	33730652	circular_RNA/1	0	+	33703456	33703456	0,0,0	14	155,43,151,88,54,121,86,95,63,55,163,46,127,64	0,433,872,1425,3475,4203,6236,7754,8814,18454,23520,24655,25904,27132	1	circRNA	ENSRNOT00000065600	ENSRNOT00000065600	2,3,4,5,6,7,8,9,10,11,12,13,14,15	11:33689355-33703456|11:33730652-33734533
11	43394042	43403917	circular_RNA/1	0	-	43394042	43394042	0,0,0	6	135,208,149,110,127,174	0,1954,4264,6292,8176,9701	1	circRNA	ENSRNOT00000002238	ENSRNOT00000002238	7,6,5,4,3,2	11:43386374-43394042|11:43403917-43416691
11	43963186	43981686	circular_RNA/1	0	-	43963186	43963186	0,0,0	17	57,75,81,60,57,81,60,84,60,87,81,60,84,57,81,33,84	0,652,2356,3083,4124,5044,5966,7144,7916,9396,10263,12113,13789,14669,16207,17061,18416	1	circRNA	ENSRNOT00000108100	ENSRNOT00000108100	41,40,39,38,37,36,35,34,33,32,31,30,29,28,27,26,25	11:43958654-43963186|11:43981686-43982463
11	48601791	48621550	circular_RNA/1	1	-	48601791	48601791	0,0,0	5	120,141,98,147,95	0,5369,8284,11196,19664	1	circRNA	ENSRNOT00000002719	ENSRNOT00000002719	17,16,15,14,13	11:48593474-48601791|11:48621550-48628501
11	80858296	80872254	circular_RNA/1	1	-	80858296	80858296	0,0,0	3	185,981,63	0,8709,13895	1	circRNA	ENSRNOT00000052120	ENSRNOT00000052120	4,3,2	11:80857360-80858296|11:80872254-80877542
10	532756	561348	circular_RNA/1	1	-	532756	532756	0,0,0	14	195,167,159,147,102,127,200,311,211,133,82,193,168,177	0,1232,2642,5294,6078,6929,8007,11914,13232,14067,15482,24217,26215,28415	1	circRNA	ENSRNOT00000115220	ENSRNOT00000115220	30,29,28,27,26,25,24,23,22,21,20,19,18,17	10:532263-532756|10:561348-563584
10	1236678	1269129	circular_RNA/1	1	+	1236678	1236678	0,0,0	9	162,179,132,263,106,1029,156,159,138	0,1572,19088,23196,26850,27423,29926,31951,32313	1	circRNA	ENSRNOT00000097507	ENSRNOT00000097507	7,8,9,10,11,12,13,14,15	10:1234097-1236678|10:1269129-1274192
10	1478632	1538964	circular_RNA/1	0	-	1478632	1478632	0,0,0	16	87,56,246,70,111,76,43,44,78,57,81,43,39,66,145,61	0,1207,14144,21115,21738,23868,25086,27133,35209,40937,41936,44273,45817,46770,50879,60271	1	circRNA	ENSRNOT00000084447	ENSRNOT00000084447	21,20,19,18,17,16,15,14,13,12,11,10,9,8,7,6	10:1473338-1478632|10:1538964-1545045
10	13120018	13142156	circular_RNA/2	0	-	13120018	13120018	0,0,0	10	218,174,97,69,76,98,145,138,43,270	0,3577,5216,5552,9360,11737,12536,17924,18324,21868	2	circRNA	ENSRNOT00000095623	ENSRNOT00000095623	11,10,9,8,7,6,5,4,3,2	10:13112345-13120018|10:13142156-13174541
10	15324549	15337878	circular_RNA/1	1	-	15324549	15324549	0,0,0	2	44,91	0,13238	1	circRNA	ENSRNOT00000052292	ENSRNOT00000052292	3,2	10:15324434-15324549|10:15337878-15337993
10	16433873	16439952	circular_RNA/12	0	-	16433873	16433873	0,0,0	3	1090,126,195	0,3674,5884	12	circRNA	ENSRNOT00000079462	ENSRNOT00000079462	4,3,2	10:16421874-16433873|10:16439952-16461948
10	18019570	18094312	circular_RNA/1	0	-	18019570	18019570	0,0,0	13	136,106,194,173,147,120,74,166,105,66,167,91,147	0,11678,36556,39609,40567,42547,45396,47939,49780,55132,64053,70150,74595	1	circRNA	ENSRNOT00000059895	ENSRNOT00000059895	14,13,12,11,10,9,8,7,6,5,4,3,2	10:17911119-18019570|10:18094312-18102787
10	20678222	20853008	circular_RNA/2	1	-	20678222	20678222	0,0,0	5	206,123,239,235,210	0,14559,67453,94760,174576	2	circRNA	ENSRNOT00000011922	ENSRNOT00000011922	9,8,7,6,5	10:20641997-20678222|10:20853008-21335015
10	28178627	28179571	circular_RNA/7	1	+	28178627	28178627	0,0,0	1	944	0	7	circRNA	ENSRNOT00000067013	ENSRNOT00000067013	2	10:28156138-28178627|10:28179571-28190155
10	30326083	30338951	circular_RNA/1	1	+	30326083	30326083	0,0,0	7	105,97,109,165,178,247,70	0,621,2795,3728,8021,11503,12798	1	circRNA	ENSRNOT00000079437	ENSRNOT00000079437	2,3,4,5,6,7,8	10:30298840-30326083|10:30338951-30345813
10	34700011	34700071	circular_RNA/2	1	+	34700011	34700011	0,0,0	1	60	0	2	circRNA	ENSRNOT00000059190	ENSRNOT00000059190	10	10:34699333-34700011|10:34700071-34700162
10	47030332	47050855	circular_RNA/1	0	-	47030332	47030332	0,0,0	8	144,169,101,102,118,161,196,130	0,1898,4078,5503,5699,11121,18486,20393	1	circRNA	ENSRNOT00000081409	ENSRNOT00000081409	27,26,25,24,23,22,21,20	10:47026214-47030332|10:47050855-47053805
10	47058880	47083912	circular_RNA/1	1	-	47058880	47058880	0,0,0	9	127,95,215,125,102,55,179,91,173	0,5222,6538,10496,14992,16431,17842,21447,24859	1	circRNA	ENSRNOT00000081409	ENSRNOT00000081409	18,17,16,15,14,13,12,11,10	10:47054352-47058880|10:47083912-47086620
10	55595058	55627560	circular_RNA/3	1	+	55595058	55595058	0,0,0	7	129,204,161,120,136,179,132	0,8696,11048,18566,26306,29146,32370	3	circRNA	ENSRNOT00000109255	ENSRNOT00000109255	2,3,4,5,6,7,8	10:55566411-55595058|10:55627560-55635527
10	59538319	59566151	circular_RNA/1	1	-	59538319	59538319	0,0,0	9	157,102,229,103,169,207,75,85,209	0,3266,4552,5524,6488,11060,12459,12768,27623	1	circRNA	ENSRNOT00000003696	ENSRNOT00000003696	10,9,8,7,6,5,4,3,2	10:59536823-59538319|10:59566151-59591488
10	60608898	60615403	circular_RNA/1	1	+	60608898	60608898	0,0,0	4	200,107,207,137	0,2671,3719,6368	1	circRNA	ENSRNOT00000108372	ENSRNOT00000108372	2,3,4,5	10:60584844-60608898|10:60615403-60619410
10	62391803	62433451	circular_RNA/1	0	-	62391803	62391803	0,0,0	15	204,129,237,135,201,168,82,94,92,114,97,46,102,79,222	0,1831,4402,9511,13721,14224,17471,19400,26647,28220,30184,31561,32437,37497,41426	1	circRNA	ENSRNOT00000021368	ENSRNOT00000021368	19,18,17,16,15,14,13,12,11,10,9,8,7,6,5	10:62387937-62391803|10:62433451-62459408
10	65228043	65244262	circular_RNA/1	1	+	65228043	65228043	0,0,0	8	109,102,99,109,121,85,146,101	0,541,8764,9325,10109,13617,14242,16118	1	circRNA	ENSRNOT00000082685	ENSRNOT00000082685	7,8,9,10,11,12,13,14	10:65221786-65228043|10:65244262-65246112
10	79043764	79055566	circular_RNA/1	1	+	79043764	79043764	0,0,0	9	130,90,168,172,219,196,126,81,68	0,573,1034,1614,5398,5859,8186,9271,11734	1	circRNA	ENSRNOT00000085681	ENSRNOT00000085681	17,18,19,20,21,22,23,24,25	10:79042639-79043764|10:79055566-79059137
10	79044337	79052076	circular_RNA/1	1	+	79044337	79044337	0,0,0	6	90,168,172,219,196,126	0,461,1041,4825,5286,7613	1	circRNA	ENSRNOT00000085681	ENSRNOT00000085681	18,19,20,21,22,23	10:79043894-79044337|10:79052076-79053035
10	89205934	89223870	circular_RNA/1	0	+	89205934	89205934	0,0,0	5	56,133,54,266,93	0,4243,5521,7566,17843	1	circRNA	ENSRNOT00000006947	ENSRNOT00000006947	4,5,6,7,8	10:89198939-89205934|10:89223870-89227073
10	89324560	89325932	circular_RNA/2	0	-	89324560	89324560	0,0,0	1	1372	0	2	circRNA	ENSRNOT00000089029	ENSRNOT00000089029	2	10:89282036-89324560|10:89325932-89366833
10	90192828	90224602	circular_RNA/1	0	+	90192828	90192828	0,0,0	10	168,96,93,111,137,153,67,98,82,92	0,12686,13920,18928,19621,21495,24559,26147,28068,31682	1	circRNA	ENSRNOT00000066484	ENSRNOT00000066484	7,8,9,10,11,12,13,14,15,16	10:90182863-90192828|10:90224602-90233797
10	91997818	92001047	circular_RNA/1	1	-	91997818	91997818	0,0,0	4	226,83,887,229	0,404,1623,3000	1	circRNA	ENSRNOT00000098328	ENSRNOT00000098328	24,23,22,21	10:91994497-91997818|10:92001047-92007130
10	93455054	93488696	circular_RNA/1	1	+	93455054	93455054	0,0,0	5	48,78,87,100,119	0,300,20326,31327,33523	1	circRNA	ENSRNOT00000037067	ENSRNOT00000037067	7,8,9,10,11	10:93424892-93455054|10:93488696-93490183
10	93507404	93590660	circular_RNA/1	1	+	93507404	93507404	0,0,0	8	155,130,93,60,80,136,108,183	0,419,1182,2840,9615,42511,60523,83073	1	circRNA	ENSRNOT00000037067	ENSRNOT00000037067	13,14,15,16,17,18,19,20	10:93490327-93507404|10:93590660-93639678
13	21822727	21849382	circular_RNA/1	1	+	21822727	21822727	0,0,0	10	90,72,56,114,204,92,300,76,96,113	0,8573,8753,8902,13546,13852,14514,17145,18250,26542	1	circRNA	ENSRNOT00000020892	ENSRNOT00000020892	2,3,4,5,6,7,8,9,10,11	13:21807736-21822727|13:21849382-21859632
13	30807339	30877644	circular_RNA/4	1	-	30807339	30807339	0,0,0	14	157,57,84,160,159,126,69,173,64,89,88,121,53,45	0,4518,4663,6155,14876,16692,22762,34814,38471,55725,59804,69328,69723,70260	4	circRNA	ENSRNOT00000003568	ENSRNOT00000003568	19,18,17,16,15,14,13,12,11,10,9,8,7,6	13:30804786-30807339|13:30877644-30882785
13	69017130	69025416	circular_RNA/1	1	-	69017130	69017130	0,0,0	2	51,140	0,8146	1	circRNA	ENSRNOT00000116366	ENSRNOT00000116366	3,2	13:68999055-69017130|13:69025416-69056465
13	72093705	72105636	circular_RNA/1	1	+	72093705	72093705	0,0,0	4	477,264,116,151	0,6429,9411,11780	1	circRNA	ENSRNOT00000003407	ENSRNOT00000003407	2,3,4,5	13:72092241-72093705|13:72105636-72109483
13	73287918	73298322	circular_RNA/1	0	-	73287918	73287918	0,0,0	2	928,100	0,10304	1	circRNA	ENSRNOT00000076514	ENSRNOT00000076514	5,4	13:73281791-73287918|13:73298322-73300232
13	86537446	86557951	circular_RNA/3	0	+	86537446	86537446	0,0,0	3	56,1580,145	0,16674,20360	3	circRNA	ENSRNOT00000102800	ENSRNOT00000102800	4,5,6	13:86527853-86537446|13:86557951-86599643
13	86537446	86615843	circular_RNA/1	0	+	86537446	86537446	0,0,0	5	56,1580,145,88,62	0,16674,20360,62197,78335	1	circRNA	ENSRNOT00000102800	ENSRNOT00000102800	4,5,6,7,8	13:86527853-86537446|13:86615843-86647864
13	86554120	86599731	circular_RNA/2	1	+	86554120	86554120	0,0,0	3	1580,145,88	0,3686,45523	2	circRNA	ENSRNOT00000102800	ENSRNOT00000102800	5,6,7	13:86537502-86554120|13:86599731-86615781
13	86554120	86557951	circular_RNA/2	0	+	86554120	86554120	0,0,0	2	1580,145	0,3686	2	circRNA	ENSRNOT00000102800	ENSRNOT00000102800	5,6	13:86537502-86554120|13:86557951-86599643
13	86554120	86615843	circular_RNA/1	0	+	86554120	86554120	0,0,0	4	1580,145,88,62	0,3686,45523,61661	1	circRNA	ENSRNOT00000102800	ENSRNOT00000102800	5,6,7,8	13:86537502-86554120|13:86615843-86647864
13	88689512	88700977	circular_RNA/1	1	-	88689512	88689512	0,0,0	4	235,1818,121,150	0,5274,8595,11315	1	circRNA	ENSRNOT00000005532	ENSRNOT00000005532	13,12,11,10	13:88681569-88689512|13:88700977-88709277
13	89034612	89215907	circular_RNA/1	1	-	89034612	89034612	0,0,0	7	69,66,132,145,112,126,163	0,1413,24883,28132,40095,62524,181132	1	circRNA	ENSRNOT00000057879	ENSRNOT00000057879	8,7,6,5,4,3,2	13:88997029-89034612|13:89215907-89225449
13	89062744	89215907	circular_RNA/1	1	-	89062744	89062744	0,0,0	4	145,112,126,163	0,11963,34392,153000	1	circRNA	ENSRNOT00000057879	ENSRNOT00000057879	5,4,3,2	13:89059627-89062744|13:89215907-89225449
13	91794001	91853047	circular_RNA/1	1	+	91794001	91794001	0,0,0	15	94,201,249,80,167,123,134,243,111,248,106,125,106,149,92	0,3441,5571,7941,10618,12892,24153,33581,34035,45449,50715,53630,56025,56486,58954	1	circRNA	ENSRNOT00000003837	ENSRNOT00000003837	6,7,8,9,10,11,12,13,14,15,16,17,18,19,20	13:91776540-91794001|13:91853047-91856250
13	104511330	104517875	circular_RNA/1	0	-	104511330	104511330	0,0,0	2	216,165	0,6380	1	circRNA	ENSRNOT00000073041	ENSRNOT00000073041	4,3	13:104458692-104511330|13:104517875-104559881
12	7492149	7576314	circular_RNA/2	0	-	7492149	7492149	0,0,0	13	91,166,102,117,162,58,105,248,148,162,71,67,122	0,1136,3816,4004,4358,7505,8814,11011,43582,68008,80076,81916,84043	2	circRNA	ENSRNOT00000044134	ENSRNOT00000044134	14,13,12,11,10,9,8,7,6,5,4,3,2	12:7487443-7492149|12:7576314-7594581
12	7499654	7576314	circular_RNA/1	0	-	7499654	7499654	0,0,0	8	58,105,248,148,162,71,67,122	0,1309,3506,36077,60503,72571,74411,76538	1	circRNA	ENSRNOT00000044134	ENSRNOT00000044134	9,8,7,6,5,4,3,2	12:7496669-7499654|12:7576314-7594581
12	8739988	8758118	circular_RNA/1	0	-	8739988	8739988	0,0,0	7	159,79,98,73,70,132,58	0,273,963,3513,4613,15922,18072	1	circRNA	ENSRNOT00000092276	ENSRNOT00000092276	11,10,9,8,7,6,5	12:8738445-8739988|12:8758118-8770105
12	22354009	22356072	circular_RNA/1	1	+	22354009	22354009	0,0,0	3	193,38,78	0,869,1985	1	circRNA	ENSRNOT00000085696	ENSRNOT00000085696	25,26,27	12:22353478-22354009|12:22356072-22356584
12	22354878	22356777	circular_RNA/1	0	+	22354878	22354878	0,0,0	3	38,78,193	0,1116,1706	1	circRNA	ENSRNOT00000085696	ENSRNOT00000085696	26,27,28	12:22354202-22354878|12:22356777-22358451
12	38909944	39100307	circular_RNA/1	0	-	38909944	38909944	0,0,0	6	84,70,185,514,151,141	0,3119,54685,128807,185543,190222	1	circRNA	ENSRNOT00000103994	ENSRNOT00000103994	7,6,5,4,3,2	12:38895569-38909944|12:39100307-39187081
12	39038751	39039265	circular_RNA/1	1	-	39038751	39038751	0,0,0	1	514	0	1	circRNA	ENSRNOT00000103994	ENSRNOT00000103994	4	12:38964814-39038751|12:39039265-39095487
15	2677288	2695587	circular_RNA/3	1	-	2677288	2677288	0,0,0	9	94,162,142,116,122,929,133,82,116	0,3075,6140,8451,10394,11423,15119,17889,18183	3	circRNA	ENSRNOT00000107992	ENSRNOT00000107992	12,11,10,9,8,7,6,5,4	15:2650806-2677288|15:2695587-2704648
15	3719837	3729309	circular_RNA/1	1	+	3719837	3719837	0,0,0	5	150,169,132,378,232	0,2478,8369,8634,9240	1	circRNA	ENSRNOT00000029615	ENSRNOT00000029615	12,13,14,15,16	15:3717102-3719837|15:3729309-3732772
15	30805125	30821911	circular_RNA/1	0	+	30805125	30805125	0,0,0	9	156,831,97,252,126,89,141,87,155	0,2672,5369,7322,10892,11089,13918,14578,16631	1	circRNA	ENSRNOT00000078051	ENSRNOT00000078051	39,40,41,42,43,44,45,46,47	15:30800828-30805125|15:30821911-30824472
15	30928259	30936306	circular_RNA/1	0	-	30928259	30928259	0,0,0	5	207,163,286,91,447	0,870,2360,7336,7600	1	circRNA	ENSRNOT00000047731	ENSRNOT00000047731	6,5,4,3,2	15:30924128-30928259|15:30936306-30941082
15	31050608	31061382	circular_RNA/11	1	+	31050608	31050608	0,0,0	4	857,283,166,213	0,7491,9608,10561	11	circRNA	ENSRNOT00000011684	ENSRNOT00000011684	3,4,5,6	15:31037075-31050608|15:31061382-31070225
15	31058099	31061382	circular_RNA/1	1	+	31058099	31058099	0,0,0	3	283,166,213	0,2117,3070	1	circRNA	ENSRNOT00000011684	ENSRNOT00000011684	4,5,6	15:31051465-31058099|15:31061382-31070225
15	48441210	48468798	circular_RNA/2	1	-	48441210	48441210	0,0,0	13	197,77,32,57,117,88,78,110,78,143,111,68,39	0,1761,1919,2040,2751,8566,12235,13222,14974,16870,21318,26485,27549	2	circRNA	ENSRNOT00000021752	ENSRNOT00000021752	17,16,15,14,13,12,11,10,9,8,7,6,5	15:48393920-48441210|15:48468798-48475191
15	54380048	54406612	circular_RNA/1	1	+	54380048	54380048	0,0,0	6	169,78,116,107,107,72	0,1596,9739,16974,18928,26492	1	circRNA	ENSRNOT00000084333	ENSRNOT00000084333	15,16,17,18,19,20	15:54371392-54380048|15:54406612-54421257
15	54735077	54767082	circular_RNA/1	0	-	54735077	54735077	0,0,0	10	153,170,73,107,96,120,154,135,1558,85	0,452,3657,14319,15801,19785,22434,26395,28028,31920	1	circRNA	ENSRNOT00000109068	ENSRNOT00000109068	11,10,9,8,7,6,5,4,3,2	15:54728885-54735077|15:54767082-54770700
15	54877234	54886352	circular_RNA/1	0	-	54877234	54877234	0,0,0	5	191,76,47,174,124	0,2777,3493,5292,8994	1	circRNA	ENSRNOT00000015605	ENSRNOT00000015605	8,7,6,5,4	15:54870111-54877234|15:54886352-54886431
15	54877234	54886494	circular_RNA/1	0	-	54877234	54877234	0,0,0	6	191,76,47,174,124,63	0,2777,3493,5292,8994,9197	1	circRNA	ENSRNOT00000015605	ENSRNOT00000015605	8,7,6,5,4,3	15:54870111-54877234|15:54886494-54889501
15	63399654	63443846	circular_RNA/1	1	+	63399654	63399654	0,0,0	9	161,142,72,150,141,157,126,851,126	0,2318,4944,7511,12143,12735,13783,29590,44066	1	circRNA	ENSRNOT00000110490	ENSRNOT00000110490	3,4,5,6,7,8,9,10,11	15:63378243-63399654|15:63443846-63470310
15	76759017	76789958	circular_RNA/1	0	-	76759017	76759017	0,0,0	2	187,547	0,30394	1	circRNA	ENSRNOT00000012424	ENSRNOT00000012424	4,3	15:76709673-76759017|15:76789958-76872387
15	76789411	76789958	circular_RNA/1	0	-	76789411	76789411	0,0,0	1	547	0	1	circRNA	ENSRNOT00000012424	ENSRNOT00000012424	3	15:76759204-76789411|15:76789958-76872387
15	97433095	97433717	circular_RNA/1	1	+	97433095	97433095	0,0,0	1	622	0	1	circRNA	ENSRNOT00000014300	ENSRNOT00000014300	2	15:97385476-97433095|15:97433717-97488905
15	99796008	99801911	circular_RNA/1	1	+	99796008	99796008	0,0,0	2	111,103	0,5800	1	circRNA	ENSRNOT00000099022	ENSRNOT00000099022	17,18	15:99787978-99796008|15:99801911-99829408
14	1523376	1578349	circular_RNA/1	0	-	1523376	1523376	0,0,0	14	144,117,100,214,164,143,168,117,78,135,132,221,146,122	0,13716,14649,21198,22281,24641,26291,31583,35217,35396,39487,49687,54015,54851	1	circRNA	ENSRNOT00000101984	ENSRNOT00000101984	24,23,22,21,20,19,18,17,16,15,14,13,12,11	14:1520141-1523376|14:1578349-1580353
14	1960589	1974071	circular_RNA/4	1	+	1960589	1960589	0,0,0	5	135,141,159,147,96	0,1270,3140,10998,13386	4	circRNA	ENSRNOT00000061630	ENSRNOT00000061630	12,13,14,15,16	14:1943487-1960589|14:1974071-1994485
14	3134219	3161941	circular_RNA/1	1	+	3134219	3134219	0,0,0	3	61,3020,606	0,23921,27116	1	circRNA	ENSRNOT00000117440	ENSRNOT00000117440	4,5,6	14:3116508-3134219|14:3161941-3177288
14	7727606	7738883	circular_RNA/1	1	+	7727606	7727606	0,0,0	7	161,112,191,153,74,162,95	0,2090,5492,6659,9929,10086,11182	1	circRNA	ENSRNOT00000088047	ENSRNOT00000088047	23,24,25,26,27,28,29	14:7726338-7727606|14:7738883-7743453
14	22006926	22030915	circular_RNA/1	1	+	22006926	22006926	0,0,0	10	71,100,277,210,590,174,268,147,83,57	0,1770,4529,5657,9425,11651,16098,16920,18273,23932	1	circRNA	ENSRNOT00000031074	ENSRNOT00000031074	4,5,6,7,8,9,10,11,12,13	14:21997457-22006926|14:22030915-22038637
14	34670587	34695676	circular_RNA/1	1	-	34670587	34670587	0,0,0	5	109,92,71,92,115	0,9875,12980,22373,24974	1	circRNA	ENSRNOT00000065458	ENSRNOT00000065458	8,7,6,5,4	14:34658426-34670587|14:34695676-34703476
14	36605949	36622920	circular_RNA/1	1	+	36605949	36605949	0,0,0	5	221,83,144,153,260	0,384,2988,8279,16711	1	circRNA	ENSRNOT00000003191	ENSRNOT00000003191	4,5,6,7,8	14:36604981-36605949|14:36622920-36665236
14	37417874	37452994	circular_RNA/3	1	+	37417874	37417874	0,0,0	7	149,68,221,83,138,153,212	0,15208,25815,27629,31927,32188,34908	3	circRNA	ENSRNOT00000003240	ENSRNOT00000003240	2,3,4,5,6,7,8	14:37396496-37417874|14:37452994-37467144
14	42450098	42453470	circular_RNA/2	0	-	42450098	42450098	0,0,0	2	125,1162	0,2210	2	circRNA	ENSRNOT00000112523	ENSRNOT00000112523	9,8	14:42447308-42450098|14:42453470-42456917
14	56892840	56896328	circular_RNA/1	0	-	56892840	56892840	0,0,0	4	178,178,116,112	0,830,2737,3376	1	circRNA	ENSRNOT00000113845	ENSRNOT00000113845	8,7,6,5	14:56888511-56892840|14:56896328-56924295
14	62410049	62506356	circular_RNA/1	1	+	62410049	62410049	0,0,0	3	125,70,71	0,86744,96236	1	circRNA	ENSRNOT00000049743	ENSRNOT00000049743	3,4,5	14:62376252-62410049|14:62506356-62524938
14	62670258	62704534	circular_RNA/1	1	-	62670258	62670258	0,0,0	13	140,98,125,164,72,72,72,69,133,167,144,144,75	0,2473,2705,10435,13104,14358,15285,19516,25868,26964,29028,32548,34201	1	circRNA	ENSRNOT00000005477	ENSRNOT00000005477	29,28,27,26,25,24,23,22,21,20,19,18,17	14:62654527-62670258|14:62704534-62709037
14	65306295	65358000	circular_RNA/3	1	+	65306295	65306295	0,0,0	4	66,80,130,252	0,17863,18870,51453	3	circRNA	ENSRNOT00000101649	ENSRNOT00000101649	2,3,4,5	14:65271689-65306295|14:65358000-65369201
14	65306295	65369295	circular_RNA/2	1	+	65306295	65306295	0,0,0	5	66,80,130,252,94	0,17863,18870,51453,62906	2	circRNA	ENSRNOT00000101649	ENSRNOT00000101649	2,3,4,5,6	14:65271689-65306295|14:65369295-65370540
14	74188517	74189259	circular_RNA/1	1	+	74188517	74188517	0,0,0	1	742	0	1	circRNA	ENSRNOT00000085534	ENSRNOT00000085534	3	14:74174052-74188517|14:74189259-74220748
14	97407872	97412713	circular_RNA/1	1	+	97407872	97407872	0,0,0	5	125,153,105,56,121	0,1508,2431,4573,4720	1	circRNA	ENSRNOT00000094041	ENSRNOT00000094041	36,37,38,39,40	14:97407732-97407872|14:97412713-97414357
14	104523392	104539775	circular_RNA/1	1	+	104523392	104523392	0,0,0	9	141,117,45,150,64,75,123,93,266	0,843,8503,9814,10499,11802,13168,15162,16117	1	circRNA	ENSRNOT00000078329	ENSRNOT00000078329	2,3,4,5,6,7,8,9,10	14:104506213-104523392|14:104539775-104540649
17	2507045	2551444	circular_RNA/2	1	+	2507045	2507045	0,0,0	5	1976,146,1903,124,61	0,8352,18488,44019,44338	2	circRNA	ENSRNOT00000118981	ENSRNOT00000118981	4,5,6,7,8	17:2505815-2507045|17:2551444-2552675
17	4855975	4857965	circular_RNA/2	0	+	4855975	4855975	0,0,0	4	182,117,178,89	0,474,1159,1901	2	circRNA	ENSRNOT00000022373	ENSRNOT00000022373	3,4,5,6	17:4850961-4855975|17:4857965-4861495
17	5167993	5192799	circular_RNA/1	1	+	5167993	5167993	0,0,0	8	209,178,98,117,692,84,87,149	0,1615,9084,13250,17131,23177,24489,24657	1	circRNA	ENSRNOT00000091370	ENSRNOT00000091370	12,13,14,15,16,17,18,19	17:5164674-5167993|17:5192799-5204536
17	5177077	5192799	circular_RNA/1	1	+	5177077	5177077	0,0,0	6	98,117,692,84,87,149	0,4166,8047,14093,15405,15573	1	circRNA	ENSRNOT00000091370	ENSRNOT00000091370	14,15,16,17,18,19	17:5169786-5177077|17:5192799-5204536
17	5185124	5192799	circular_RNA/2	1	+	5185124	5185124	0,0,0	4	692,84,87,149	0,6046,7358,7526	2	circRNA	ENSRNOT00000091370	ENSRNOT00000091370	16,17,18,19	17:5181360-5185124|17:5192799-5204536
17	5794678	5831572	circular_RNA/1	0	-	5794678	5794678	0,0,0	8	100,98,36,306,133,137,155,69	0,4959,7249,17214,18398,19418,33373,36825	1	circRNA	ENSRNOT00000042145	ENSRNOT00000042145	12,11,10,9,8,7,6,5	17:5694099-5794678|17:5831572-5836258
17	9346853	9400537	circular_RNA/7	0	-	9346853	9346853	0,0,0	10	124,144,122,76,110,271,125,2551,173,136	0,4974,6008,12563,17480,19305,21836,36384,44736,53548	7	circRNA	ENSRNOT00000060928	ENSRNOT00000060928	12,11,10,9,8,7,6,5,4,3	17:9337877-9346853|17:9400537-9422382
17	22606348	22640414	circular_RNA/2	0	-	22606348	22606348	0,0,0	5	102,176,134,5936,54	0,3255,4143,7276,34012	2	circRNA	ENSRNOT00000019389	ENSRNOT00000019389	7,6,5,4,3	17:22588928-22606348|17:22640414-22708111
17	22606348	22708251	circular_RNA/1	0	-	22606348	22606348	0,0,0	6	102,176,134,5936,54,140	0,3255,4143,7276,34012,101763	1	circRNA	ENSRNOT00000019389	ENSRNOT00000019389	7,6,5,4,3,2	17:22588928-22606348|17:22708251-22711670
17	45823116	45830712	circular_RNA/1	1	-	45823116	45823116	0,0,0	3	96,95,55	0,2363,7541	1	circRNA	ENSRNOT00000080800	ENSRNOT00000080800	6,5,4	17:45804139-45823116|17:45830712-45874952
17	49508017	49695790	circular_RNA/1	1	-	49508017	49508017	0,0,0	9	141,114,214,202,147,206,106,243,165	0,1483,2305,14250,18313,21555,46095,112673,187608	1	circRNA	ENSRNOT00000019396	ENSRNOT00000019396	10,9,8,7,6,5,4,3,2	17:49451795-49508017|17:49695790-49709537
17	49522267	49529778	circular_RNA/1	1	-	49522267	49522267	0,0,0	3	202,147,206	0,4063,7305	1	circRNA	ENSRNOT00000019396	ENSRNOT00000019396	7,6,5	17:49510536-49522267|17:49529778-49554112
17	71666644	71685787	circular_RNA/1	1	+	71666644	71666644	0,0,0	4	80,159,64,135	0,3758,7404,19008	1	circRNA	ENSRNOT00000093949	ENSRNOT00000093949	7,8,9,10	17:71658788-71666644|17:71685787-71710667
17	72427322	72431765	circular_RNA/2	1	+	72427322	72427322	0,0,0	5	154,161,198,192,77	0,993,1412,3690,4366	2	circRNA	ENSRNOT00000107273	ENSRNOT00000107273	7,8,9,10,11	17:72423143-72427322|17:72431765-72433451
17	81005157	81026139	circular_RNA/2	1	-	81005157	81005157	0,0,0	5	164,91,94,98,166	0,9098,18620,19557,20816	2	circRNA	ENSRNOT00000000162	ENSRNOT00000000162	8,7,6,5,4	17:80978217-81005157|17:81026139-81032833
17	83382110	83384004	circular_RNA/1	1	-	83382110	83382110	0,0,0	1	1894	0	1	circRNA	ENSRNOT00000068156	ENSRNOT00000068156	8	17:83373428-83382110|17:83384004-83385283
17	85293739	85307890	circular_RNA/2	1	+	85293739	85293739	0,0,0	6	163,99,110,151,84,83	0,1789,4991,9382,11587,14068	2	circRNA	ENSRNOT00000023395	ENSRNOT00000023395	3,4,5,6,7,8	17:85291637-85293739|17:85307890-85309994
17	86325781	86330926	circular_RNA/1	1	+	86325781	86325781	0,0,0	3	191,246,174	0,2262,4971	1	circRNA	ENSRNOT00000077767	ENSRNOT00000077767	16,17,18	17:86317433-86325781|17:86330926-86340742
16	2616142	2619942	circular_RNA/2	1	+	2616142	2616142	0,0,0	5	146,93,73,92,162	0,1475,2587,3037,3638	2	circRNA	ENSRNOT00000104649	ENSRNOT00000104649	2,3,4,5,6	16:2607407-2616142|16:2619942-2623451
16	2616142	2628072	circular_RNA/1	0	+	2616142	2616142	0,0,0	10	146,93,73,92,162,122,32,106,104,104	0,1475,2587,3037,3638,7309,9399,10031,11636,11826	1	circRNA	ENSRNOT00000104649	ENSRNOT00000104649	2,3,4,5,6,7,8,9,10,11	16:2607407-2616142|16:2628072-2639296
16	3226901	3285011	circular_RNA/1	1	+	3226901	3226901	0,0,0	4	141,141,194,136	0,3064,17748,57974	1	circRNA	ENSRNOT00000081999	ENSRNOT00000081999	8,9,10,11	16:3218767-3226901|16:3285011-3343870
16	21934457	21975813	circular_RNA/1	1	+	21934457	21934457	0,0,0	3	44,194,71	0,23042,41285	1	circRNA	ENSRNOT00000093876	ENSRNOT00000093876	13,14,15	16:21845411-21934457|16:21975813-21998296
16	24748205	24752850	circular_RNA/1	1	-	24748205	24748205	0,0,0	2	265,147	0,4498	1	circRNA	ENSRNOT00000115229	ENSRNOT00000115229	3,2	16:24744799-24748205|16:24752850-24753683
16	43783409	43831950	circular_RNA/1	1	+	43783409	43783409	0,0,0	3	235,239,123	0,23822,48418	1	circRNA	ENSRNOT00000094358	ENSRNOT00000094358	13,14,15	16:43558081-43783409|16:43831950-43850033
16	46485803	46522090	circular_RNA/1	1	-	46485803	46485803	0,0,0	9	115,175,45,67,173,139,56,27,50	0,2900,4993,5725,12175,16735,26763,27172,36237	1	circRNA	ENSRNOT00000116775	ENSRNOT00000116775	11,10,9,8,7,6,5,4,3	16:46472307-46485803|16:46522090-46559710
16	51014234	51067664	circular_RNA/1	1	-	51014234	51014234	0,0,0	23	136,63,198,135,137,159,121,132,173,165,359,172,191,146,220,198,191,141,130,143,227,155,174	0,384,2307,8342,10544,11015,12213,14561,15022,20336,33624,36479,39754,40436,40688,42495,45012,46224,48760,49027,52266,52613,53256	1	circRNA	ENSRNOT00000014202	ENSRNOT00000014202	32,31,30,29,28,27,26,25,24,23,22,21,20,19,18,17,16,15,14,13,12,11,10	16:51013826-51014234|16:51067664-51068348
16	51028795	51048217	circular_RNA/1	1	-	51028795	51028795	0,0,0	4	132,173,165,359	0,461,5775,19063	1	circRNA	ENSRNOT00000014202	ENSRNOT00000014202	25,24,23,22	16:51026568-51028795|16:51048217-51050713
16	51047858	51060599	circular_RNA/1	0	-	51047858	51047858	0,0,0	8	359,172,191,146,220,198,191,141	0,2855,6130,6812,7064,8871,11388,12600	1	circRNA	ENSRNOT00000014202	ENSRNOT00000014202	22,21,20,19,18,17,16,15	16:51034735-51047858|16:51060599-51062994
16	51668615	51680165	circular_RNA/2	0	+	51668615	51668615	0,0,0	3	123,163,158	0,1834,11392	2	circRNA	ENSRNOT00000105685	ENSRNOT00000105685	2,3,4	16:51641376-51668615|16:51680165-51690874
16	56727897	56734515	circular_RNA/2	1	+	56727897	56727897	0,0,0	3	179,211,84	0,2425,6534	2	circRNA	ENSRNOT00000015239	ENSRNOT00000015239	2,3,4	16:56724356-56727897|16:56734515-56736402
16	66431063	66431803	circular_RNA/1	1	-	66431063	66431063	0,0,0	1	740	0	1	circRNA	ENSRNOT00000113020	ENSRNOT00000113020	2	16:66422473-66431063|16:66431803-66464267
16	69108390	69120499	circular_RNA/1	1	-	69108390	69108390	0,0,0	6	116,119,314,136,82,116	0,4868,7306,8947,11444,11993	1	circRNA	ENSRNOT00000078743	ENSRNOT00000078743	8,7,6,5,4,3	16:69104216-69108390|16:69120499-69125937
19	16067050	16068663	circular_RNA/1	1	-	16067050	16067050	0,0,0	1	1613	0	1	circRNA	ENSRNOT00000075991	ENSRNOT00000075991	2	19:16041540-16067050|19:16068663-16092059
19	19284608	19287823	circular_RNA/1	1	+	19284608	19284608	0,0,0	1	3215	0	1	circRNA	ENSRNOT00000101491	ENSRNOT00000101491	4	19:19208278-19284608|19:19287823-19294321
19	20250588	20252273	circular_RNA/2	0	+	20250588	20250588	0,0,0	1	1685	0	2	circRNA	ENSRNOT00000049285	ENSRNOT00000049285	2	19:20223251-20250588|19:20252273-20261538
19	21378272	21389117	circular_RNA/1	1	+	21378272	21378272	0,0,0	5	57,141,249,45,128	0,4020,4771,10592,10717	1	circRNA	ENSRNOT00000021739	ENSRNOT00000021739	2,3,4,5,6	19:21344605-21378272|19:21389117-21408061
19	30607545	30681591	circular_RNA/1	0	+	30607545	30607545	0,0,0	6	88,59,106,160,151,160	0,7268,12227,13848,47262,73886	1	circRNA	ENSRNOT00000017867	ENSRNOT00000017867	15,16,17,18,19,20	19:30601305-30607545|19:30681591-30700973
19	33978683	33998759	circular_RNA/2	1	+	33978683	33978683	0,0,0	3	1138,163,200	0,4474,19876	2	circRNA	ENSRNOT00000087491	ENSRNOT00000087491	2,3,4	19:33961035-33978683|19:33998759-34000780
19	50043190	50063769	circular_RNA/1	1	+	50043190	50043190	0,0,0	7	117,176,240,168,131,63,39	0,1577,8497,13355,18705,19910,20540	1	circRNA	ENSRNOT00000025894	ENSRNOT00000025894	5,6,7,8,9,10,11	19:50032176-50043190|19:50063769-50077064
18	1148436	1155912	circular_RNA/1	0	-	1148436	1148436	0,0,0	4	247,92,136,49	0,335,2054,7427	1	circRNA	ENSRNOT00000061777	ENSRNOT00000061777	14,13,12,11	18:1143840-1148436|18:1155912-1159870
18	4047604	4065170	circular_RNA/1	1	-	4047604	4047604	0,0,0	8	99,64,74,45,62,145,86,112	0,5766,5933,7442,7652,10771,11886,17454	1	circRNA	ENSRNOT00000091909	ENSRNOT00000091909	12,11,10,9,8,7,6,5	18:4042276-4047604|18:4065170-4079398
18	4941788	5037933	circular_RNA/1	0	-	4941788	4941788	0,0,0	2	3356,180	0,95965	1	circRNA	ENSRNOT00000022637	ENSRNOT00000022637	4,3	18:4913807-4941788|18:5037933-5067178
18	16496760	16722296	circular_RNA/1	1	+	16496760	16496760	0,0,0	8	143,95,116,128,674,84,182,109	0,5184,23497,93592,148743,155578,212473,225427	1	circRNA	ENSRNOT00000103230	ENSRNOT00000103230	3,4,5,6,7,8,9,10	18:16496124-16496760|18:16722296-16772712
18	30952173	30998586	circular_RNA/4	0	+	30952173	30952173	0,0,0	10	96,62,72,102,111,105,130,101,95,79	0,1862,5340,13962,15458,21365,22807,24586,29678,46334	4	circRNA	ENSRNOT00000090882	ENSRNOT00000090882	2,3,4,5,6,7,8,9,10,11	18:30839144-30952173|18:30998586-31054402
18	30952173	31054439	circular_RNA/1	0	+	30952173	30952173	0,0,0	11	96,62,72,102,111,105,130,101,95,79,37	0,1862,5340,13962,15458,21365,22807,24586,29678,46334,102229	1	circRNA	ENSRNOT00000090882	ENSRNOT00000090882	2,3,4,5,6,7,8,9,10,11,12	18:30839144-30952173|18:31054439-31076743
18	30973538	30998586	circular_RNA/1	0	+	30973538	30973538	0,0,0	5	105,130,101,95,79	0,1442,3221,8313,24969	1	circRNA	ENSRNOT00000090882	ENSRNOT00000090882	7,8,9,10,11	18:30967742-30973538|18:30998586-31054402
18	31276851	31292959	circular_RNA/1	0	-	31276851	31276851	0,0,0	6	158,131,145,276,117,167	0,4523,8052,9123,11738,15941	1	circRNA	ENSRNOT00000044287	ENSRNOT00000044287	7,6,5,4,3,2	18:31275762-31276851|18:31292959-31358481
18	47325311	47348144	circular_RNA/1	1	+	47325311	47325311	0,0,0	5	423,41,70,149,235	0,8554,12485,20809,22598	1	circRNA	ENSRNOT00000101548	ENSRNOT00000101548	2,3,4,5,6	18:47299994-47325311|18:47348144-47358527
18	55872990	55885354	circular_RNA/1	1	+	55872990	55872990	0,0,0	2	154,569	0,11795	1	circRNA	ENSRNOT00000114436	ENSRNOT00000114436	5,6	18:55858278-55872990|18:55885354-55890184
18	57245917	57248302	circular_RNA/2	1	+	57245917	57245917	0,0,0	2	770,89	0,2296	2	circRNA	ENSRNOT00000105714	ENSRNOT00000105714	15,16	18:57228956-57245917|18:57248302-57263370
18	64230493	64237199	circular_RNA/1	1	+	64230493	64230493	0,0,0	3	91,178,139	0,1331,6567	1	circRNA	ENSRNOT00000016112	ENSRNOT00000016112	5,6,7	18:64200397-64230493|18:64237199-64240421
18	64910446	64954639	circular_RNA/1	1	-	64910446	64910446	0,0,0	6	213,156,117,227,163,66	0,6637,21971,27042,37360,44127	1	circRNA	ENSRNOT00000064947	ENSRNOT00000064947	27,26,25,24,23,22	18:64877401-64910446|18:64954639-64973601
18	64910446	64982671	circular_RNA/1	0	-	64910446	64910446	0,0,0	9	213,156,117,227,163,66,33,195,108	0,6637,21971,27042,37360,44127,63155,68433,72117	1	circRNA	ENSRNOT00000064947	ENSRNOT00000064947	27,26,25,24,23,22,21,20,19	18:64877401-64910446|18:64982671-64986855
18	64932417	64954639	circular_RNA/1	1	-	64932417	64932417	0,0,0	4	117,227,163,66	0,5071,15389,22156	1	circRNA	ENSRNOT00000064947	ENSRNOT00000064947	25,24,23,22	18:64917239-64932417|18:64954639-64973601
18	67251065	67274438	circular_RNA/2	0	-	67251065	67251065	0,0,0	9	169,184,51,117,120,213,30,175,377	0,835,8124,9446,9654,13496,20504,21141,22996	2	circRNA	ENSRNOT00000082484	ENSRNOT00000082484	9,8,7,6,5,4,3,2,1	18:67246616-67251065|None
18	67259189	67274438	circular_RNA/1	0	-	67259189	67259189	0,0,0	7	51,117,120,213,30,175,377	0,1322,1530,5372,12380,13017,14872	1	circRNA	ENSRNOT00000082484	ENSRNOT00000082484	7,6,5,4,3,2,1	18:67252084-67259189|None
18	67561043	67562415	circular_RNA/1	1	-	67561043	67561043	0,0,0	1	1372	0	1	circRNA	ENSRNOT00000047271	ENSRNOT00000047271	2	18:67524683-67561043|18:67562415-67660524
18	72303063	72306511	circular_RNA/1	1	-	72303063	72303063	0,0,0	1	3448	0	1	circRNA	ENSRNOT00000021717	ENSRNOT00000021717	3	18:72227007-72303063|18:72306511-72529037
18	78336920	78346652	circular_RNA/2	0	+	78336920	78336920	0,0,0	4	243,210,127,83	0,1000,6593,9649	2	circRNA	ENSRNOT00000058199	ENSRNOT00000058199	4,5,6,7	18:78334174-78336920|18:78346652-78348000
