X	20191146	20191798	circular_RNA/2	1	+	20191146	20191146	0,0,0	1	652	0	2	circRNA	ENSRNOT00000082177	ENSRNOT00000082177	2	X:20157186-20191146|X:20191798-20202836
X	29438674	29452688	circular_RNA/1	1	+	29438674	29438674	0,0,0	5	155,61,125,177,113	0,2951,8432,12902,13901	1	circRNA	ENSRNOT00000116700	ENSRNOT00000116700	5,6,7,8,9	X:29437003-29438674|X:29452688-29454908
X	37031941	37082153	circular_RNA/5	0	+	37031941	37031941	0,0,0	6	69,147,134,212,90,215	0,15249,25251,28561,48446,49997	5	circRNA	ENSRNOT00000009802	ENSRNOT00000009802	8,9,10,11,12,13	X:37027155-37031941|X:37082153-37104373
X	37446632	37458176	circular_RNA/1	1	+	37446632	37446632	0,0,0	6	119,181,95,196,76,219	0,2878,6054,6509,8798,11325	1	circRNA	ENSRNOT00000033010	ENSRNOT00000033010	6,7,8,9,10,11	X:37434163-37446632|X:37458176-37462537
X	70907367	70923675	circular_RNA/1	1	-	70907367	70907367	0,0,0	6	222,103,94,174,137,73	0,914,2299,4954,5531,16235	1	circRNA	ENSRNOT00000087977	ENSRNOT00000087977	15,14,13,12,11,10	X:70903481-70907367|X:70923675-70929946
X	98766503	98766797	circular_RNA/1	1	+	98766503	98766503	0,0,0	2	76,72	0,222	1	circRNA	ENSRNOT00000102872	ENSRNOT00000102872	7,8	X:98766343-98766503|X:98766797-98766958
X	98766725	98766797	circular_RNA/3	1	+	98766725	98766725	0,0,0	1	72	0	3	circRNA	ENSRNOT00000102872	ENSRNOT00000102872	8	X:98766579-98766725|X:98766797-98766958
X	98819431	98819968	circular_RNA/1	1	+	98819431	98819431	0,0,0	3	71,77,71	0,232,466	1	circRNA	ENSRNOT00000111785	ENSRNOT00000111785	5,6,7	X:98819285-98819431|X:98819968-98820284
X	98819663	98819968	circular_RNA/1	1	+	98819663	98819663	0,0,0	2	77,71	0,234	1	circRNA	ENSRNOT00000111785	ENSRNOT00000111785	6,7	X:98819502-98819663|X:98819968-98820284
X	116340232	116342891	circular_RNA/3	0	-	116340232	116340232	0,0,0	2	161,183	0,2476	3	circRNA	ENSRNOT00000032618	ENSRNOT00000032618	8,7	X:116339413-116340232|X:116342891-116343295
X	120667373	120692482	circular_RNA/1	1	-	120667373	120667373	0,0,0	17	103,179,185,132,129,158,142,276,165,180,118,97,81,94,85,102,131	0,323,995,1266,1685,3005,3606,4644,8197,9946,11999,15999,17539,18003,19002,24781,24978	1	circRNA	ENSRNOT00000081880	ENSRNOT00000081880	30,29,28,27,26,25,24,23,22,21,20,19,18,17,16,15,14	X:120653311-120667373|X:120692482-120692912
X	121031423	121047119	circular_RNA/1	1	+	121031423	121031423	0,0,0	4	139,79,165,97	0,2971,7968,15599	1	circRNA	ENSRNOT00000044240	ENSRNOT00000044240	2,3,4,5	X:120975217-121031423|X:121047119-121051192
X	138643743	138667339	circular_RNA/1	0	-	138643743	138643743	0,0,0	5	129,108,81,90,120	0,7720,11257,13561,23476	1	circRNA	ENSRNOT00000116612	ENSRNOT00000116612	6,5,4,3,2	X:138632681-138643743|X:138667339-138667397
X	148105756	148106617	circular_RNA/2	0	+	148105756	148105756	0,0,0	1	861	0	2	circRNA	ENSRNOT00000087990	ENSRNOT00000087990	3	X:148094910-148105756|X:148106617-148243251
20	25337529	25350114	circular_RNA/6	1	-	25337529	25337529	0,0,0	7	67,167,144,168,99,24,120	0,286,3232,3835,5105,7686,12465	6	circRNA	ENSRNOT00000083017	ENSRNOT00000083017	22,21,20,19,18,17,16	20:25332786-25337529|20:25350114-25360429
20	30691756	30699838	circular_RNA/1	1	-	30691756	30691756	0,0,0	6	147,110,112,240,192,186	0,421,1289,2178,4396,7896	1	circRNA	ENSRNOT00000067004	ENSRNOT00000067004	21,20,19,18,17,16	20:30688836-30691756|20:30699838-30702474
20	30699652	30705069	circular_RNA/2	1	-	30699652	30699652	0,0,0	5	186,84,211,167,114	0,2822,3705,4639,5303	2	circRNA	ENSRNOT00000067004	ENSRNOT00000067004	16,15,14,13,12	20:30696344-30699652|20:30705069-30705769
20	43238835	43247981	circular_RNA/3	1	+	43238835	43238835	0,0,0	4	126,193,112,116	0,5188,7350,9030	3	circRNA	ENSRNOT00000057227	ENSRNOT00000057227	16,17,18,19	20:43237445-43238835|20:43247981-43253963
20	52541120	52557300	circular_RNA/2	1	-	52541120	52541120	0,0,0	3	174,54,182	0,3947,15998	2	circRNA	ENSRNOT00000037559	ENSRNOT00000037559	6,5,4	20:52435003-52541120|20:52557300-52598318
1	2277717	2282190	circular_RNA/2	1	+	2277717	2277717	0,0,0	6	62,65,118,143,97,117	0,152,1696,2317,3460,4356	2	circRNA	ENSRNOT00000021437	ENSRNOT00000021437	2,3,4,5,6,7	1:2273735-2277717|1:2282190-2285135
1	26079312	26093015	circular_RNA/2	1	+	26079312	26079312	0,0,0	2	234,165	0,13538	2	circRNA	ENSRNOT00000017831	ENSRNOT00000017831	2,3	1:26017089-26079312|1:26093015-26103932
1	85559159	85560404	circular_RNA/1	1	+	85559159	85559159	0,0,0	3	124,65,73	0,303,1172	1	circRNA	ENSRNOT00000072819	ENSRNOT00000072819	11,12,13	1:85559058-85559159|1:85560404-85561612
1	88387125	88391526	circular_RNA/1	1	-	88387125	88387125	0,0,0	3	146,122,91	0,1749,4310	1	circRNA	ENSRNOT00000039115	ENSRNOT00000039115	6,5,4	1:88384883-88387125|1:88391526-88412450
1	111087113	111099548	circular_RNA/2	0	-	111087113	111087113	0,0,0	6	238,80,386,124,111,120	0,1537,2697,7360,11803,12315	2	circRNA	ENSRNOT00000103851	ENSRNOT00000103851	6,5,4,3,2,1	1:111086252-111087113|None
1	111208422	111237460	circular_RNA/1	1	-	111208422	111208422	0,0,0	2	91,91	0,28947	1	circRNA	ENSRNOT00000096548	ENSRNOT00000096548	3,2	1:111197865-111208422|1:111237460-111241719
1	116771955	116782547	circular_RNA/3	1	-	116771955	116771955	0,0,0	2	110,45	0,10547	3	circRNA	ENSRNOT00000100474	ENSRNOT00000100474	3,2	1:116728498-116771955|1:116782547-116786039
1	121143260	121218199	circular_RNA/1	1	-	121143260	121143260	0,0,0	8	160,176,103,112,55,61,138,38	0,2070,11837,24957,34104,40898,73864,74901	1	circRNA	ENSRNOT00000033858	ENSRNOT00000033858	11,10,9,8,7,6,5,4	1:121129441-121143260|1:121218199-121227668
1	121262652	121278797	circular_RNA/2	1	+	121262652	121262652	0,0,0	5	200,124,151,126,178	0,4336,6870,7185,15967	2	circRNA	ENSRNOT00000018639	ENSRNOT00000018639	2,3,4,5,6	1:121248476-121262652|1:121278797-121297985
1	127246657	127278296	circular_RNA/2	0	-	127246657	127246657	0,0,0	15	189,191,90,217,125,179,45,101,247,134,141,108,62,87,232	0,4853,5713,7529,10664,12545,12887,13872,14928,16424,18045,20589,25895,27626,31407	2	circRNA	ENSRNOT00000076300	ENSRNOT00000076300	17,16,15,14,13,12,11,10,9,8,7,6,5,4,3	1:127243089-127246657|1:127278296-127299525
1	136209717	136232819	circular_RNA/3	1	+	136209717	136209717	0,0,0	7	69,73,144,134,159,104,110	0,7002,9288,11752,14395,21866,22992	3	circRNA	ENSRNOT00000026870	ENSRNOT00000026870	2,3,4,5,6,7,8	1:136124894-136209717|1:136232819-136255039
1	144086065	144097917	circular_RNA/1	1	+	144086065	144086065	0,0,0	5	76,103,94,112,107	0,4238,8487,9527,11745	1	circRNA	ENSRNOT00000111120	ENSRNOT00000111120	3,4,5,6,7	1:144085332-144086065|1:144097917-144099978
1	146699563	146719499	circular_RNA/3	1	-	146699563	146699563	0,0,0	15	36,93,156,184,106,120,100,976,538,91,181,1118,195,189,126	0,475,981,1950,3177,3692,8001,11466,12481,13986,14174,15136,17560,18059,19810	3	circRNA	ENSRNOT00000094339	ENSRNOT00000094339	16,15,14,13,12,11,10,9,8,7,6,5,4,3,2	1:146698347-146699563|1:146719499-146723053
1	151983015	151986906	circular_RNA/4	0	+	151983015	151983015	0,0,0	2	1775,207	0,3684	4	circRNA	ENSRNOT00000098705	ENSRNOT00000098705	7,8	1:151972699-151983015|1:151986906-151991665
1	151983015	151991770	circular_RNA/2	0	+	151983015	151983015	0,0,0	3	1775,207,105	0,3684,8650	2	circRNA	ENSRNOT00000098705	ENSRNOT00000098705	7,8,9	1:151972699-151983015|1:151991770-151992955
1	164309757	164311217	circular_RNA/3	1	+	164309757	164309757	0,0,0	2	228,147	0,1313	3	circRNA	ENSRNOT00000013276	ENSRNOT00000013276	4,5	1:164302087-164309757|1:164311217-164313069
1	166214911	166221285	circular_RNA/1	0	+	166214911	166214911	0,0,0	5	105,208,116,120,778	0,753,2502,4198,5596	1	circRNA	ENSRNOT00000065712	ENSRNOT00000065712	16,17,18,19,20	1:166214228-166214911|1:166221285-166227247
1	175593996	175604187	circular_RNA/1	1	+	175593996	175593996	0,0,0	3	191,210,185	0,4285,10006	1	circRNA	ENSRNOT00000039186	ENSRNOT00000039186	2,3,4	1:175578182-175593996|1:175604187-175622387
1	177509289	177519158	circular_RNA/2	0	+	177509289	177509289	0,0,0	6	100,37,45,89,100,140	0,2765,7115,9082,9286,9729	2	circRNA	ENSRNOT00000035770	ENSRNOT00000035770	2,3,4,5,6,7	1:177504565-177509289|1:177519158-177521973
1	187052787	187061498	circular_RNA/2	1	-	187052787	187052787	0,0,0	4	157,147,340,991	0,4414,6681,7720	2	circRNA	ENSRNOT00000022157	ENSRNOT00000022157	5,4,3,2	1:187040322-187052787|1:187061498-187107647
1	211724058	211765291	circular_RNA/1	1	-	211724058	211724058	0,0,0	4	17,205,75,63	0,1294,25728,41170	1	circRNA	ENSRNOT00000119003	ENSRNOT00000119003	8,7,6,5	1:211682788-211724058|1:211765291-211794645
1	213963345	213964505	circular_RNA/2	1	-	213963345	213963345	0,0,0	3	147,105,396	0,254,764	2	circRNA	ENSRNOT00000102736	ENSRNOT00000102736	50,49,48	1:213957382-213963345|1:213964505-213966230
1	214103049	214115971	circular_RNA/1	1	-	214103049	214103049	0,0,0	5	110,102,96,43,44	0,6201,6554,8716,12878	1	circRNA	ENSRNOT00000102736	ENSRNOT00000102736	6,5,4,3,2	1:214094552-214103049|1:214115971-214128304
1	227514203	227551977	circular_RNA/1	1	-	227514203	227514203	0,0,0	4	90,80,1418,201	0,8546,21465,37573	1	circRNA	ENSRNOT00000039428	ENSRNOT00000039428	5,4,3,2	1:227499936-227514203|1:227551977-227569270
1	227522749	227551977	circular_RNA/1	1	-	227522749	227522749	0,0,0	3	80,1418,201	0,12919,29027	1	circRNA	ENSRNOT00000039428	ENSRNOT00000039428	4,3,2	1:227514293-227522749|1:227551977-227569270
1	243795301	243795771	circular_RNA/2	1	+	243795301	243795301	0,0,0	1	470	0	2	ciRNA	ENSRNOT00000082412	ENSRNOT00000082412	5	1:243795301-243795799
3	6596297	6600307	circular_RNA/2	1	-	6596297	6596297	0,0,0	3	94,134,108	0,2636,3902	2	circRNA	ENSRNOT00000007471	ENSRNOT00000007471	5,4,3	3:6592494-6596297|3:6600307-6612642
3	7410401	7416679	circular_RNA/1	0	-	7410401	7410401	0,0,0	5	128,145,92,66,117	0,2605,4502,5734,6161	1	circRNA	ENSRNOT00000006162	ENSRNOT00000006162	36,35,34,33,32	3:7403031-7410401|3:7416679-7427624
3	7649807	7673093	circular_RNA/1	0	-	7649807	7649807	0,0,0	5	189,137,172,557,67	0,637,14135,20307,23219	1	circRNA	ENSRNOT00000066777	ENSRNOT00000066777	6,5,4,3,2	3:7645326-7649807|3:7673093-7673280
3	17056346	17140847	circular_RNA/1	0	-	17056346	17056346	0,0,0	6	60,56,95,123,130,97	0,2981,52238,75070,78127,84404	1	circRNA	ENSRNOT00000023172	ENSRNOT00000023172	9,8,7,6,5,4	3:17037484-17056346|3:17140847-17146531
3	17108584	17140847	circular_RNA/4	0	-	17108584	17108584	0,0,0	4	95,123,130,97	0,22832,25889,32166	4	circRNA	ENSRNOT00000023172	ENSRNOT00000023172	7,6,5,4	3:17059383-17108584|3:17140847-17146531
3	17517776	17536278	circular_RNA/5	1	-	17517776	17517776	0,0,0	3	136,191,242	0,7297,18260	5	circRNA	ENSRNOT00000029600	ENSRNOT00000029600	5,4,3	3:17495535-17517776|3:17536278-17681208
3	17741316	17753437	circular_RNA/7	1	+	17741316	17741316	0,0,0	3	328,90,149	0,2878,11972	7	circRNA	ENSRNOT00000023889	ENSRNOT00000023889	2,3,4	3:17716250-17741316|3:17753437-17802412
3	17741316	17833114	circular_RNA/1	1	+	17741316	17741316	0,0,0	6	328,90,149,173,177,110	0,2878,11972,61096,77373,91688	1	circRNA	ENSRNOT00000023889	ENSRNOT00000023889	2,3,4,5,6,7	3:17716250-17741316|3:17833114-17861764
3	22630031	22641950	circular_RNA/1	1	-	22630031	22630031	0,0,0	2	45,42	0,11877	1	circRNA	ENSRNOT00000110680	ENSRNOT00000110680	3,2	3:22529982-22630031|3:22641950-22682823
3	33506873	33588964	circular_RNA/7	1	+	33506873	33506873	0,0,0	3	92,151,105	0,26983,81986	7	circRNA	ENSRNOT00000092907	ENSRNOT00000092907	3,4,5	3:33422999-33506873|3:33588964-33651583
3	55545633	55592350	circular_RNA/2	1	-	55545633	55545633	0,0,0	12	67,189,137,111,93,90,96,47,76,68,72,119	0,4295,8467,8905,12656,14083,15823,17575,20677,31915,33080,46598	2	circRNA	ENSRNOT00000109940	ENSRNOT00000109940	13,12,11,10,9,8,7,6,5,4,3,2	3:55533579-55545633|3:55592350-55627001
3	55578713	55592350	circular_RNA/1	1	-	55578713	55578713	0,0,0	2	72,119	0,13518	1	circRNA	ENSRNOT00000109940	ENSRNOT00000109940	3,2	3:55577616-55578713|3:55592350-55627001
3	57821406	57847776	circular_RNA/6	0	-	57821406	57821406	0,0,0	2	193,1360	0,25010	6	circRNA	ENSRNOT00000103163	ENSRNOT00000103163	5,4	3:57816188-57821406|3:57847776-57854981
3	77512378	77516588	circular_RNA/2	1	+	77512378	77512378	0,0,0	3	93,194,207	0,2111,4003	2	circRNA	ENSRNOT00000021837	ENSRNOT00000021837	2,3,4	3:77491336-77512378|3:77516588-77520608
3	78301569	78330214	circular_RNA/3	0	+	78301569	78301569	0,0,0	10	90,294,99,52,80,61,164,156,76,104	0,1583,15149,17472,18194,18695,21048,26442,28247,28541	3	circRNA	ENSRNOT00000067664	ENSRNOT00000067664	8,9,10,11,12,13,14,15,16,17	3:78300447-78301569|3:78330214-78331146
3	80330618	80337621	circular_RNA/3	0	-	80330618	80330618	0,0,0	6	187,225,78,166,116,147	0,2705,3062,4490,4812,6856	3	circRNA	ENSRNOT00000014088	ENSRNOT00000014088	16,15,14,13,12,11	3:80315905-80330618|3:80337621-80340207
3	91073749	91087826	circular_RNA/1	1	-	91073749	91073749	0,0,0	4	221,121,133,187	0,6739,7914,13890	1	circRNA	ENSRNOT00000060311	ENSRNOT00000060311	5,4,3,2	3:91070543-91073749|3:91087826-91091980
3	100299615	100303441	circular_RNA/9	1	+	100299615	100299615	0,0,0	2	785,151	0,3675	9	circRNA	ENSRNOT00000042103	ENSRNOT00000042103	5,6	3:100255303-100299615|3:100303441-100335849
3	102800803	102927518	circular_RNA/4	0	-	102800803	102800803	0,0,0	3	77,146,115	0,79619,126600	4	circRNA	ENSRNOT00000077091	ENSRNOT00000077091	8,7,6	3:102748616-102800803|3:102927518-102937000
3	104021859	104039781	circular_RNA/4	1	+	104021859	104021859	0,0,0	4	175,169,50,159	0,12190,13775,17763	4	circRNA	ENSRNOT00000096496	ENSRNOT00000096496	2,3,4,5	3:103984060-104021859|3:104039781-104043218
3	104039781	104043218	circular_RNA/2	1	+	104039781	104039781	0,0,0	1	3437	0	2	ciRNA	ENSRNOT00000096496	ENSRNOT00000096496	5	3:104039781-104043218
3	106437803	106445314	circular_RNA/6	0	-	106437803	106437803	0,0,0	5	204,54,215,121,162	0,1525,3338,4660,7349	6	circRNA	ENSRNOT00000031672	ENSRNOT00000031672	9,8,7,6,5	3:106436711-106437803|3:106445314-106447339
3	108862990	108870499	circular_RNA/1	0	+	108862990	108862990	0,0,0	4	142,81,99,171	0,765,6037,7338	1	circRNA	ENSRNOT00000112915	ENSRNOT00000112915	5,6,7,8	3:108859562-108862990|3:108870499-108885637
3	112350041	112367422	circular_RNA/2	1	-	112350041	112350041	0,0,0	9	102,64,50,154,192,94,8,53,209	0,8870,9054,9523,10331,14327,14522,15923,17172	2	circRNA	ENSRNOT00000081533	ENSRNOT00000081533	10,9,8,7,6,5,4,3,2	3:112348629-112350041|3:112367422-112373860
3	113020297	113027462	circular_RNA/2	0	-	113020297	113020297	0,0,0	3	136,325,179	0,1956,6986	2	circRNA	ENSRNOT00000120193	ENSRNOT00000120193	4,3,2	3:113018070-113020297|3:113027462-113028001
3	114079038	114091370	circular_RNA/1	1	-	114079038	114079038	0,0,0	9	144,156,229,281,135,141,54,135,101	0,221,1261,3168,4286,5821,8288,10436,12231	1	circRNA	ENSRNOT00000112004	ENSRNOT00000112004	19,18,17,16,15,14,13,12,11	3:114076733-114079038|3:114091370-114096422
3	122578580	122620245	circular_RNA/2	1	+	122578580	122578580	0,0,0	5	147,158,83,85,178	0,15138,29854,38253,41487	2	circRNA	ENSRNOT00000006389	ENSRNOT00000006389	10,11,12,13,14	3:122542275-122578580|3:122620245-122624924
3	134454039	134457772	circular_RNA/1	1	+	134454039	134454039	0,0,0	9	59,90,73,51,158,75,134,58,108	0,135,928,1221,1709,3095,3252,3484,3625	1	circRNA	ENSRNOT00000016351	ENSRNOT00000016351	5,6,7,8,9,10,11,12,13	3:134452944-134454039|3:134457772-134462210
3	149687688	149709259	circular_RNA/1	0	-	149687688	149687688	0,0,0	4	150,148,518,55	0,2395,11761,21516	1	circRNA	ENSRNOT00000022861	ENSRNOT00000022861	5,4,3,2	3:149677539-149687688|3:149709259-149757667
2	5207078	5257025	circular_RNA/1	1	+	5207078	5207078	0,0,0	11	48,122,164,260,125,85,571,67,172,68,45	0,20710,25308,31670,40208,40595,42337,45698,48725,49750,49902	1	circRNA	ENSRNOT00000032974	ENSRNOT00000032974	2,3,4,5,6,7,8,9,10,11,12	2:5190251-5207078|2:5257025-5257113
2	6481150	6532799	circular_RNA/2	1	+	6481150	6481150	0,0,0	9	171,131,187,94,103,103,102,75,120	0,12003,25423,30374,46793,48597,49027,49595,51529	2	circRNA	ENSRNOT00000017828	ENSRNOT00000017828	6,7,8,9,10,11,12,13,14	2:6452564-6481150|2:6532799-6619757
2	14101973	14125530	circular_RNA/2	1	+	14101973	14101973	0,0,0	5	187,48,173,130,136	0,2377,20103,22734,23421	2	circRNA	ENSRNOT00000076992	ENSRNOT00000076992	6,7,8,9,10	2:14094757-14101973|2:14125530-14131262
2	14749364	14763284	circular_RNA/1	1	+	14749364	14749364	0,0,0	3	104,84,98	0,11996,13822	1	circRNA	ENSRNOT00000108171	ENSRNOT00000108171	2,3,4	2:14715811-14749364|2:14763284-14772584
2	22740676	22753465	circular_RNA/2	1	+	22740676	22740676	0,0,0	2	73,62	0,12727	2	circRNA	ENSRNOT00000109181	ENSRNOT00000109181	2,3	2:22651418-22740676|2:22753465-22765833
2	24583887	24591314	circular_RNA/1	1	+	24583887	24583887	0,0,0	3	157,132,93	0,4702,7334	1	circRNA	ENSRNOT00000104734	ENSRNOT00000104734	2,3,4	2:24544298-24583887|2:24591314-24598459
2	24583887	24598599	circular_RNA/5	1	+	24583887	24583887	0,0,0	4	157,132,93,140	0,4702,7334,14572	5	circRNA	ENSRNOT00000104734	ENSRNOT00000104734	2,3,4,5	2:24544298-24583887|2:24598599-24608968
2	25016894	25027790	circular_RNA/6	1	+	25016894	25016894	0,0,0	3	187,191,208	0,3769,10688	6	circRNA	ENSRNOT00000014860	ENSRNOT00000014860	2,3,4	2:25002723-25016894|2:25027790-25075638
2	30138813	30172427	circular_RNA/4	1	-	30138813	30138813	0,0,0	7	97,99,105,153,142,75,92	0,1475,8826,19846,20084,26667,33522	4	circRNA	ENSRNOT00000100868	ENSRNOT00000100868	8,7,6,5,4,3,2	2:30122518-30138813|2:30172427-30181058
2	34979280	35001254	circular_RNA/2	0	-	34979280	34979280	0,0,0	6	57,90,79,118,198,48	0,1315,3226,16935,18613,21926	2	circRNA	ENSRNOT00000095613	ENSRNOT00000095613	7,6,5,4,3,2	2:34968789-34979280|2:35001254-35027569
2	34996215	35001254	circular_RNA/3	0	-	34996215	34996215	0,0,0	3	118,198,48	0,1678,4991	3	circRNA	ENSRNOT00000095613	ENSRNOT00000095613	4,3,2	2:34982585-34996215|2:35001254-35027569
2	35362528	35381349	circular_RNA/1	1	+	35362528	35362528	0,0,0	8	139,57,73,47,83,99,127,54	0,1933,4492,10205,15462,15630,16021,18767	1	circRNA	ENSRNOT00000060962	ENSRNOT00000060962	2,3,4,5,6,7,8,9	2:35360521-35362528|2:35381349-35382570
2	57207415	57212264	circular_RNA/3	1	+	57207415	57207415	0,0,0	5	92,170,106,73,90	0,771,1573,3195,4759	3	circRNA	ENSRNOT00000082694	ENSRNOT00000082694	5,6,7,8,9	2:57206662-57207415|2:57212264-57213199
2	118751326	118756221	circular_RNA/6	0	-	118751326	118751326	0,0,0	3	131,169,217	0,2658,4678	6	circRNA	ENSRNOT00000104963	ENSRNOT00000104963	4,3,2	2:118726640-118751326|2:118756221-118767174
2	123947910	123958481	circular_RNA/1	0	+	123947910	123947910	0,0,0	6	59,60,175,141,144,166	0,556,2373,7314,9839,10405	1	circRNA	ENSRNOT00000110414	ENSRNOT00000110414	2,3,4,5,6,7	2:123936893-123947910|2:123958481-123961911
2	124647887	124728209	circular_RNA/4	1	-	124647887	124647887	0,0,0	13	197,193,146,75,72,99,178,92,91,71,66,123,136	0,6453,11770,14338,17605,22533,27673,43411,47250,63867,69402,71162,80186	4	circRNA	ENSRNOT00000100161	ENSRNOT00000100161	18,17,16,15,14,13,12,11,10,9,8,7,6	2:124641232-124647887|2:124728209-124734346
2	124647887	124675738	circular_RNA/3	0	-	124647887	124647887	0,0,0	7	197,193,146,75,72,99,178	0,6453,11770,14338,17605,22533,27673	3	circRNA	ENSRNOT00000100161	ENSRNOT00000100161	18,17,16,15,14,13,12	2:124641232-124647887|2:124675738-124691298
2	124670420	124719172	circular_RNA/4	1	-	124670420	124670420	0,0,0	7	99,178,92,91,71,66,123	0,5140,20878,24717,41334,46869,48629	4	circRNA	ENSRNOT00000100161	ENSRNOT00000100161	13,12,11,10,9,8,7	2:124665564-124670420|2:124719172-124728073
2	135503239	135516292	circular_RNA/3	1	+	135503239	135503239	0,0,0	8	129,46,81,194,109,99,144,98	0,1297,1430,4711,7442,10038,11532,12955	3	circRNA	ENSRNOT00000120176	ENSRNOT00000120176	13,14,15,16,17,18,19,20	2:135502142-135503239|2:135516292-135517365
2	140241464	140252257	circular_RNA/1	0	-	140241464	140241464	0,0,0	7	147,120,127,122,96,101,232	0,2182,4918,5850,6646,6979,10561	1	circRNA	ENSRNOT00000106419	ENSRNOT00000106419	8,7,6,5,4,3,2	2:140226091-140241464|2:140252257-140338303
2	144780143	144788316	circular_RNA/3	1	+	144780143	144780143	0,0,0	3	171,111,201	0,1011,7972	3	circRNA	ENSRNOT00000036808	ENSRNOT00000036808	3,4,5	2:144698006-144780143|2:144788316-144797557
2	169860794	169882770	circular_RNA/3	1	-	169860794	169860794	0,0,0	6	175,158,222,113,96,109	0,5305,9042,14081,15526,21867	3	circRNA	ENSRNOT00000014236	ENSRNOT00000014236	8,7,6,5,4,3	2:169845567-169860794|2:169882770-169895772
2	174257024	174286491	circular_RNA/1	0	+	174257024	174257024	0,0,0	10	120,171,193,102,45,133,202,87,169,145	0,492,5364,10662,11566,21221,25464,26083,28118,29322	1	circRNA	ENSRNOT00000056789	ENSRNOT00000056789	7,8,9,10,11,12,13,14,15,16	2:174255913-174257024|2:174286491-174288040
2	174362747	174379854	circular_RNA/7	1	+	174362747	174362747	0,0,0	2	516,4558	0,12549	7	circRNA	ENSRNOT00000115989	ENSRNOT00000115989	3,4	2:174356215-174362747|2:174379854-174394767
2	175457652	175462944	circular_RNA/1	1	-	175457652	175457652	0,0,0	5	55,190,173,278,199	0,747,2723,3066,5093	1	circRNA	ENSRNOT00000024364	ENSRNOT00000024364	17,16,15,14,13	2:175456250-175457652|2:175462944-175467490
2	175816020	175821492	circular_RNA/1	1	+	175816020	175816020	0,0,0	4	132,171,316,203	0,1466,2359,5269	1	circRNA	ENSRNOT00000021502	ENSRNOT00000021502	5,6,7,8	2:175815066-175816020|2:175821492-175822765
2	185306132	185308014	circular_RNA/1	1	-	185306132	185306132	0,0,0	3	120,132,249	0,743,1633	1	circRNA	ENSRNOT00000100009	ENSRNOT00000100009	29,28,27	2:185304336-185306132|2:185308014-185314251
2	187537098	187552123	circular_RNA/2	1	+	187537098	187537098	0,0,0	5	240,140,154,89,77	0,986,10062,10464,14948	2	circRNA	ENSRNOT00000102364	ENSRNOT00000102364	2,3,4,5,6	2:187528699-187537098|2:187552123-187564328
2	188044850	188056752	circular_RNA/1	1	-	188044850	188044850	0,0,0	4	81,119,97,256	0,2314,8183,11646	1	circRNA	ENSRNOT00000067000	ENSRNOT00000067000	5,4,3,2	2:188030052-188044850|2:188056752-188095667
2	206956707	207025809	circular_RNA/5	1	+	206956707	206956707	0,0,0	3	211,185,216	0,31305,68886	5	circRNA	ENSRNOT00000086125	ENSRNOT00000086125	11,12,13	2:206938122-206956707|2:207025809-207091957
2	207836113	207855272	circular_RNA/3	0	-	207836113	207836113	0,0,0	6	196,111,165,144,173,76	0,7035,7233,10779,11647,19083	3	circRNA	ENSRNOT00000104266	ENSRNOT00000104266	8,7,6,5,4,3	2:207820082-207836113|2:207855272-207871797
2	221513646	221586036	circular_RNA/1	1	-	221513646	221513646	0,0,0	7	129,45,116,94,252,468,438	0,1739,1937,59513,61266,70693,71952	1	circRNA	ENSRNOT00000086303	ENSRNOT00000086303	8,7,6,5,4,3,2	2:221512561-221513646|2:221586036-221591703
2	225367934	225405162	circular_RNA/1	1	+	225367934	225367934	0,0,0	8	125,112,146,140,78,95,126,75	0,7623,9095,12643,19894,22323,35023,37153	1	circRNA	ENSRNOT00000105262	ENSRNOT00000105262	3,4,5,6,7,8,9,10	2:225295914-225367934|2:225405162-225423928
2	247160887	247195772	circular_RNA/3	0	-	247160887	247160887	0,0,0	4	75,93,222,120	0,14321,21373,34765	3	circRNA	ENSRNOT00000066024	ENSRNOT00000066024	26,25,24,23	2:247148296-247160887|2:247195772-247203741
2	247175208	247253369	circular_RNA/1	0	-	247175208	247175208	0,0,0	16	93,222,120,141,1681,181,112,201,249,125,100,70,116,130,73,145	0,7052,20444,28533,32033,35811,36194,44811,49582,51539,54148,56220,59973,61301,73240,78016	1	circRNA	ENSRNOT00000066024	ENSRNOT00000066024	25,24,23,22,21,20,19,18,17,16,15,14,13,12,11,10	2:247160962-247175208|2:247253369-247259168
5	4983196	5014371	circular_RNA/2	1	+	4983196	4983196	0,0,0	6	78,70,146,138,83,187	0,10208,10592,13906,30509,30988	2	circRNA	ENSRNOT00000064946	ENSRNOT00000064946	4,5,6,7,8,9	5:4962714-4983196|5:5014371-5036336
5	8998362	9001506	circular_RNA/4	0	+	8998362	8998362	0,0,0	4	31,157,147,180	0,625,1952,2964	4	circRNA	ENSRNOT00000095352	ENSRNOT00000095352	3,4,5,6	5:8997422-8998362|5:9001506-9004813
5	10487458	10580706	circular_RNA/2	0	+	10487458	10487458	0,0,0	8	57,58,44,42,103,83,131,130	0,2887,3899,4030,50526,69352,84629,93118	2	circRNA	ENSRNOT00000095256	ENSRNOT00000095256	6,7,8,9,10,11,12,13	5:10438187-10487458|5:10580706-10614914
5	12323615	12324034	circular_RNA/1	1	-	12323615	12323615	0,0,0	1	419	0	1	circRNA	ENSRNOT00000061903	ENSRNOT00000061903	2	5:12308935-12323615|5:12324034-12354573
5	14399646	14414627	circular_RNA/2	0	-	14399646	14399646	0,0,0	4	114,102,126,179	0,4917,12146,14802	2	circRNA	ENSRNOT00000107603	ENSRNOT00000107603	13,12,11,10	5:14379375-14399646|5:14414627-14422633
5	14399646	14431008	circular_RNA/2	0	-	14399646	14399646	0,0,0	6	114,102,126,179,193,98	0,4917,12146,14802,22987,31264	2	circRNA	ENSRNOT00000107603	ENSRNOT00000107603	13,12,11,10,9,8	5:14379375-14399646|5:14431008-14447208
5	22732115	22752733	circular_RNA/1	1	-	22732115	22732115	0,0,0	10	45,36,39,33,45,57,33,114,75,93	0,5341,6007,9368,9825,11385,12093,13855,17898,20525	1	circRNA	ENSRNOT00000083779	ENSRNOT00000083779	14,13,12,11,10,9,8,7,6,5	5:22676875-22732115|5:22752733-22763927
5	47752485	47845999	circular_RNA/1	1	+	47752485	47752485	0,0,0	6	136,72,165,69,101,67	0,11805,16240,29216,52735,93447	1	circRNA	ENSRNOT00000095052	ENSRNOT00000095052	10,11,12,13,14,15	5:47737076-47752485|5:47845999-47909583
5	50371367	50374119	circular_RNA/3	1	-	50371367	50371367	0,0,0	1	2752	0	3	circRNA	ENSRNOT00000110514	ENSRNOT00000110514	2	5:50368274-50371367|5:50374119-50514512
5	58373914	58386653	circular_RNA/1	0	-	58373914	58373914	0,0,0	6	107,162,171,168,214,194	0,1222,3188,4361,10486,12545	1	circRNA	ENSRNOT00000060203	ENSRNOT00000060203	8,7,6,5,4,3	5:58371637-58373914|5:58386653-58388362
5	61081998	61173107	circular_RNA/1	0	-	61081998	61081998	0,0,0	6	237,201,66,102,171,138	0,11682,16855,29567,59459,90971	1	circRNA	ENSRNOT00000011573	ENSRNOT00000011573	7,6,5,4,3,2	5:61037401-61081998|5:61173107-61287636
5	73663439	73684812	circular_RNA/3	0	-	73663439	73663439	0,0,0	8	120,82,140,169,150,119,117,131	0,2308,6485,9743,12542,16261,18240,21242	3	circRNA	ENSRNOT00000119799	ENSRNOT00000119799	9,8,7,6,5,4,3,2	5:73657283-73663439|5:73684812-73699289
5	74462283	74471003	circular_RNA/1	1	+	74462283	74462283	0,0,0	4	195,72,468,129	0,4785,6645,8591	1	circRNA	ENSRNOT00000105089	ENSRNOT00000105089	7,8,9,10	5:74458474-74462283|5:74471003-74478012
5	74557012	74558207	circular_RNA/1	1	+	74557012	74557012	0,0,0	1	1195	0	1	circRNA	ENSRNOT00000022866	ENSRNOT00000022866	2	5:74492035-74557012|5:74558207-74615817
5	99379077	99420606	circular_RNA/3	0	+	99379077	99379077	0,0,0	7	138,159,195,153,126,122,120	0,2234,12716,30887,32639,39925,41409	3	circRNA	ENSRNOT00000098986	ENSRNOT00000098986	6,7,8,9,10,11,12	5:99363342-99379077|5:99420606-99472374
5	101286627	101293696	circular_RNA/4	1	+	101286627	101286627	0,0,0	2	325,253	0,6816	4	circRNA	ENSRNOT00000082596	ENSRNOT00000082596	2,3	5:101272668-101286627|5:101293696-101295749
5	102326742	102327450	circular_RNA/9	1	-	102326742	102326742	0,0,0	1	708	0	9	circRNA	ENSRNOT00000094349	ENSRNOT00000094349	5	5:102281146-102326742|5:102327450-102357684
5	102326742	102357828	circular_RNA/3	1	-	102326742	102326742	0,0,0	2	708,144	0,30942	3	circRNA	ENSRNOT00000094349	ENSRNOT00000094349	5,4	5:102281146-102326742|5:102357828-102363858
5	117815637	117827572	circular_RNA/1	0	-	117815637	117815637	0,0,0	4	152,87,224,195	0,1891,4241,11740	1	circRNA	ENSRNOT00000101086	ENSRNOT00000101086	10,9,8,7	5:117805952-117815637|5:117827572-117846609
5	123222131	123223006	circular_RNA/3	0	+	123222131	123222131	0,0,0	1	875	0	3	circRNA	ENSRNOT00000079161	ENSRNOT00000079161	2	5:123203171-123222131|5:123223006-123230790
5	123789661	123791961	circular_RNA/1	1	+	123789661	123789661	0,0,0	3	58,74,70	0,946,2230	1	circRNA	ENSRNOT00000010440	ENSRNOT00000010440	8,9,10	5:123785699-123789661|5:123791961-123794663
5	123854900	123863910	circular_RNA/1	0	-	123854900	123854900	0,0,0	5	51,30,48,96,69	0,1240,2421,3627,8941	1	circRNA	ENSRNOT00000119557	ENSRNOT00000119557	9,8,7,6,5	5:123843558-123854900|5:123863910-123890885
5	133468121	133470339	circular_RNA/3	1	+	133468121	133468121	0,0,0	2	230,1610	0,608	3	circRNA	ENSRNOT00000107388	ENSRNOT00000107388	3,4	5:133412734-133468121|5:133470339-133517367
5	134733213	134747003	circular_RNA/1	0	-	134733213	134733213	0,0,0	4	203,133,82,155	0,6883,11758,13635	1	circRNA	ENSRNOT00000046906	ENSRNOT00000046906	5,4,3,2	5:134724556-134733213|5:134747003-134767004
5	138644977	138658523	circular_RNA/5	0	-	138644977	138644977	0,0,0	6	102,135,195,91,160,185	0,1949,2796,5692,7326,13361	5	circRNA	ENSRNOT00000119040	ENSRNOT00000119040	18,17,16,15,14,13	5:138643341-138644977|5:138658523-138660209
5	139172351	139184735	circular_RNA/1	0	-	139172351	139172351	0,0,0	9	95,180,54,172,116,145,38,141,151	0,494,1456,3365,6111,9094,10150,10860,12233	1	circRNA	ENSRNOT00000102837	ENSRNOT00000102837	22,21,20,19,18,17,16,15,14	5:139164857-139172351|5:139184735-139186112
5	141523972	141528970	circular_RNA/7	1	-	141523972	141523972	0,0,0	4	92,83,791,117	0,1523,3116,4881	7	circRNA	ENSRNOT00000009436	ENSRNOT00000009436	5,4,3,2	5:141501466-141523972|5:141528970-141535354
5	144869886	144885006	circular_RNA/9	1	+	144869886	144869886	0,0,0	5	102,44,80,67,137	0,4731,8642,11797,14983	9	circRNA	ENSRNOT00000099304	ENSRNOT00000099304	2,3,4,5,6	5:144806651-144869886|5:144885006-144899810
5	145948263	145951212	circular_RNA/8	0	-	145948263	145948263	0,0,0	3	117,456,213	0,1378,2736	8	circRNA	ENSRNOT00000009173	ENSRNOT00000009173	5,4,3	5:145925474-145948263|5:145951212-145980053
5	153825315	153830224	circular_RNA/4	0	-	153825315	153825315	0,0,0	2	477,321	0,4588	4	circRNA	ENSRNOT00000055791	ENSRNOT00000055791	3,2	5:153802850-153825315|5:153830224-153848257
5	160949838	161013995	circular_RNA/1	1	+	160949838	160949838	0,0,0	7	106,97,105,49,125,100,99	0,2222,9592,31054,40384,41512,64058	1	circRNA	ENSRNOT00000024443	ENSRNOT00000024443	5,6,7,8,9,10,11	5:160919882-160949838|5:161013995-161048473
4	14483195	14537524	circular_RNA/1	0	-	14483195	14483195	0,0,0	8	144,196,178,186,249,193,92,42	0,1657,7679,9806,35075,42587,48447,54287	1	circRNA	ENSRNOT00000115899	ENSRNOT00000115899	20,19,18,17,16,15,14,13	4:14439362-14483195|4:14537524-14546512
4	30370086	30385840	circular_RNA/1	1	+	30370086	30370086	0,0,0	3	273,301,183	0,3425,15571	1	circRNA	ENSRNOT00000067954	ENSRNOT00000067954	2,3,4	4:30333907-30370086|4:30385840-30398755
4	33227377	33243858	circular_RNA/2	1	+	33227377	33227377	0,0,0	5	156,54,230,97,172	0,12004,14593,16119,16309	2	circRNA	ENSRNOT00000011756	ENSRNOT00000011756	6,7,8,9,10	4:33204820-33227377|4:33243858-33260865
4	40031781	40108866	circular_RNA/3	1	+	40031781	40031781	0,0,0	14	764,145,160,112,138,147,271,107,96,104,132,169,51,122	0,8297,21408,27313,28262,41638,43217,43801,44981,46364,48375,64979,76789,76963	3	circRNA	ENSRNOT00000094938	ENSRNOT00000094938	3,4,5,6,7,8,9,10,11,12,13,14,15,16	4:40024674-40031781|4:40108866-40149703
4	60023820	60034589	circular_RNA/2	1	+	60023820	60023820	0,0,0	5	70,143,89,110,193	0,5047,6428,9029,10576	2	circRNA	ENSRNOT00000081707	ENSRNOT00000081707	2,3,4,5,6	4:60002595-60023820|4:60034589-60046758
4	66617525	66646151	circular_RNA/1	1	+	66617525	66617525	0,0,0	6	119,148,133,117,115,147	0,5042,12796,16997,25332,28479	1	circRNA	ENSRNOT00000113281	ENSRNOT00000113281	2,3,4,5,6,7	4:66568008-66617525|4:66646151-66667627
4	67182437	67204879	circular_RNA/1	1	+	67182437	67182437	0,0,0	6	102,138,104,490,71,130	0,8550,10055,10609,15386,22312	1	circRNA	ENSRNOT00000096491	ENSRNOT00000096491	3,4,5,6,7,8	4:67173148-67182437|4:67204879-67206955
4	67211803	67216538	circular_RNA/1	1	+	67211803	67211803	0,0,0	3	43,51,1545	0,2104,3190	1	circRNA	ENSRNOT00000064175	ENSRNOT00000064175	13,14,15	4:67209356-67211803|4:67216538-67223448
4	67323416	67334905	circular_RNA/2	1	+	67323416	67323416	0,0,0	4	111,144,177,92	0,2599,10674,11397	2	circRNA	ENSRNOT00000096758	ENSRNOT00000096758	4,5,6,7	4:67320183-67323416|4:67334905-67342219
4	87373015	87416913	circular_RNA/1	1	+	87373015	87373015	0,0,0	3	157,78,137	0,29710,43761	1	circRNA	ENSRNOT00000118002	ENSRNOT00000118002	2,3,4	4:87363886-87373015|4:87416913-87430347
4	116451539	116452205	circular_RNA/4	1	+	116451539	116451539	0,0,0	1	666	0	4	ciRNA	ENSRNOT00000116644	ENSRNOT00000116644	18	4:116451539-116452205
4	131638251	131651656	circular_RNA/1	1	-	131638251	131638251	0,0,0	4	205,160,87,138	0,6608,12122,13267	1	circRNA	ENSRNOT00000103186	ENSRNOT00000103186	5,4,3,2	4:131614133-131638251|4:131651656-131663585
4	173449535	173471814	circular_RNA/4	0	+	173449535	173449535	0,0,0	6	468,463,84,120,54,81	0,7300,9374,12597,13479,22198	4	circRNA	ENSRNOT00000042291	ENSRNOT00000042291	11,12,13,14,15,16	4:173443233-173449535|4:173471814-173476678
7	24529446	24537144	circular_RNA/1	0	+	24529446	24529446	0,0,0	4	76,102,117,167	0,1186,4123,7531	1	circRNA	ENSRNOT00000102313	ENSRNOT00000102313	5,6,7,8	7:24516706-24529446|7:24537144-24628334
7	44158838	44158900	circular_RNA/1	0	-	44158838	44158838	0,0,0	1	62	0	1	circRNA	ENSRNOT00000048880	ENSRNOT00000048880	3	7:44008010-44158838|7:44158900-44240042
7	46697998	46717960	circular_RNA/5	1	+	46697998	46697998	0,0,0	10	71,78,102,204,85,172,238,185,82,99	0,5627,7850,10117,12001,13523,15104,16060,18405,19863	5	circRNA	ENSRNOT00000091910	ENSRNOT00000091910	5,6,7,8,9,10,11,12,13,14	7:46673101-46697998|7:46717960-46718606
7	46940453	46954581	circular_RNA/1	1	+	46940453	46940453	0,0,0	12	37,86,103,142,81,129,72,140,146,20,123,30	0,4472,5734,9445,9793,10494,11431,12171,12625,12892,13502,14098	1	circRNA	ENSRNOT00000114091	ENSRNOT00000114091	2,3,4,5,6,7,8,9,10,11,12,13	7:46933436-46940453|7:46954581-46954806
7	70511203	70586384	circular_RNA/1	1	+	70511203	70511203	0,0,0	13	209,120,100,124,47,113,131,172,154,69,157,111,66	0,1774,3741,4816,7211,10002,19127,25730,28096,57603,67390,68707,75115	1	circRNA	ENSRNOT00000039984	ENSRNOT00000039984	5,6,7,8,9,10,11,12,13,14,15,16,17	7:70497490-70511203|7:70586384-70597502
7	70597502	70684102	circular_RNA/1	1	+	70597502	70597502	0,0,0	5	180,110,101,173,242	0,1034,29020,48952,86358	1	circRNA	ENSRNOT00000039984	ENSRNOT00000039984	18,19,20,21,22	7:70586384-70597502|7:70684102-70737606
7	70626522	70684102	circular_RNA/2	1	+	70626522	70626522	0,0,0	4	101,173,78,242	0,19932,49792,57338	2	circRNA	ENSRNOT00000106052	ENSRNOT00000106052	20,21,22,23	7:70598646-70626522|7:70684102-70737606
7	89645110	89650330	circular_RNA/4	1	-	89645110	89645110	0,0,0	5	136,186,187,133,315	0,2053,3186,4681,4905	4	circRNA	ENSRNOT00000112469	ENSRNOT00000112469	20,19,18,17,16	7:89644111-89645110|7:89650330-89651644
7	105191527	105227789	circular_RNA/6	1	-	105191527	105191527	0,0,0	10	98,21,57,53,31,118,108,78,141,55	0,1152,2316,19008,22316,23552,25094,29349,29876,36207	6	circRNA	ENSRNOT00000079599	ENSRNOT00000079599	16,15,14,13,12,11,10,9,8,7	7:105185990-105191527|7:105227789-105243817
7	113993372	113999159	circular_RNA/1	1	-	113993372	113993372	0,0,0	1	5787	0	1	circRNA	ENSRNOT00000113856	ENSRNOT00000113856	2	7:113968468-113993372|7:113999159-114051691
7	120345457	120353136	circular_RNA/1	1	+	120345457	120345457	0,0,0	10	65,116,86,98,58,122,164,157,89,196	0,1821,3198,4210,4640,4989,5356,6435,6682,7483	1	circRNA	ENSRNOT00000011070	ENSRNOT00000011070	14,15,16,17,18,19,20,21,22,23	7:120344226-120345457|7:120353136-120355785
6	26272395	26284892	circular_RNA/3	1	-	26272395	26272395	0,0,0	4	102,90,139,61	0,669,4421,12436	3	circRNA	ENSRNOT00000071425	ENSRNOT00000071425	5,4,3,2	6:26269242-26272395|6:26284892-26319564
6	26591580	26638250	circular_RNA/3	1	+	26591580	26591580	0,0,0	6	81,214,86,155,106,167	0,5523,23960,36728,43677,46503	3	circRNA	ENSRNOT00000060810	ENSRNOT00000060810	3,4,5,6,7,8	6:26587317-26591580|6:26638250-26670126
6	27946774	27988768	circular_RNA/1	0	+	27946774	27946774	0,0,0	16	152,50,154,103,109,117,76,99,112,116,175,89,160,91,312,133	0,1798,2239,3702,4912,6023,11585,14423,17351,19873,20411,23356,29094,32695,37338,41861	1	circRNA	ENSRNOT00000084560	ENSRNOT00000084560	2,3,4,5,6,7,8,9,10,11,12,13,14,15,16,17	6:27927266-27946774|6:27988768-28012548
6	51149199	51156956	circular_RNA/1	0	-	51149199	51149199	0,0,0	4	122,127,151,242	0,2376,3584,7515	1	circRNA	ENSRNOT00000005521	ENSRNOT00000005521	6,5,4,3	6:51124846-51149199|6:51156956-51242090
6	54844131	54963810	circular_RNA/1	1	+	54844131	54844131	0,0,0	15	154,141,50,75,120,118,89,117,99,33,117,74,75,86,90	0,18483,24032,27347,30386,38498,41077,41245,49357,71448,84082,95053,101330,117850,119589	1	circRNA	ENSRNOT00000063874	ENSRNOT00000063874	5,6,7,8,9,10,11,12,13,14,15,16,17,18,19	6:54831002-54844131|6:54963810-54975970
6	54945461	54976131	circular_RNA/5	1	+	54945461	54945461	0,0,0	4	75,86,90,161	0,16520,18259,30509	5	circRNA	ENSRNOT00000063874	ENSRNOT00000063874	17,18,19,20	6:54939258-54945461|6:54976131-55084673
6	61356972	61361923	circular_RNA/2	1	+	61356972	61356972	0,0,0	3	1126,150,152	0,1213,4799	2	circRNA	ENSRNOT00000047296	ENSRNOT00000047296	2,3,4	6:61329954-61356972|6:61361923-61367860
6	69063441	69101625	circular_RNA/1	1	-	69063441	69063441	0,0,0	15	108,141,168,122,48,176,134,141,111,142,127,174,79,74,104	0,1639,2999,5054,5456,5658,7272,11469,20577,26095,27764,29737,31531,37616,38080	1	circRNA	ENSRNOT00000077578	ENSRNOT00000077578	16,15,14,13,12,11,10,9,8,7,6,5,4,3,2	6:69049650-69063441|6:69101625-69133607
6	69204497	69227005	circular_RNA/1	0	-	69204497	69204497	0,0,0	13	222,837,177,167,324,140,135,106,95,147,135,77,264	0,840,5006,5272,7046,7660,8877,14291,16060,17605,19154,22057,22244	1	circRNA	ENSRNOT00000008459	ENSRNOT00000008459	26,25,24,23,22,21,20,19,18,17,16,15,14	6:69201077-69204497|6:69227005-69227607
6	69988037	69991926	circular_RNA/1	1	+	69988037	69988037	0,0,0	1	3889	0	1	circRNA	ENSRNOT00000088378	ENSRNOT00000088378	2	6:69976495-69988037|6:69991926-70016733
6	73082160	73083022	circular_RNA/2	0	-	73082160	73082160	0,0,0	1	862	0	2	circRNA	ENSRNOT00000083857	ENSRNOT00000083857	32	6:73079088-73082160|6:73083022-73091478
6	73165497	73206453	circular_RNA/2	0	-	73165497	73165497	0,0,0	8	149,135,198,240,209,139,116,178	0,4086,16842,22842,30970,32609,37432,40778	2	circRNA	ENSRNOT00000083857	ENSRNOT00000083857	13,12,11,10,9,8,7,6	6:73159813-73165497|6:73206453-73207543
6	73196467	73215580	circular_RNA/1	0	-	73196467	73196467	0,0,0	8	209,139,116,178,44,58,50,111	0,1639,6462,9808,11076,13808,18357,19002	1	circRNA	ENSRNOT00000083857	ENSRNOT00000083857	9,8,7,6,5,4,3,2	6:73188579-73196467|6:73215580-73252261
6	73202929	73215580	circular_RNA/2	0	-	73202929	73202929	0,0,0	6	116,178,44,58,50,111	0,3346,4614,7346,11895,12540	2	circRNA	ENSRNOT00000083857	ENSRNOT00000083857	7,6,5,4,3,2	6:73198245-73202929|6:73215580-73252261
6	76904680	76906662	circular_RNA/3	1	-	76904680	76904680	0,0,0	2	686,111	0,1871	3	circRNA	ENSRNOT00000059316	ENSRNOT00000059316	4,3	6:76902642-76904680|6:76906662-76931728
6	89566640	89578856	circular_RNA/1	1	+	89566640	89566640	0,0,0	7	73,95,98,232,254,198,85	0,1382,1617,2710,7017,9494,12131	1	circRNA	ENSRNOT00000108048	ENSRNOT00000108048	12,13,14,15,16,17,18	6:89554415-89566640|6:89578856-89579544
6	100988335	100990739	circular_RNA/1	1	-	100988335	100988335	0,0,0	2	1845,89	0,2315	1	circRNA	ENSRNOT00000099130	ENSRNOT00000099130	3,2	6:100893161-100988335|6:100990739-101006955
6	104678518	104683782	circular_RNA/2	1	+	104678518	104678518	0,0,0	2	2115,118	0,5146	2	circRNA	ENSRNOT00000080038	ENSRNOT00000080038	5,6	6:104662391-104678518|6:104683782-104689082
6	105488928	105535989	circular_RNA/1	1	+	105488928	105488928	0,0,0	10	107,83,107,131,83,70,85,102,92,108	0,12550,13995,17812,25270,31512,32502,44143,45964,46953	1	circRNA	ENSRNOT00000115883	ENSRNOT00000115883	3,4,5,6,7,8,9,10,11,12	6:105484836-105488928|6:105535989-105539542
6	105501478	105514281	circular_RNA/1	0	+	105501478	105501478	0,0,0	4	83,107,131,83	0,1445,5262,12720	1	circRNA	ENSRNOT00000115883	ENSRNOT00000115883	4,5,6,7	6:105489035-105501478|6:105514281-105520440
6	118017862	118018292	circular_RNA/1	1	+	118017862	118017862	0,0,0	1	430	0	1	circRNA	ENSRNOT00000100630	ENSRNOT00000100630	6	6:118016594-118017862|6:118018292-118018973
6	120307804	120313282	circular_RNA/2	0	-	120307804	120307804	0,0,0	2	170,159	0,5319	2	circRNA	ENSRNOT00000034961	ENSRNOT00000034961	7,6	6:120306950-120307804|6:120313282-120314900
6	120777266	120791890	circular_RNA/2	1	-	120777266	120777266	0,0,0	3	200,115,192	0,1062,14432	2	circRNA	ENSRNOT00000006371	ENSRNOT00000006371	11,10,9	6:120761981-120777266|6:120791890-120803659
6	120778328	120806956	circular_RNA/2	0	-	120778328	120778328	0,0,0	5	115,192,117,101,76	0,13370,25331,27714,28552	2	circRNA	ENSRNOT00000006371	ENSRNOT00000006371	10,9,8,7,6	6:120777466-120778328|6:120806956-120822446
6	121030746	121046419	circular_RNA/2	1	-	121030746	121030746	0,0,0	6	164,194,141,3021,213,87	0,5050,5866,9261,12846,15586	2	circRNA	ENSRNOT00000007061	ENSRNOT00000007061	14,13,12,11,10,9	6:121029454-121030746|6:121046419-121047489
6	122125680	122145141	circular_RNA/3	1	+	122125680	122125680	0,0,0	4	121,305,171,93	0,6385,9892,19368	3	circRNA	ENSRNOT00000107056	ENSRNOT00000107056	2,3,4,5	6:122083295-122125680|6:122145141-122154326
6	124943654	124976760	circular_RNA/1	0	+	124943654	124943654	0,0,0	11	149,56,70,88,109,93,133,121,59,179,145	0,6180,13431,14356,18333,18556,20393,21078,22026,24947,32961	1	circRNA	ENSRNOT00000036035	ENSRNOT00000036035	2,3,4,5,6,7,8,9,10,11,12	6:124914939-124943654|6:124976760-124981093
9	676661	701997	circular_RNA/1	1	+	676661	676661	0,0,0	6	28,64,44,61,181,105	0,1836,2153,10349,16596,25231	1	circRNA	ENSRNOT00000094164	ENSRNOT00000094164	3,4,5,6,7,8	9:654469-676661|9:701997-705749
9	3396029	3401016	circular_RNA/1	1	+	3396029	3396029	0,0,0	2	2487,204	0,4783	1	circRNA	ENSRNOT00000018146	ENSRNOT00000018146	3,4	9:3293666-3396029|9:3401016-3441749
9	3737335	3781864	circular_RNA/2	1	-	3737335	3737335	0,0,0	9	173,70,51,89,103,68,75,90,109	0,1580,1753,3099,11614,40445,42804,42967,44420	2	circRNA	ENSRNOT00000014171	ENSRNOT00000014171	13,12,11,10,9,8,7,6,5	9:3676430-3737335|9:3781864-3809566
9	24844617	24866402	circular_RNA/3	1	-	24844617	24844617	0,0,0	9	154,172,131,113,47,124,100,111,68	0,259,2155,7283,10760,14478,18106,19800,21717	3	circRNA	ENSRNOT00000091865	ENSRNOT00000091865	16,15,14,13,12,11,10,9,8	9:24843624-24844617|9:24866402-24915936
9	27762138	27828069	circular_RNA/1	0	-	27762138	27762138	0,0,0	6	103,76,150,109,69,195	0,11182,12143,36928,40351,65736	1	circRNA	ENSRNOT00000016194	ENSRNOT00000016194	15,14,13,12,11,10	9:27746132-27762138|9:27828069-27842420
9	33102490	33109889	circular_RNA/1	0	-	33102490	33102490	0,0,0	2	1720,162	0,7237	1	circRNA	ENSRNOT00000115258	ENSRNOT00000115258	3,2	9:33097195-33102490|9:33109889-33126300
9	34732264	34735524	circular_RNA/1	0	+	34732264	34732264	0,0,0	2	128,199	0,3061	1	circRNA	ENSRNOT00000016578	ENSRNOT00000016578	5,6	9:34659789-34732264|9:34735524-34866664
9	36105553	36110799	circular_RNA/5	1	-	36105553	36105553	0,0,0	2	178,217	0,5029	5	circRNA	ENSRNOT00000088824	ENSRNOT00000088824	3,2	9:36089659-36105553|9:36110799-36135067
9	46276381	46290867	circular_RNA/1	1	+	46276381	46276381	0,0,0	7	594,127,84,105,95,133,87	0,5977,7079,7651,7974,12832,14399	1	circRNA	ENSRNOT00000033133	ENSRNOT00000033133	2,3,4,5,6,7,8	9:46270033-46276381|9:46290867-46302356
9	59954834	59957000	circular_RNA/3	0	-	59954834	59954834	0,0,0	4	67,91,226,161	0,457,1417,2005	3	circRNA	ENSRNOT00000030934	ENSRNOT00000030934	4,3,2,1	9:59953111-59954834|None
9	61242779	61244711	circular_RNA/2	0	+	61242779	61242779	0,0,0	2	171,171	0,1761	2	circRNA	ENSRNOT00000100349	ENSRNOT00000100349	3,4	9:61229124-61242779|9:61244711-61271406
9	61375625	61382577	circular_RNA/1	1	+	61375625	61375625	0,0,0	3	152,93,114	0,3835,6838	1	circRNA	ENSRNOT00000031261	ENSRNOT00000031261	2,3,4	9:61341022-61375625|9:61382577-61392768
9	66716753	66734087	circular_RNA/1	1	+	66716753	66716753	0,0,0	3	103,111,116	0,16993,17218	1	circRNA	ENSRNOT00000021099	ENSRNOT00000021099	2,3,4	9:66706341-66716753|9:66734087-66748624
9	69791434	69808926	circular_RNA/1	0	-	69791434	69791434	0,0,0	4	133,200,91,74	0,9376,16327,17418	1	circRNA	ENSRNOT00000019283	ENSRNOT00000019283	13,12,11,10	9:69783841-69791434|9:69808926-69815619
9	79931342	79934169	circular_RNA/2	0	-	79931342	79931342	0,0,0	3	109,151,116	0,1232,2711	2	circRNA	ENSRNOT00000019685	ENSRNOT00000019685	7,6,5	9:79929511-79931342|9:79934169-79936020
9	93969419	93982481	circular_RNA/1	0	-	93969419	93969419	0,0,0	8	108,207,216,207,216,158,113,65	0,804,1648,1997,7823,9070,11444,12997	1	circRNA	ENSRNOT00000051155	ENSRNOT00000051155	9,8,7,6,5,4,3,2	9:93968351-93969419|9:93982481-94017925
9	104276244	104318095	circular_RNA/1	1	+	104276244	104276244	0,0,0	5	145,172,128,174,187	0,9968,23956,34732,41664	1	circRNA	ENSRNOT00000086682	ENSRNOT00000086682	3,4,5,6,7	9:104275681-104276244|9:104318095-104320763
9	104363389	104368843	circular_RNA/1	1	+	104363389	104363389	0,0,0	4	166,222,123,115	0,1545,2824,5339	1	circRNA	ENSRNOT00000020767	ENSRNOT00000020767	13,14,15,16	9:104334946-104363389|9:104368843-104383283
9	105629567	105660854	circular_RNA/3	0	-	105629567	105629567	0,0,0	7	148,143,201,147,69,148,138	0,2730,5402,9716,14031,20470,31149	3	circRNA	ENSRNOT00000017613	ENSRNOT00000017613	8,7,6,5,4,3,2	9:105604468-105629567|9:105660854-105687824
9	111318791	111348116	circular_RNA/3	0	-	111318791	111318791	0,0,0	13	145,120,78,114,83,11,126,73,59,153,95,33,142	0,9399,9922,14614,16377,17786,18078,19393,19528,20793,26402,29115,29183	3	circRNA	ENSRNOT00000019359	ENSRNOT00000019359	15,14,13,12,11,10,9,8,7,6,5,4,3	9:111308366-111318791|9:111348116-111348692
9	113229431	113241203	circular_RNA/5	1	+	113229431	113229431	0,0,0	7	273,100,99,104,150,141,180	0,4671,7966,8956,9151,11274,11592	5	circRNA	ENSRNOT00000086534	ENSRNOT00000086534	2,3,4,5,6,7,8	9:113200470-113229431|9:113241203-113252976
8	13154301	13157607	circular_RNA/3	1	-	13154301	13154301	0,0,0	1	3306	0	3	circRNA	ENSRNOT00000109404	ENSRNOT00000109404	2	8:13025309-13154301|8:13157607-13272869
8	21223256	21255514	circular_RNA/1	1	+	21223256	21223256	0,0,0	6	103,105,141,96,173,153	0,1960,12160,15960,25819,32105	1	circRNA	ENSRNOT00000092845	ENSRNOT00000092845	17,18,19,20,21,22	8:21218300-21223256|8:21255514-21356322
8	30567378	30624734	circular_RNA/1	1	+	30567378	30567378	0,0,0	7	85,87,138,93,123,78,82	0,17836,34245,36802,38043,39562,57274	1	circRNA	ENSRNOT00000099034	ENSRNOT00000099034	5,6,7,8,9,10,11	8:30567047-30567378|8:30624734-30658097
8	54038201	54046671	circular_RNA/3	0	-	54038201	54038201	0,0,0	4	94,81,146,142	0,6708,6871,8328	3	circRNA	ENSRNOT00000099521	ENSRNOT00000099521	8,7,6,5	8:54037215-54038201|8:54046671-54048440
8	54777266	54779274	circular_RNA/1	0	-	54777266	54777266	0,0,0	2	192,1070	0,938	1	circRNA	ENSRNOT00000066197	ENSRNOT00000066197	25,24	8:54775632-54777266|8:54779274-54781533
8	55544129	55553579	circular_RNA/1	1	+	55544129	55544129	0,0,0	5	57,141,85,61,91	0,4155,6756,8614,9359	1	circRNA	ENSRNOT00000019539	ENSRNOT00000019539	4,5,6,7,8	8:55536743-55544129|8:55553579-55558567
8	56179328	56209562	circular_RNA/1	0	-	56179328	56179328	0,0,0	10	108,153,82,143,156,141,112,118,76,171	0,637,2128,10591,11791,19015,27925,28254,29324,30063	1	circRNA	ENSRNOT00000009169	ENSRNOT00000009169	21,20,19,18,17,16,15,14,13,12	8:56144894-56179328|8:56209562-56220212
8	56198343	56209562	circular_RNA/3	0	-	56198343	56198343	0,0,0	5	141,112,118,76,171	0,8910,9239,10309,11048	3	circRNA	ENSRNOT00000009169	ENSRNOT00000009169	16,15,14,13,12	8:56191275-56198343|8:56209562-56220212
8	60022460	60023122	circular_RNA/1	1	+	60022460	60022460	0,0,0	1	662	0	1	ciRNA	ENSRNOT00000119643	ENSRNOT00000119643	5	8:60022460-60023122
8	61085174	61123900	circular_RNA/1	0	-	61085174	61085174	0,0,0	5	95,69,84,148,62	0,96,3975,15878,38664	1	circRNA	ENSRNOT00000109644	ENSRNOT00000109644	11,10,9,8,7	8:61069729-61085174|8:61123900-61141642
8	62559508	62579508	circular_RNA/3	1	-	62559508	62559508	0,0,0	3	246,599,94	0,1065,19906	3	circRNA	ENSRNOT00000038641	ENSRNOT00000038641	4,3,2	8:62549894-62559508|8:62579508-62611916
8	65347798	65362655	circular_RNA/5	1	+	65347798	65347798	0,0,0	5	131,332,250,70,170	0,3008,6370,12821,14687	5	circRNA	ENSRNOT00000016260	ENSRNOT00000016260	3,4,5,6,7	8:65347181-65347798|8:65362655-65363724
8	65368573	65396915	circular_RNA/1	1	+	65368573	65368573	0,0,0	12	67,59,145,176,101,219,146,134,136,207,129,142	0,1388,3644,4070,7854,12665,13769,25602,27127,27529,27824,28200	1	circRNA	ENSRNOT00000016260	ENSRNOT00000016260	9,10,11,12,13,14,15,16,17,18,19,20	8:65363966-65368573|8:65396915-65400981
8	66959441	66966314	circular_RNA/2	0	+	66959441	66959441	0,0,0	4	174,115,121,172	0,4240,4444,6701	2	circRNA	ENSRNOT00000089336	ENSRNOT00000089336	23,24,25,26	8:66956396-66959441|8:66966314-66969645
8	67010678	67020529	circular_RNA/2	1	+	67010678	67010678	0,0,0	2	161,117	0,9734	2	circRNA	ENSRNOT00000089336	ENSRNOT00000089336	44,45	8:67007914-67010678|8:67020529-67021022
8	68516038	68524124	circular_RNA/1	1	+	68516038	68516038	0,0,0	6	60,81,58,128,107,172	0,1813,2673,4778,6690,7914	1	circRNA	ENSRNOT00000057522	ENSRNOT00000057522	9,10,11,12,13,14	8:68513742-68516038|8:68524124-68532558
8	68516038	68537131	circular_RNA/1	1	+	68516038	68516038	0,0,0	9	60,81,58,128,107,172,63,127,95	0,1813,2673,4778,6690,7914,16520,20276,20998	1	circRNA	ENSRNOT00000057522	ENSRNOT00000057522	9,10,11,12,13,14,15,16,17	8:68513742-68516038|8:68537131-68540444
8	71230866	71234596	circular_RNA/4	0	+	71230866	71230866	0,0,0	2	2895,48	0,3682	4	circRNA	ENSRNOT00000113725	ENSRNOT00000113725	2,3	8:71216999-71230866|8:71234596-71242345
8	71242345	71254848	circular_RNA/3	1	+	71242345	71242345	0,0,0	11	28,469,50,119,150,104,164,86,164,181,125	0,1307,2401,4394,6409,7398,7616,8209,8757,11561,12378	3	circRNA	ENSRNOT00000113725	ENSRNOT00000113725	4,5,6,7,8,9,10,11,12,13,14	8:71234596-71242345|8:71254848-71256000
8	72517666	72534248	circular_RNA/1	1	-	72517666	72517666	0,0,0	8	207,72,77,79,65,145,140,106	0,950,2015,7784,14196,14585,15118,16476	1	circRNA	ENSRNOT00000081185	ENSRNOT00000081185	16,15,14,13,12,11,10,9	8:72506200-72517666|8:72534248-72563711
8	78001078	78062777	circular_RNA/6	0	-	78001078	78001078	0,0,0	7	129,45,45,60,84,66,1467	0,8812,18977,26825,27009,27174,60232	6	circRNA	ENSRNOT00000101165	ENSRNOT00000101165	10,9,8,7,6,5,4	8:77935397-78001078|8:78062777-78072695
8	78001078	78062852	circular_RNA/3	0	-	78001078	78001078	0,0,0	8	129,45,45,60,84,66,72,1542	0,8812,18977,26825,27009,27174,48316,60232	3	circRNA	ENSRNOT00000105297	ENSRNOT00000105297	11,10,9,8,7,6,5,4	8:77976046-78001078|8:78062852-78072695
8	78009890	78062852	circular_RNA/1	0	-	78009890	78009890	0,0,0	7	45,45,60,84,66,72,1542	0,10165,18013,18197,18362,39504,51420	1	circRNA	ENSRNOT00000105297	ENSRNOT00000105297	10,9,8,7,6,5,4	8:78001207-78009890|8:78062852-78072695
8	80776246	80780582	circular_RNA/1	1	-	80776246	80776246	0,0,0	2	58,2806	0,1530	1	circRNA	ENSRNOT00000081437	ENSRNOT00000081437	6,5	8:80767139-80776246|8:80780582-80805024
8	82798702	82824358	circular_RNA/2	1	+	82798702	82798702	0,0,0	2	246,539	0,25117	2	circRNA	ENSRNOT00000037530	ENSRNOT00000037530	2,3	8:82765802-82798702|8:82824358-82877098
8	87462241	87463245	circular_RNA/1	0	+	87462241	87462241	0,0,0	1	1004	0	1	ciRNA	ENSRNOT00000014783	ENSRNOT00000014783	8	8:87462241-87463246
8	96766109	96804877	circular_RNA/5	1	+	96766109	96766109	0,0,0	3	58,106,67	0,29659,38701	5	circRNA	ENSRNOT00000081204	ENSRNOT00000081204	2,3,4	8:96760752-96766109|8:96804877-96848705
8	110044045	110053229	circular_RNA/1	0	+	110044045	110044045	0,0,0	7	107,222,184,60,293,114,93	0,1065,4331,5240,5411,7541,9091	1	circRNA	ENSRNOT00000110699	ENSRNOT00000110699	10,11,12,13,14,15,16	8:110026257-110044045|8:110053229-110058207
Y	986946	994637	circular_RNA/5	1	-	986946	986946	0,0,0	4	206,106,130,734	0,912,2730,6957	5	circRNA	ENSRNOT00000119067	ENSRNOT00000119067	19,18,17,16	Y:969197-986946|Y:994637-1005660
11	33703456	33721965	circular_RNA/1	1	+	33703456	33703456	0,0,0	10	155,43,151,88,54,121,86,95,63,55	0,433,872,1425,3475,4203,6236,7754,8814,18454	1	circRNA	ENSRNOT00000065600	ENSRNOT00000065600	2,3,4,5,6,7,8,9,10,11	11:33689355-33703456|11:33721965-33726976
11	33704328	33711305	circular_RNA/1	1	+	33704328	33704328	0,0,0	6	151,88,54,121,86,95	0,553,2603,3331,5364,6882	1	circRNA	ENSRNOT00000065600	ENSRNOT00000065600	4,5,6,7,8,9	11:33703932-33704328|11:33711305-33712270
11	57117611	57125656	circular_RNA/2	0	-	57117611	57117611	0,0,0	4	188,164,49,100	0,553,5943,7945	2	circRNA	ENSRNOT00000081443	ENSRNOT00000081443	7,6,5,4	11:57085780-57117611|11:57125656-57230332
11	63936902	63957094	circular_RNA/1	1	-	63936902	63936902	0,0,0	7	110,179,100,94,130,163,112	0,2254,6783,10384,14539,19704,20080	1	circRNA	ENSRNOT00000100750	ENSRNOT00000100750	9,8,7,6,5,4,3	11:63935414-63936902|11:63957094-63959471
11	66780370	66787977	circular_RNA/2	1	+	66780370	66780370	0,0,0	6	28,172,122,132,165,79	0,705,2881,3641,5488,7528	2	circRNA	ENSRNOT00000114138	ENSRNOT00000114138	51,52,53,54,55,56	11:66765148-66780370|11:66787977-66790710
11	80398162	80398387	circular_RNA/1	1	-	80398162	80398162	0,0,0	1	225	0	1	ciRNA	ENSRNOT00000002321	ENSRNOT00000002321	10	11:80397806-80398387
11	80804914	80817238	circular_RNA/2	0	-	80804914	80804914	0,0,0	6	162,116,246,80,98,119	0,4283,5912,8974,10341,12205	2	circRNA	ENSRNOT00000064212	ENSRNOT00000064212	7,6,5,4,3,2	11:80799146-80804914|11:80817238-80829078
11	83623682	83637117	circular_RNA/3	1	+	83623682	83623682	0,0,0	6	117,94,89,73,260,67	0,2682,7839,8917,10218,13368	3	circRNA	ENSRNOT00000091117	ENSRNOT00000091117	2,3,4,5,6,7	11:83609393-83623682|11:83637117-83640567
10	2275961	2373054	circular_RNA/3	1	+	2275961	2275961	0,0,0	10	37,62,37,73,201,237,114,426,249,231	0,8033,32736,40469,51453,62765,65308,83236,85943,96862	3	circRNA	ENSRNOT00000061709	ENSRNOT00000061709	6,7,8,9,10,11,12,13,14,15	10:2259785-2275961|10:2373054-2378781
10	5057290	5106177	circular_RNA/4	0	-	5057290	5057290	0,0,0	9	133,232,114,54,175,124,106,149,134	0,14193,29491,32558,33785,37343,39205,43845,48753	4	circRNA	ENSRNOT00000105739	ENSRNOT00000105739	11,10,9,8,7,6,5,4,3	10:5054431-5057290|10:5106177-5109837
10	15324549	15337878	circular_RNA/4	1	-	15324549	15324549	0,0,0	2	44,91	0,13238	4	circRNA	ENSRNOT00000052292	ENSRNOT00000052292	3,2	10:15324434-15324549|10:15337878-15337993
10	28178627	28179571	circular_RNA/4	1	+	28178627	28178627	0,0,0	1	944	0	4	circRNA	ENSRNOT00000067013	ENSRNOT00000067013	2	10:28156138-28178627|10:28179571-28190155
10	34635231	34639933	circular_RNA/1	1	-	34635231	34635231	0,0,0	4	190,193,82,142	0,3165,4079,4560	1	circRNA	ENSRNOT00000049942	ENSRNOT00000049942	8,7,6,5	10:34632879-34635231|10:34639933-34641171
10	34700011	34700071	circular_RNA/1	1	+	34700011	34700011	0,0,0	1	60	0	1	circRNA	ENSRNOT00000059190	ENSRNOT00000059190	10	10:34699333-34700011|10:34700071-34700162
10	36571128	36571634	circular_RNA/2	1	+	36571128	36571128	0,0,0	1	506	0	2	circRNA	ENSRNOT00000008119	ENSRNOT00000008119	2	10:36564131-36571128|10:36571634-36574860
10	37549028	37564801	circular_RNA/1	1	+	37549028	37549028	0,0,0	11	49,55,38,163,918,89,241,95,64,137,72	0,3065,4175,4579,5439,8672,9783,14171,15157,15336,15701	1	circRNA	ENSRNOT00000009440	ENSRNOT00000009440	7,8,9,10,11,12,13,14,15,16,17	10:37546934-37549028|10:37564801-37566468
10	42304379	42316155	circular_RNA/1	0	-	42304379	42304379	0,0,0	8	255,211,120,148,138,99,123,114	0,1587,2207,6622,8794,9651,11421,11662	1	circRNA	ENSRNOT00000044299	ENSRNOT00000044299	24,23,22,21,20,19,18,17	10:42302596-42304379|10:42316155-42319027
10	46971832	46979917	circular_RNA/6	1	+	46971832	46971832	0,0,0	4	111,57,62,95	0,1225,1996,7990	6	circRNA	ENSRNOT00000057777	ENSRNOT00000057777	3,4,5,6	10:46970144-46971832|10:46979917-46994086
10	71844321	71867271	circular_RNA/1	0	-	71844321	71844321	0,0,0	7	60,134,90,119,27,46,136	0,4178,7326,7903,12748,20113,22814	1	circRNA	ENSRNOT00000109310	ENSRNOT00000109310	9,8,7,6,5,4,3	10:71842228-71844321|10:71867271-71872486
10	83266505	83271000	circular_RNA/1	1	+	83266505	83266505	0,0,0	3	103,112,94	0,742,4401	1	circRNA	ENSRNOT00000082668	ENSRNOT00000082668	15,16,17	10:83253382-83266505|10:83271000-83276799
10	89324560	89325932	circular_RNA/2	0	-	89324560	89324560	0,0,0	1	1372	0	2	circRNA	ENSRNOT00000089029	ENSRNOT00000089029	2	10:89282036-89324560|10:89325932-89366833
10	90192828	90212586	circular_RNA/3	0	+	90192828	90192828	0,0,0	5	168,96,93,111,137	0,12686,13920,18928,19621	3	circRNA	ENSRNOT00000066484	ENSRNOT00000066484	7,8,9,10,11	10:90182863-90192828|10:90212586-90214323
10	93731851	93738727	circular_RNA/1	1	+	93731851	93731851	0,0,0	2	63,150	0,6726	1	circRNA	ENSRNOT00000037067	ENSRNOT00000037067	22,23	10:93639909-93731851|10:93738727-93785538
13	21831300	21849382	circular_RNA/3	1	+	21831300	21831300	0,0,0	9	72,56,114,204,92,300,76,96,113	0,180,329,4973,5279,5941,8572,9677,17969	3	circRNA	ENSRNOT00000020892	ENSRNOT00000020892	3,4,5,6,7,8,9,10,11	13:21822817-21831300|13:21849382-21859632
13	39649949	39720910	circular_RNA/3	1	+	39649949	39649949	0,0,0	22	209,211,42,90,115,79,60,141,109,96,38,51,227,255,152,102,291,124,155,152,104,173	0,1568,10219,10793,16048,17034,22609,22752,26429,26633,29055,29176,29327,31786,34082,37985,40779,44232,58452,63296,68120,70788	3	circRNA	ENSRNOT00000005372	ENSRNOT00000005372	2,3,4,5,6,7,8,9,10,11,12,13,14,15,16,17,18,19,20,21,22,23	13:39596039-39649949|13:39720910-39727503
13	39665997	39708556	circular_RNA/1	1	+	39665997	39665997	0,0,0	15	115,79,60,141,109,96,38,51,227,255,152,102,291,124,155	0,986,6561,6704,10381,10585,13007,13128,13279,15738,18034,21937,24731,28184,42404	1	circRNA	ENSRNOT00000005372	ENSRNOT00000005372	6,7,8,9,10,11,12,13,14,15,16,17,18,19,20	13:39660832-39665997|13:39708556-39713245
13	67733401	67796015	circular_RNA/3	1	+	67733401	67733401	0,0,0	5	65,97,83,106,90	0,3027,36622,52037,62524	3	circRNA	ENSRNOT00000118888	ENSRNOT00000118888	2,3,4,5,6	13:67727506-67733401|13:67796015-67799900
13	68991858	69025416	circular_RNA/2	1	-	68991858	68991858	0,0,0	6	127,93,90,84,51,140	0,5204,6479,7113,25272,33418	2	circRNA	ENSRNOT00000116366	ENSRNOT00000116366	7,6,5,4,3,2	13:68957536-68991858|13:69025416-69056465
13	69017130	69025416	circular_RNA/2	1	-	69017130	69017130	0,0,0	2	51,140	0,8146	2	circRNA	ENSRNOT00000116366	ENSRNOT00000116366	3,2	13:68999055-69017130|13:69025416-69056465
13	69270955	69286181	circular_RNA/2	1	-	69270955	69270955	0,0,0	3	35,60,88	0,9816,15138	2	circRNA	ENSRNOT00000103896	ENSRNOT00000103896	19,18,17	13:69269638-69270955|13:69286181-69287498
13	73221963	73227262	circular_RNA/4	0	+	73221963	73221963	0,0,0	5	113,282,215,368,165	0,602,1362,4144,5134	4	circRNA	ENSRNOT00000003689	ENSRNOT00000003689	10,11,12,13,14	13:73220066-73221963|13:73227262-73230058
13	77634453	77654285	circular_RNA/2	0	-	77634453	77634453	0,0,0	8	89,157,139,42,322,69,116,118	0,1433,3035,7849,13949,14486,14980,19714	2	circRNA	ENSRNOT00000117589	ENSRNOT00000117589	18,17,16,15,14,13,12,11	13:77631446-77634453|13:77654285-77681931
13	88764706	88880455	circular_RNA/1	1	+	88764706	88764706	0,0,0	15	153,83,114,126,141,65,189,139,153,135,117,143,128,109,132	0,1490,4187,6399,12425,16167,16517,24480,33643,39697,42951,78659,106118,108270,115617	1	circRNA	ENSRNOT00000101789	ENSRNOT00000101789	2,3,4,5,6,7,8,9,10,11,12,13,14,15,16	13:88754818-88764706|13:88880455-88943745
13	88843365	88935679	circular_RNA/1	1	+	88843365	88843365	0,0,0	5	143,128,109,132,127	0,27459,29611,36958,92187	1	circRNA	ENSRNOT00000077995	ENSRNOT00000077995	13,14,15,16,17	13:88807774-88843365|13:88935679-88949581
13	88988998	89215907	circular_RNA/3	1	-	88988998	88988998	0,0,0	9	129,123,69,66,132,145,112,126,163	0,7908,45614,47027,70497,73746,85709,108138,226746	3	circRNA	ENSRNOT00000057879	ENSRNOT00000057879	10,9,8,7,6,5,4,3,2	13:88973026-88988998|13:89215907-89225449
13	106624422	106624608	circular_RNA/1	0	-	106624422	106624422	0,0,0	1	186	0	1	circRNA	ENSRNOT00000100405	ENSRNOT00000100405	9	13:106622069-106624422|13:106624608-106628398
12	6909384	6935098	circular_RNA/1	1	-	6909384	6909384	0,0,0	2	195,241	0,25473	1	circRNA	ENSRNOT00000085869	ENSRNOT00000085869	4,3	12:6814865-6909384|12:6935098-6939366
12	7535731	7576314	circular_RNA/1	0	-	7535731	7535731	0,0,0	5	148,162,71,67,122	0,24426,36494,38334,40461	1	circRNA	ENSRNOT00000044134	ENSRNOT00000044134	6,5,4,3,2	12:7503408-7535731|12:7576314-7594581
12	22354009	22356072	circular_RNA/2	1	+	22354009	22354009	0,0,0	3	193,38,78	0,869,1985	2	circRNA	ENSRNOT00000085696	ENSRNOT00000085696	25,26,27	12:22353478-22354009|12:22356072-22356584
12	22354878	22356777	circular_RNA/1	0	+	22354878	22354878	0,0,0	3	38,78,193	0,1116,1706	1	circRNA	ENSRNOT00000085696	ENSRNOT00000085696	26,27,28	12:22354202-22354878|12:22356777-22358451
12	22422022	22425904	circular_RNA/3	1	+	22422022	22422022	0,0,0	2	139,135	0,3747	3	circRNA	ENSRNOT00000092982	ENSRNOT00000092982	3,4	12:22420875-22422022|12:22425904-22428143
12	31995946	32005191	circular_RNA/1	0	-	31995946	31995946	0,0,0	6	66,139,127,197,101,200	0,2160,3848,4497,6142,9045	1	circRNA	ENSRNOT00000108577	ENSRNOT00000108577	9,8,7,6,5,4	12:31994376-31995946|12:32005191-32006063
12	39383341	39389001	circular_RNA/1	1	-	39383341	39383341	0,0,0	3	46,102,72	0,4329,5588	1	circRNA	ENSRNOT00000001503	ENSRNOT00000001503	5,4,3	12:39382295-39383341|12:39389001-39394026
15	848331	854079	circular_RNA/1	1	+	848331	848331	0,0,0	1	5748	0	1	ciRNA	ENSRNOT00000109865	ENSRNOT00000109865	17	15:848331-854554
15	5074445	5193173	circular_RNA/4	0	-	5074445	5074445	0,0,0	3	234,163,111	0,54887,118617	4	circRNA	ENSRNOT00000118786	ENSRNOT00000118786	5,4,3	15:5045513-5074445|15:5193173-5294358
15	8700511	8971690	circular_RNA/1	0	+	8700511	8700511	0,0,0	3	449,149,142	0,232208,271037	1	circRNA	ENSRNOT00000109623	ENSRNOT00000109623	2,3,4	15:8406594-8700511|15:8971690-9035416
15	12655411	12703217	circular_RNA/1	0	+	12655411	12655411	0,0,0	7	147,156,148,75,84,33,108	0,3534,7517,15691,16659,41296,47698	1	circRNA	ENSRNOT00000094787	ENSRNOT00000094787	23,24,25,26,27,28,29	15:12647148-12655411|15:12703217-12738602
15	24803493	24804027	circular_RNA/1	1	-	24803493	24803493	0,0,0	2	26,226	0,308	1	circRNA	ENSRNOT00000060515	ENSRNOT00000060515	3,2	15:24790574-24803493|15:24804027-24809058
15	31050608	31061382	circular_RNA/7	1	+	31050608	31050608	0,0,0	4	857,283,166,213	0,7491,9608,10561	7	circRNA	ENSRNOT00000011684	ENSRNOT00000011684	3,4,5,6	15:31037075-31050608|15:31061382-31070225
15	31070225	31097232	circular_RNA/5	1	+	31070225	31070225	0,0,0	16	72,151,116,117,157,173,26,146,35,130,116,172,126,95,169,152	0,1054,1868,5114,7235,11216,11512,14831,15013,18410,19724,20555,22935,24521,26173,26855	5	circRNA	ENSRNOT00000011684	ENSRNOT00000011684	7,8,9,10,11,12,13,14,15,16,17,18,19,20,21,22	15:31061382-31070225|15:31097232-31102714
15	99216572	99249934	circular_RNA/3	1	+	99216572	99216572	0,0,0	11	68,94,80,109,133,120,58,160,152,112,172	0,2535,19616,20622,22475,24083,26436,28050,28928,30109,33190	3	circRNA	ENSRNOT00000113532	ENSRNOT00000113532	2,3,4,5,6,7,8,9,10,11,12	15:99201891-99216572|15:99249934-99253370
14	17836357	17840973	circular_RNA/1	1	+	17836357	17836357	0,0,0	4	172,448,156,150	0,979,1993,4466	1	circRNA	ENSRNOT00000112709	ENSRNOT00000112709	25,26,27,28	14:17831443-17836357|14:17840973-17845560
14	19019376	19026585	circular_RNA/3	1	-	19019376	19019376	0,0,0	2	180,161	0,7048	3	circRNA	ENSRNOT00000004391	ENSRNOT00000004391	6,5	14:18983386-19019376|14:19026585-19037513
14	33640278	33674370	circular_RNA/5	1	-	33640278	33640278	0,0,0	11	157,94,108,110,131,108,65,104,58,40,45	0,1376,7841,15579,23662,24379,25078,27949,29037,33919,34047	5	circRNA	ENSRNOT00000113872	ENSRNOT00000113872	12,11,10,9,8,7,6,5,4,3,2	14:33629360-33640278|14:33674370-33675417
14	34670587	34703758	circular_RNA/3	0	-	34670587	34670587	0,0,0	7	109,92,71,92,115,40,71	0,9875,12980,22373,24974,32889,33100	3	circRNA	ENSRNOT00000065458	ENSRNOT00000065458	8,7,6,5,4,3,2	14:34658426-34670587|14:34703758-34723120
14	37417874	37452994	circular_RNA/3	1	+	37417874	37417874	0,0,0	7	149,68,221,83,138,153,212	0,15208,25815,27629,31927,32188,34908	3	circRNA	ENSRNOT00000003240	ENSRNOT00000003240	2,3,4,5,6,7,8	14:37396496-37417874|14:37452994-37467144
14	43157601	43169803	circular_RNA/4	1	-	43157601	43157601	0,0,0	3	187,213,197	0,7472,12005	4	circRNA	ENSRNOT00000100139	ENSRNOT00000100139	5,4,3	14:43153571-43157601|14:43169803-43171006
14	59495686	59497473	circular_RNA/1	0	+	59495686	59495686	0,0,0	3	916,105,121	0,1408,1666	1	circRNA	ENSRNOT00000116869	ENSRNOT00000116869	9,10,11	14:59482320-59495686|14:59497473-59507353
14	65306295	65358000	circular_RNA/2	1	+	65306295	65306295	0,0,0	4	66,80,130,252	0,17863,18870,51453	2	circRNA	ENSRNOT00000101649	ENSRNOT00000101649	2,3,4,5	14:65271689-65306295|14:65358000-65369201
14	96143618	96229682	circular_RNA/2	0	-	96143618	96143618	0,0,0	10	125,108,148,144,885,49,179,205,238,123	0,3655,9107,30082,35766,40605,41234,72486,81335,85941	2	circRNA	ENSRNOT00000012131	ENSRNOT00000012131	18,17,16,15,14,13,12,11,10,9	14:96141320-96143618|14:96229682-96230257
14	97304129	97338857	circular_RNA/2	0	+	97304129	97304129	0,0,0	6	88,421,51,150,68,193	0,15775,25951,26144,30921,34535	2	circRNA	ENSRNOT00000094041	ENSRNOT00000094041	2,3,4,5,6,7	14:97286099-97304129|14:97338857-97340652
14	97655270	97665155	circular_RNA/1	1	+	97655270	97655270	0,0,0	5	46,65,86,126,57	0,1559,3686,4592,9828	1	circRNA	ENSRNOT00000083763	ENSRNOT00000083763	8,9,10,11,12	14:97654739-97655270|14:97665155-97666157
14	103153090	103178192	circular_RNA/8	1	+	103153090	103153090	0,0,0	6	70,59,84,141,173,82	0,2278,6358,7476,19707,25020	8	circRNA	ENSRNOT00000095959	ENSRNOT00000095959	4,5,6,7,8,9	14:103135253-103153090|14:103178192-103185984
14	103226433	103242631	circular_RNA/2	1	+	103226433	103226433	0,0,0	7	278,144,187,146,93,215,204	0,492,3541,8019,11093,11308,15994	2	circRNA	ENSRNOT00000095959	ENSRNOT00000095959	20,21,22,23,24,25,26	14:103224559-103226433|14:103242631-103243345
17	5177077	5192799	circular_RNA/1	1	+	5177077	5177077	0,0,0	6	98,117,692,84,87,149	0,4166,8047,14093,15405,15573	1	circRNA	ENSRNOT00000091370	ENSRNOT00000091370	14,15,16,17,18,19	17:5169786-5177077|17:5192799-5204536
17	5181243	5192799	circular_RNA/1	1	+	5181243	5181243	0,0,0	5	117,692,84,87,149	0,3881,9927,11239,11407	1	circRNA	ENSRNOT00000091370	ENSRNOT00000091370	15,16,17,18,19	17:5177175-5181243|17:5192799-5204536
17	9073341	9089702	circular_RNA/1	1	+	9073341	9073341	0,0,0	6	61,243,232,388,184,240	0,9022,10783,11988,15081,16121	1	circRNA	ENSRNOT00000017349	ENSRNOT00000017349	2,3,4,5,6,7	17:9068193-9073341|17:9089702-9094994
17	9383237	9400537	circular_RNA/5	0	-	9383237	9383237	0,0,0	3	2551,173,136	0,8352,17164	5	circRNA	ENSRNOT00000060928	ENSRNOT00000060928	5,4,3	17:9368814-9383237|17:9400537-9422382
17	17983057	17989499	circular_RNA/1	1	+	17983057	17983057	0,0,0	4	223,249,140,129	0,5002,6091,6313	1	circRNA	ENSRNOT00000115610	ENSRNOT00000115610	2,3,4,5	17:17972864-17983057|17:17989499-17996226
17	51606403	51609444	circular_RNA/2	1	+	51606403	51606403	0,0,0	2	37,755	0,2286	2	circRNA	ENSRNOT00000024022	ENSRNOT00000024022	2,3	17:51588980-51606403|17:51609444-51661893
17	58734043	58748998	circular_RNA/1	0	+	58734043	58734043	0,0,0	5	193,217,105,104,84	0,1895,3557,8747,14871	1	circRNA	ENSRNOT00000023601	ENSRNOT00000023601	21,22,23,24,25	17:58729034-58734043|17:58748998-58756433
17	71658653	71685787	circular_RNA/2	1	+	71658653	71658653	0,0,0	5	135,80,159,64,135	0,7991,11749,15395,26999	2	circRNA	ENSRNOT00000093949	ENSRNOT00000093949	6,7,8,9,10	17:71649468-71658653|17:71685787-71710667
17	80978097	81026139	circular_RNA/3	1	-	80978097	80978097	0,0,0	6	120,164,91,94,98,166	0,27060,36158,45680,46617,47876	3	circRNA	ENSRNOT00000000162	ENSRNOT00000000162	9,8,7,6,5,4	17:80962046-80978097|17:81026139-81032833
17	81005157	81026139	circular_RNA/1	1	-	81005157	81005157	0,0,0	5	164,91,94,98,166	0,9098,18620,19557,20816	1	circRNA	ENSRNOT00000000162	ENSRNOT00000000162	8,7,6,5,4	17:80978217-81005157|17:81026139-81032833
17	85293739	85307890	circular_RNA/2	1	+	85293739	85293739	0,0,0	6	163,99,110,151,84,83	0,1789,4991,9382,11587,14068	2	circRNA	ENSRNOT00000023395	ENSRNOT00000023395	3,4,5,6,7,8	17:85291637-85293739|17:85307890-85309994
17	85381493	85401064	circular_RNA/2	1	+	85381493	85381493	0,0,0	2	75,49	0,19522	2	circRNA	ENSRNOT00000111564	ENSRNOT00000111564	5,6	17:85354067-85381493|17:85401064-85429315
16	2639296	2652276	circular_RNA/1	1	+	2639296	2639296	0,0,0	6	73,72,702,368,145,929	0,159,1530,4557,6275,12051	1	circRNA	ENSRNOT00000104649	ENSRNOT00000104649	12,13,14,15,16,17	16:2628072-2639296|16:2652276-2655738
16	6236586	6248304	circular_RNA/1	1	+	6236586	6236586	0,0,0	6	99,86,96,92,214,142	0,4011,4722,5735,9359,11576	1	circRNA	ENSRNOT00000096494	ENSRNOT00000096494	10,11,12,13,14,15	16:6234871-6236586|16:6248304-6249558
16	6268679	6287044	circular_RNA/3	1	+	6268679	6268679	0,0,0	6	212,186,158,264,146,158	0,10738,12200,12911,15853,18207	3	circRNA	ENSRNOT00000096494	ENSRNOT00000096494	20,21,22,23,24,25	16:6262610-6268679|16:6287044-6296597
16	10049237	10050548	circular_RNA/2	1	+	10049237	10049237	0,0,0	3	153,137,112	0,390,1199	2	circRNA	ENSRNOT00000078390	ENSRNOT00000078390	6,7,8	16:10047216-10049237|16:10050548-10054134
16	43783409	43831950	circular_RNA/1	1	+	43783409	43783409	0,0,0	3	235,239,123	0,23822,48418	1	circRNA	ENSRNOT00000094358	ENSRNOT00000094358	13,14,15	16:43558081-43783409|16:43831950-43850033
16	66431063	66431803	circular_RNA/5	1	-	66431063	66431063	0,0,0	1	740	0	5	circRNA	ENSRNOT00000113020	ENSRNOT00000113020	2	16:66422473-66431063|16:66431803-66464267
16	77702249	77728480	circular_RNA/4	0	-	77702249	77702249	0,0,0	7	123,96,95,89,202,131,85	0,5092,5412,12888,21365,24668,26146	4	circRNA	ENSRNOT00000043449	ENSRNOT00000043449	10,9,8,7,6,5,4	16:77698237-77702249|16:77728480-77749795
19	9557405	9584883	circular_RNA/3	1	+	9557405	9557405	0,0,0	7	112,102,51,60,84,111,102	0,9923,13698,21616,26043,26774,27376	3	circRNA	ENSRNOT00000016386	ENSRNOT00000016386	2,3,4,5,6,7,8	19:9556699-9557405|19:9584883-9587014
19	15978483	16003013	circular_RNA/3	1	-	15978483	15978483	0,0,0	12	104,90,160,200,197,111,180,168,196,211,256,144	0,5755,6448,10563,11213,13310,15572,16392,20359,22661,24038,24386	3	circRNA	ENSRNOT00000075991	ENSRNOT00000075991	25,24,23,22,21,20,19,18,17,16,15,14	19:15977540-15978483|19:16003013-16005231
19	18906890	18908670	circular_RNA/4	0	-	18906890	18906890	0,0,0	4	137,83,158,91	0,1132,1412,1689	4	circRNA	ENSRNOT00000020793	ENSRNOT00000020793	11,10,9,8	19:18903043-18906890|19:18908670-18915395
19	24019624	24022765	circular_RNA/2	0	+	24019624	24019624	0,0,0	5	73,134,112,173,123	0,857,1414,1610,3018	2	circRNA	ENSRNOT00000045180	ENSRNOT00000045180	11,12,13,14,15	19:24019555-24019624|19:24022765-24022846
19	55384953	55395460	circular_RNA/1	1	+	55384953	55384953	0,0,0	5	126,383,140,129,39	0,1308,6085,8122,10468	1	circRNA	ENSRNOT00000105322	ENSRNOT00000105322	8,9,10,11,12	19:55374175-55384953|19:55395460-55404579
18	13624233	13700853	circular_RNA/2	1	+	13624233	13624233	0,0,0	7	83,109,109,122,118,120,164	0,33931,35491,52138,63678,64933,76456	2	circRNA	ENSRNOT00000020661	ENSRNOT00000020661	2,3,4,5,6,7,8	18:13594038-13624233|18:13700853-13745605
18	23295820	23296449	circular_RNA/2	1	+	23295820	23295820	0,0,0	3	148,91,108	0,245,521	2	circRNA	ENSRNOT00000022761	ENSRNOT00000022761	8,9,10	18:23284101-23295820|18:23296449-23305999
18	28232531	28232930	circular_RNA/3	1	+	28232531	28232531	0,0,0	2	146,112	0,287	3	circRNA	ENSRNOT00000109205	ENSRNOT00000109205	16,17	18:28225534-28232531|18:28232930-28233593
18	30952173	30976860	circular_RNA/1	1	+	30952173	30952173	0,0,0	8	96,62,72,102,111,105,130,101	0,1862,5340,13962,15458,21365,22807,24586	1	circRNA	ENSRNOT00000090882	ENSRNOT00000090882	2,3,4,5,6,7,8,9	18:30839144-30952173|18:30976860-30981851
18	31276851	31292959	circular_RNA/3	0	-	31276851	31276851	0,0,0	6	158,131,145,276,117,167	0,4523,8052,9123,11738,15941	3	circRNA	ENSRNOT00000044287	ENSRNOT00000044287	7,6,5,4,3,2	18:31275762-31276851|18:31292959-31358481
18	34317556	34322626	circular_RNA/3	1	+	34317556	34317556	0,0,0	4	154,297,144,120	0,1163,3189,4950	3	circRNA	ENSRNOT00000036613	ENSRNOT00000036613	12,13,14,15	18:34316868-34317556|18:34322626-34323771
18	55872990	55885354	circular_RNA/2	1	+	55872990	55872990	0,0,0	2	154,569	0,11795	2	circRNA	ENSRNOT00000114436	ENSRNOT00000114436	5,6	18:55858278-55872990|18:55885354-55890184
18	57245917	57248302	circular_RNA/4	1	+	57245917	57245917	0,0,0	2	770,89	0,2296	4	circRNA	ENSRNOT00000105714	ENSRNOT00000105714	15,16	18:57228956-57245917|18:57248302-57263370
18	59158983	59175930	circular_RNA/1	1	+	59158983	59158983	0,0,0	4	182,177,163,282	0,4839,11848,16665	1	circRNA	ENSRNOT00000082403	ENSRNOT00000082403	3,4,5,6	18:59146500-59158983|18:59175930-59197150
18	61587970	61589667	circular_RNA/1	1	+	61587970	61587970	0,0,0	2	89,127	0,1570	1	circRNA	ENSRNOT00000113866	ENSRNOT00000113866	2,3	18:61521636-61587970|18:61589667-61646459
18	64932417	64954639	circular_RNA/5	1	-	64932417	64932417	0,0,0	4	117,227,163,66	0,5071,15389,22156	5	circRNA	ENSRNOT00000064947	ENSRNOT00000064947	25,24,23,22	18:64917239-64932417|18:64954639-64973601
18	72303063	72306511	circular_RNA/1	1	-	72303063	72303063	0,0,0	1	3448	0	1	circRNA	ENSRNOT00000021717	ENSRNOT00000021717	3	18:72227007-72303063|18:72306511-72529037
