X	21821484	21826594	circular_RNA/1	0	-	21821484	21821484	0,0,0	3	163,546,192	0,1725,4918	1	circRNA	ENSRNOT00000104025	ENSRNOT00000104025	7,6,5	X:21817024-21821484|X:21826594-21853538
X	47478487	47868131	circular_RNA/1	1	+	47478487	47478487	0,0,0	8	62,93,78,93,173,119,182,132	0,199220,204517,220601,226677,301915,388221,389512	1	circRNA	ENSRNOT00000035692	ENSRNOT00000035692	2,3,4,5,6,7,8,9	X:47272598-47478487|X:47868131-47943862
X	70901340	70909760	circular_RNA/2	0	-	70901340	70901340	0,0,0	7	178,147,110,142,222,103,94	0,315,1108,1999,6027,6941,8326	2	circRNA	ENSRNOT00000087977	ENSRNOT00000087977	19,18,17,16,15,14,13	X:70895988-70901340|X:70909760-70912321
X	70929946	70955313	circular_RNA/1	0	-	70929946	70929946	0,0,0	8	3029,68,110,114,125,45,28,113	0,3918,5504,9748,12656,13503,13581,25254	1	circRNA	ENSRNOT00000087977	ENSRNOT00000087977	9,8,7,6,5,4,3,2	X:70923675-70929946|X:70955313-70956116
X	76654286	76664695	circular_RNA/3	0	-	76654286	76654286	0,0,0	2	1110,147	0,10262	3	circRNA	ENSRNOT00000057378	ENSRNOT00000057378	5,4	X:76643654-76654286|X:76664695-76666456
X	96810285	96865918	circular_RNA/4	0	-	96810285	96810285	0,0,0	3	173,59,328	0,7633,55305	4	circRNA	ENSRNOT00000064458	ENSRNOT00000064458	4,3,2	X:96773395-96810285|X:96865918-96869621
X	107287886	107330661	circular_RNA/3	1	+	107287886	107287886	0,0,0	7	202,101,154,38,132,166,64	0,15871,21325,22307,33634,35866,42711	3	circRNA	ENSRNOT00000006459	ENSRNOT00000006459	2,3,4,5,6,7,8	X:107260930-107287886|X:107330661-107349585
X	116340232	116342891	circular_RNA/5	0	-	116340232	116340232	0,0,0	2	161,183	0,2476	5	circRNA	ENSRNOT00000032618	ENSRNOT00000032618	8,7	X:116339413-116340232|X:116342891-116343295
X	117292687	117303270	circular_RNA/1	1	-	117292687	117292687	0,0,0	10	153,173,106,114,108,86,111,105,193,119	0,2326,3671,4587,5688,6970,7802,8511,9633,10464	1	circRNA	ENSRNOT00000099962	ENSRNOT00000099962	19,18,17,16,15,14,13,12,11,10	X:117289600-117292687|X:117303270-117303680
X	120643018	120646857	circular_RNA/2	0	-	120643018	120643018	0,0,0	5	46,77,161,70,138	0,523,3064,3308,3701	2	circRNA	ENSRNOT00000081880	ENSRNOT00000081880	38,37,36,35,34	X:120637800-120643018|X:120646857-120651153
20	13369802	13398140	circular_RNA/1	0	-	13369802	13369802	0,0,0	8	103,157,84,91,92,164,176,74	0,4798,7391,16821,21329,22729,27063,28264	1	circRNA	ENSRNOT00000103283	ENSRNOT00000103283	13,12,11,10,9,8,7,6	20:13342987-13369802|20:13398140-13408132
20	25988617	26009718	circular_RNA/3	0	+	25988617	25988617	0,0,0	5	114,279,1264,184,98	0,1910,3716,18680,21003	3	circRNA	ENSRNOT00000047000	ENSRNOT00000047000	2,3,4,5,6	20:25967752-25988617|20:26009718-26024712
20	26951388	26975390	circular_RNA/1	1	+	26951388	26951388	0,0,0	2	276,96	0,23906	1	circRNA	ENSRNOT00000072485	ENSRNOT00000072485	2,3	20:26765860-26951388|20:26975390-27009290
20	43238835	43254082	circular_RNA/12	1	+	43238835	43238835	0,0,0	5	126,193,112,116,119	0,5188,7350,9030,15128	12	circRNA	ENSRNOT00000057227	ENSRNOT00000057227	16,17,18,19,20	20:43237445-43238835|20:43254082-43256326
20	43244023	43272557	circular_RNA/3	1	+	43244023	43244023	0,0,0	11	193,112,116,119,119,142,245,109,207,110,115	0,2162,3842,9940,12303,15162,15697,17040,21316,24015,28419	3	circRNA	ENSRNOT00000057227	ENSRNOT00000057227	17,18,19,20,21,22,23,24,25,26,27	20:43238961-43244023|20:43272557-43276563
20	45162504	45187997	circular_RNA/1	1	-	45162504	45162504	0,0,0	8	128,193,204,133,113,162,102,153	0,1625,11311,11864,12704,19826,23510,25340	1	circRNA	ENSRNOT00000106507	ENSRNOT00000106507	16,15,14,13,12,11,10,9	20:45154976-45162504|20:45187997-45192866
1	20509796	20511739	circular_RNA/1	0	-	20509796	20509796	0,0,0	3	246,146,144	0,1191,1799	1	circRNA	ENSRNOT00000104432	ENSRNOT00000104432	13,12,11	1:20508354-20509796|1:20511739-20513091
1	26079312	26093015	circular_RNA/2	1	+	26079312	26079312	0,0,0	2	234,165	0,13538	2	circRNA	ENSRNOT00000017831	ENSRNOT00000017831	2,3	1:26017089-26079312|1:26093015-26103932
1	34688640	34750295	circular_RNA/1	1	+	34688640	34688640	0,0,0	11	112,128,159,133,177,44,81,70,98,85,138	0,2756,4299,5409,7134,10184,13705,20443,23235,43889,61517	1	circRNA	ENSRNOT00000047627	ENSRNOT00000047627	6,7,8,9,10,11,12,13,14,15,16	1:34683782-34688640|1:34750295-34756410
1	62648751	62651946	circular_RNA/3	0	-	62648751	62648751	0,0,0	2	127,92	0,3103	3	circRNA	ENSRNOT00000107376	ENSRNOT00000107376	4,3	1:62635565-62648751|1:62651946-62681523
1	77122582	77123204	circular_RNA/1	0	+	77122582	77122582	0,0,0	2	220,111	0,511	1	circRNA	ENSRNOT00000103346	ENSRNOT00000103346	5,6	1:77109272-77122582|1:77123204-77125797
1	88267654	88277733	circular_RNA/1	1	+	88267654	88267654	0,0,0	9	155,60,54,66,77,122,79,133,93	0,1021,1164,1300,1653,3009,4201,5407,9986	1	circRNA	ENSRNOT00000077993	ENSRNOT00000077993	5,6,7,8,9,10,11,12,13	1:88266534-88267654|1:88277733-88279421
1	95444099	95444973	circular_RNA/1	1	-	95444099	95444099	0,0,0	2	153,135	0,739	1	circRNA	ENSRNOT00000035908	ENSRNOT00000035908	16,15	1:95443587-95444099|1:95444973-95445483
1	110121458	110139891	circular_RNA/2	1	+	110121458	110121458	0,0,0	8	87,284,1247,145,206,165,156,74	0,1671,5584,14310,15897,16711,18104,18359	2	circRNA	ENSRNOT00000108441	ENSRNOT00000108441	3,4,5,6,7,8,9,10	1:110091341-110121458|1:110139891-110153395
1	110467521	110477824	circular_RNA/1	1	-	110467521	110467521	0,0,0	2	96,147	0,10156	1	circRNA	ENSRNOT00000111921	ENSRNOT00000111921	3,2	1:110465132-110467521|1:110477824-110480299
1	111237369	111237460	circular_RNA/1	1	-	111237369	111237369	0,0,0	1	91	0	1	circRNA	ENSRNOT00000096548	ENSRNOT00000096548	2	1:111208513-111237369|1:111237460-111241719
1	141321053	141543144	circular_RNA/1	1	+	141321053	141321053	0,0,0	3	144,856,250	0,6158,221841	1	circRNA	ENSRNOT00000050639	ENSRNOT00000050639	3,4,5	1:141313265-141321053|1:141543144-141735118
1	153365872	153405932	circular_RNA/2	0	-	153365872	153365872	0,0,0	4	83,75,162,35	0,20587,29779,40025	2	circRNA	ENSRNOT00000022176	ENSRNOT00000022176	6,5,4,3	1:153317594-153365872|1:153405932-153416241
1	154979161	154987212	circular_RNA/1	1	+	154979161	154979161	0,0,0	4	59,1381,112,94	0,1570,5055,7957	1	circRNA	ENSRNOT00000106849	ENSRNOT00000106849	2,3,4,5	1:154958467-154979161|1:154987212-154992665
1	156537151	156546569	circular_RNA/2	0	-	156537151	156537151	0,0,0	3	117,188,134	0,5766,9284	2	circRNA	ENSRNOT00000027575	ENSRNOT00000027575	15,14,13	1:156534058-156537151|1:156546569-156552180
1	166196490	166217529	circular_RNA/1	1	+	166196490	166196490	0,0,0	11	150,96,153,168,132,77,56,113,105,208,116	0,6033,6214,9349,14067,14688,15450,17625,18421,19174,20923	1	circRNA	ENSRNOT00000065712	ENSRNOT00000065712	8,9,10,11,12,13,14,15,16,17,18	1:166194252-166196490|1:166217529-166219109
1	170659832	170660961	circular_RNA/2	1	-	170659832	170659832	0,0,0	1	1129	0	2	circRNA	ENSRNOT00000055120	ENSRNOT00000055120	3	1:170641800-170659832|1:170660961-170682623
1	177523167	177525785	circular_RNA/2	0	+	177523167	177523167	0,0,0	5	104,338,97,79,55	0,229,2166,2392,2563	2	circRNA	ENSRNOT00000035770	ENSRNOT00000035770	9,10,11,12,13	1:177522146-177523167|1:177525785-177528193
1	201638333	201679021	circular_RNA/1	1	-	201638333	201638333	0,0,0	11	395,127,116,154,94,107,179,47,79,139,95	0,2798,5406,6329,7801,8315,10988,15089,15521,16511,40593	1	circRNA	ENSRNOT00000054850	ENSRNOT00000054850	12,11,10,9,8,7,6,5,4,3,2	1:201627454-201638333|1:201679021-201680453
1	213963345	213966513	circular_RNA/2	0	-	213963345	213963345	0,0,0	4	147,105,396,283	0,254,764,2885	2	circRNA	ENSRNOT00000102736	ENSRNOT00000102736	50,49,48,47	1:213957382-213963345|1:213966513-213971087
1	214044211	214094552	circular_RNA/1	0	-	214044211	214044211	0,0,0	17	139,118,133,137,115,187,143,95,130,63,172,107,128,58,81,60,60	0,2033,3266,6554,19567,19767,27390,27820,29032,29605,31389,33859,34148,41690,47873,48214,50281	1	circRNA	ENSRNOT00000102736	ENSRNOT00000102736	23,22,21,20,19,18,17,16,15,14,13,12,11,10,9,8,7	1:214037702-214044211|1:214094552-214103049
1	235351891	235387765	circular_RNA/3	0	+	235351891	235351891	0,0,0	13	205,156,69,84,47,121,72,98,106,110,112,135,180	0,2254,5896,7669,8969,9145,11345,13795,18992,21472,23217,24252,35694	3	circRNA	ENSRNOT00000094089	ENSRNOT00000094089	6,7,8,9,10,11,12,13,14,15,16,17,18	1:235347221-235351891|1:235387765-235412611
1	240043560	240075097	circular_RNA/2	0	-	240043560	240043560	0,0,0	10	69,140,131,95,167,132,78,161,123,196	0,2470,7832,10595,14430,16248,21708,22905,24132,31341	2	circRNA	ENSRNOT00000018043	ENSRNOT00000018043	11,10,9,8,7,6,5,4,3,2	1:240039573-240043560|1:240075097-240084156
1	240357829	240367244	circular_RNA/3	1	+	240357829	240357829	0,0,0	3	133,288,94	0,6432,9321	3	circRNA	ENSRNOT00000114892	ENSRNOT00000114892	5,6,7	1:240341241-240357829|1:240367244-240391052
1	254954404	254964909	circular_RNA/1	0	+	254954404	254954404	0,0,0	6	133,103,87,126,160,108	0,2119,4146,9114,9834,10397	1	circRNA	ENSRNOT00000096775	ENSRNOT00000096775	5,6,7,8,9,10	1:254860597-254954404|1:254964909-254969203
1	256692382	256732501	circular_RNA/1	1	+	256692382	256692382	0,0,0	9	84,114,129,209,175,88,256,184,155	0,1157,9360,13110,20589,22531,24408,27197,39964	1	circRNA	ENSRNOT00000023414	ENSRNOT00000023414	2,3,4,5,6,7,8,9,10	1:256671265-256692382|1:256732501-256741474
1	256692382	256705701	circular_RNA/2	1	+	256692382	256692382	0,0,0	4	84,114,129,209	0,1157,9360,13110	2	circRNA	ENSRNOT00000023414	ENSRNOT00000023414	2,3,4,5	1:256671265-256692382|1:256705701-256712971
1	256790684	256842267	circular_RNA/1	1	+	256790684	256790684	0,0,0	6	94,53,95,79,158,62	0,8238,19275,21148,22672,51521	1	circRNA	ENSRNOT00000023414	ENSRNOT00000023414	20,21,22,23,24,25	1:256773648-256790684|1:256842267-256860031
1	258147914	258190707	circular_RNA/1	0	-	258147914	258147914	0,0,0	11	54,110,83,100,154,147,95,82,98,169,95	0,4295,11935,16763,20250,23093,29270,33277,35701,38990,42698	1	circRNA	ENSRNOT00000064463	ENSRNOT00000064463	13,12,11,10,9,8,7,6,5,4,3	1:258142925-258147914|1:258190707-258199542
3	2237077	2237161	circular_RNA/1	1	+	2237077	2237077	0,0,0	1	84	0	1	ciRNA	ENSRNOT00000112407	ENSRNOT00000112407	1	3:2237077-2237811
3	15661156	15662891	circular_RNA/1	1	+	15661156	15661156	0,0,0	2	72,230	0,1505	1	circRNA	ENSRNOT00000064792	ENSRNOT00000064792	4,5	3:15659745-15661156|3:15662891-15665875
3	17517776	17536278	circular_RNA/1	1	-	17517776	17517776	0,0,0	3	136,191,242	0,7297,18260	1	circRNA	ENSRNOT00000029600	ENSRNOT00000029600	5,4,3	3:17495535-17517776|3:17536278-17681208
3	17741316	17753437	circular_RNA/7	1	+	17741316	17741316	0,0,0	3	328,90,149	0,2878,11972	7	circRNA	ENSRNOT00000023889	ENSRNOT00000023889	2,3,4	3:17716250-17741316|3:17753437-17802412
3	21231999	21247564	circular_RNA/2	1	+	21231999	21231999	0,0,0	9	199,223,205,148,158,111,67,103,170	0,2826,3835,6098,7566,10962,11397,13519,15395	2	circRNA	ENSRNOT00000013378	ENSRNOT00000013378	2,3,4,5,6,7,8,9,10	3:21208198-21231999|3:21247564-21256022
3	33691213	33693903	circular_RNA/1	1	+	33691213	33691213	0,0,0	2	1017,221	0,2469	1	circRNA	ENSRNOT00000092907	ENSRNOT00000092907	12,13	3:33678368-33691213|3:33693903-33698316
3	36714435	36726015	circular_RNA/2	0	-	36714435	36714435	0,0,0	8	312,108,105,204,312,108,105,204	0,1394,2902,3305,5309,7788,10822,11376	2	circRNA	ENSRNOT00000094669	ENSRNOT00000094669	69,68,67,66,65,64,63,62	3:36714010-36714435|3:36726015-36726411
3	53010069	53073730	circular_RNA/1	0	-	53010069	53010069	0,0,0	9	68,63,30,123,66,49,134,102,110	0,1928,7219,7342,53844,54026,60879,63121,63551	1	circRNA	ENSRNOT00000037133	ENSRNOT00000037133	14,13,12,11,10,9,8,7,6	3:52968249-53010069|3:53073730-53101142
3	53063913	53073730	circular_RNA/2	0	-	53063913	53063913	0,0,0	5	66,49,134,102,110	0,182,7035,9277,9707	2	circRNA	ENSRNOT00000037133	ENSRNOT00000037133	10,9,8,7,6	3:53017534-53063913|3:53073730-53101142
3	57018711	57046431	circular_RNA/1	0	+	57018711	57018711	0,0,0	9	54,107,122,184,85,61,77,147,116	0,368,3328,5059,22670,23233,24971,25389,27604	1	circRNA	ENSRNOT00000010630	ENSRNOT00000010630	7,8,9,10,11,12,13,14,15	3:56985199-57018711|3:57046431-57051476
3	57815991	57847776	circular_RNA/1	0	-	57815991	57815991	0,0,0	3	197,193,1360	0,5415,30425	1	circRNA	ENSRNOT00000103163	ENSRNOT00000103163	6,5,4	3:57813827-57815991|3:57847776-57854981
3	57821406	57847776	circular_RNA/4	0	-	57821406	57821406	0,0,0	2	193,1360	0,25010	4	circRNA	ENSRNOT00000103163	ENSRNOT00000103163	5,4	3:57816188-57821406|3:57847776-57854981
3	57846416	57847776	circular_RNA/4	0	-	57846416	57846416	0,0,0	1	1360	0	4	circRNA	ENSRNOT00000103163	ENSRNOT00000103163	4	3:57821599-57846416|3:57847776-57854981
3	58746931	58752442	circular_RNA/2	0	-	58746931	58746931	0,0,0	4	115,179,129,119	0,784,5120,5392	2	circRNA	ENSRNOT00000002174	ENSRNOT00000002174	8,7,6,5	3:58744134-58746931|3:58752442-58764878
3	100299615	100303441	circular_RNA/2	1	+	100299615	100299615	0,0,0	2	785,151	0,3675	2	circRNA	ENSRNOT00000042103	ENSRNOT00000042103	5,6	3:100255303-100299615|3:100303441-100335849
3	106893763	106929538	circular_RNA/1	1	+	106893763	106893763	0,0,0	18	940,79,96,132,105,668,346,227,183,70,518,148,624,76,98,1463,128,52	0,2852,3033,4825,5187,6656,9267,15022,15815,16514,18649,22241,23915,29018,29211,29500,33862,35723	1	circRNA	ENSRNOT00000008528	ENSRNOT00000008528	3,4,5,6,7,8,9,10,11,12,13,14,15,16,17,18,19,20	3:106881440-106893763|3:106929538-106933815
3	113022253	113027462	circular_RNA/1	0	-	113022253	113022253	0,0,0	2	325,179	0,5030	1	circRNA	ENSRNOT00000120193	ENSRNOT00000120193	3,2	3:113020433-113022253|3:113027462-113028001
3	116224838	116236747	circular_RNA/5	1	+	116224838	116224838	0,0,0	4	181,120,268,137	0,3044,7392,11772	5	circRNA	ENSRNOT00000024322	ENSRNOT00000024322	2,3,4,5	3:116204607-116224838|3:116236747-116241276
3	138092138	138097855	circular_RNA/2	1	+	138092138	138092138	0,0,0	2	86,558	0,5159	2	circRNA	ENSRNOT00000068210	ENSRNOT00000068210	2,3	3:138031851-138092138|3:138097855-138128763
3	149319539	149357183	circular_RNA/1	1	+	149319539	149319539	0,0,0	11	103,124,56,96,52,107,116,122,123,188,145	0,9482,11117,14177,16380,21266,29088,33552,34552,37090,37499	1	circRNA	ENSRNOT00000113376	ENSRNOT00000113376	3,4,5,6,7,8,9,10,11,12,13	3:149294028-149319539|3:149357183-149365186
3	155569527	155577289	circular_RNA/3	1	+	155569527	155569527	0,0,0	4	147,180,256,69	0,1135,1928,7693	3	circRNA	ENSRNOT00000010054	ENSRNOT00000010054	4,5,6,7	3:155563397-155569527|3:155577289-155580308
3	158661901	158664835	circular_RNA/1	0	+	158661901	158661901	0,0,0	1	2934	0	1	circRNA	ENSRNOT00000073788	ENSRNOT00000073788	2	3:158406516-158661901|3:158664835-158849925
2	6481150	6511618	circular_RNA/1	1	+	6481150	6481150	0,0,0	4	171,131,187,94	0,12003,25423,30374	1	circRNA	ENSRNOT00000017828	ENSRNOT00000017828	6,7,8,9	2:6452564-6481150|2:6511618-6527943
2	6481150	6532799	circular_RNA/1	1	+	6481150	6481150	0,0,0	9	171,131,187,94,103,103,102,75,120	0,12003,25423,30374,46793,48597,49027,49595,51529	1	circRNA	ENSRNOT00000017828	ENSRNOT00000017828	6,7,8,9,10,11,12,13,14	2:6452564-6481150|2:6532799-6619757
2	22879863	22917046	circular_RNA/1	0	+	22879863	22879863	0,0,0	8	60,67,71,92,49,36,55,71	0,15150,15841,20061,25597,30683,32746,37112	1	circRNA	ENSRNOT00000109181	ENSRNOT00000109181	6,7,8,9,10,11,12,13	2:22857413-22879863|2:22917046-22918538
2	24423928	24426075	circular_RNA/1	1	-	24423928	24423928	0,0,0	3	238,90,174	0,1672,1973	1	circRNA	ENSRNOT00000016135	ENSRNOT00000016135	4,3,2	2:24416237-24423928|2:24426075-24431769
2	24583887	24598599	circular_RNA/12	1	+	24583887	24583887	0,0,0	4	157,132,93,140	0,4702,7334,14572	12	circRNA	ENSRNOT00000104734	ENSRNOT00000104734	2,3,4,5	2:24544298-24583887|2:24598599-24608968
2	26984524	27001500	circular_RNA/1	1	-	26984524	26984524	0,0,0	4	164,125,161,164	0,8527,12546,16812	1	circRNA	ENSRNOT00000107205	ENSRNOT00000107205	13,12,11,10	2:26963875-26984524|2:27001500-27006992
2	38375144	38391310	circular_RNA/1	0	-	38375144	38375144	0,0,0	12	151,68,111,205,143,92,64,91,163,55,96,101	0,5869,6755,7883,8219,9201,9942,10104,11859,12361,13819,16065	1	circRNA	ENSRNOT00000093988	ENSRNOT00000093988	16,15,14,13,12,11,10,9,8,7,6,5	2:38373002-38375144|2:38391310-38391880
2	57171343	57174343	circular_RNA/1	0	-	57171343	57171343	0,0,0	2	199,121	0,2879	1	circRNA	ENSRNOT00000060146	ENSRNOT00000060146	5,4	2:57141808-57171343|2:57174343-57186028
2	58645529	58682641	circular_RNA/1	1	-	58645529	58645529	0,0,0	8	169,188,189,187,65,141,253,103	0,10705,13249,14551,19215,20919,25039,37009	1	circRNA	ENSRNOT00000088701	ENSRNOT00000088701	9,8,7,6,5,4,3,2	2:58622657-58645529|2:58682641-58694539
2	61429359	61477036	circular_RNA/1	1	-	61429359	61429359	0,0,0	9	232,74,115,120,146,112,156,133,143	0,333,3728,4638,8353,16453,39114,44520,47534	1	circRNA	ENSRNOT00000017937	ENSRNOT00000017937	13,12,11,10,9,8,7,6,5	2:61428398-61429359|2:61477036-61489320
2	82484471	82510556	circular_RNA/1	0	-	82484471	82484471	0,0,0	16	138,101,120,135,75,69,81,59,52,71,190,169,73,144,74,97	0,2102,2399,3639,4924,5082,5374,7328,8900,11678,13939,16452,18816,21903,24897,25988	1	circRNA	ENSRNOT00000094024	ENSRNOT00000094024	17,16,15,14,13,12,11,10,9,8,7,6,5,4,3,2	2:82482904-82484471|2:82510556-82511486
2	87049962	87054299	circular_RNA/1	1	-	87049962	87049962	0,0,0	5	149,148,197,201,176	0,841,2518,3862,4161	1	circRNA	ENSRNOT00000097272	ENSRNOT00000097272	9,8,7,6,5	2:87045988-87049962|2:87054299-87056656
2	92494751	92498889	circular_RNA/2	1	-	92494751	92494751	0,0,0	2	883,87	0,4051	2	circRNA	ENSRNOT00000087598	ENSRNOT00000087598	3,2	2:92483431-92494751|2:92498889-92508404
2	92494751	92495634	circular_RNA/1	1	-	92494751	92494751	0,0,0	1	883	0	1	circRNA	ENSRNOT00000087598	ENSRNOT00000087598	3	2:92483431-92494751|2:92495634-92498802
2	108980553	108981360	circular_RNA/4	1	-	108980553	108980553	0,0,0	1	807	0	4	circRNA	ENSRNOT00000092660	ENSRNOT00000092660	2	2:108738937-108980553|2:108981360-109001768
2	124647887	124719172	circular_RNA/7	1	-	124647887	124647887	0,0,0	12	197,193,146,75,72,99,178,92,91,71,66,123	0,6453,11770,14338,17605,22533,27673,43411,47250,63867,69402,71162	7	circRNA	ENSRNOT00000100161	ENSRNOT00000100161	18,17,16,15,14,13,12,11,10,9,8,7	2:124641232-124647887|2:124719172-124728073
2	135503239	135508144	circular_RNA/1	1	+	135503239	135503239	0,0,0	4	129,46,81,194	0,1297,1430,4711	1	circRNA	ENSRNOT00000120176	ENSRNOT00000120176	13,14,15,16	2:135502142-135503239|2:135508144-135510681
2	135884761	135886354	circular_RNA/3	0	-	135884761	135884761	0,0,0	1	1593	0	3	circRNA	ENSRNOT00000097389	ENSRNOT00000097389	2	2:135730995-135884761|2:135886354-136136510
2	143512278	143535263	circular_RNA/1	1	+	143512278	143512278	0,0,0	13	200,189,75,191,162,112,90,110,136,162,363,157,245	0,3600,4318,4515,5430,7181,8933,9991,10312,11213,13064,15280,22740	1	circRNA	ENSRNOT00000082464	ENSRNOT00000082464	27,28,29,30,31,32,33,34,35,36,37,38,39	2:143509265-143512278|2:143535263-143555012
2	167367743	167385846	circular_RNA/1	0	-	167367743	167367743	0,0,0	6	134,117,231,198,119,101	0,908,2063,3235,15118,18002	1	circRNA	ENSRNOT00000064930	ENSRNOT00000064930	8,7,6,5,4,3	2:167357059-167367743|2:167385846-167398270
2	169860794	169895874	circular_RNA/2	1	-	169860794	169860794	0,0,0	7	175,158,222,113,96,109,102	0,5305,9042,14081,15526,21867,34978	2	circRNA	ENSRNOT00000014236	ENSRNOT00000014236	8,7,6,5,4,3,2	2:169845567-169860794|2:169895874-169923039
2	174362747	174394869	circular_RNA/1	1	+	174362747	174362747	0,0,0	3	516,4558,102	0,12549,32020	1	circRNA	ENSRNOT00000115989	ENSRNOT00000115989	3,4,5	2:174356215-174362747|2:174394869-174402045
2	174362747	174402781	circular_RNA/1	1	+	174362747	174362747	0,0,0	4	516,4558,102,736	0,12549,32020,39298	1	circRNA	ENSRNOT00000115989	ENSRNOT00000115989	3,4,5,6	2:174356215-174362747|2:174402781-174420574
2	174394767	174402781	circular_RNA/1	1	+	174394767	174394767	0,0,0	2	102,736	0,7278	1	circRNA	ENSRNOT00000115989	ENSRNOT00000115989	5,6	2:174379854-174394767|2:174402781-174420574
2	174442039	174458708	circular_RNA/2	1	+	174442039	174442039	0,0,0	6	207,147,109,165,95,155	0,377,11890,13084,13414,16514	2	circRNA	ENSRNOT00000115989	ENSRNOT00000115989	12,13,14,15,16,17	2:174433548-174442039|2:174458708-174462196
2	175457652	175462944	circular_RNA/3	1	-	175457652	175457652	0,0,0	5	55,190,173,278,199	0,747,2723,3066,5093	3	circRNA	ENSRNOT00000024364	ENSRNOT00000024364	17,16,15,14,13	2:175456250-175457652|2:175462944-175467490
2	175816020	175821492	circular_RNA/1	1	+	175816020	175816020	0,0,0	4	132,171,316,203	0,1466,2359,5269	1	circRNA	ENSRNOT00000021502	ENSRNOT00000021502	5,6,7,8	2:175815066-175816020|2:175821492-175822765
2	191553146	191555403	circular_RNA/1	1	-	191553146	191553146	0,0,0	2	32,606	0,1651	1	circRNA	ENSRNOT00000026952	ENSRNOT00000026952	11,10	2:191550875-191553146|2:191555403-191557866
2	192382566	192397007	circular_RNA/1	0	+	192382566	192382566	0,0,0	6	79,155,98,115,73,103	0,7248,9417,10463,12816,14338	1	circRNA	ENSRNOT00000084302	ENSRNOT00000084302	6,7,8,9,10,11	2:192374221-192382566|2:192397007-192428202
2	194018643	194027413	circular_RNA/2	1	-	194018643	194018643	0,0,0	3	142,148,407	0,2241,8363	2	circRNA	ENSRNOT00000036551	ENSRNOT00000036551	4,3,2	2:194003280-194018643|2:194027413-194035521
2	207836113	207855272	circular_RNA/2	0	-	207836113	207836113	0,0,0	6	196,111,165,144,173,76	0,7035,7233,10779,11647,19083	2	circRNA	ENSRNOT00000104266	ENSRNOT00000104266	8,7,6,5,4,3	2:207820082-207836113|2:207855272-207871797
2	222012201	222015449	circular_RNA/1	1	-	222012201	222012201	0,0,0	1	3248	0	1	circRNA	ENSRNOT00000046775	ENSRNOT00000046775	3	2:222006920-222012201|2:222015449-222043362
2	231837288	231869985	circular_RNA/3	1	-	231837288	231837288	0,0,0	5	214,146,118,155,301	0,304,1625,9945,32396	3	circRNA	ENSRNOT00000031748	ENSRNOT00000031748	6,5,4,3,2	2:231829233-231837288|2:231869985-231898549
2	235812034	235838586	circular_RNA/1	0	+	235812034	235812034	0,0,0	10	159,217,165,159,95,148,74,136,87,193	0,2350,7445,9339,11758,16946,17280,18328,21378,26359	1	circRNA	ENSRNOT00000055318	ENSRNOT00000055318	7,8,9,10,11,12,13,14,15,16	2:235808360-235812034|2:235838586-235842370
2	235842370	235845986	circular_RNA/1	0	+	235842370	235842370	0,0,0	3	224,135,81	0,1161,3535	1	circRNA	ENSRNOT00000055318	ENSRNOT00000055318	17,18,19	2:235838586-235842370|2:235845986-235860252
5	12308832	12324034	circular_RNA/3	1	-	12308832	12308832	0,0,0	2	103,419	0,14783	3	circRNA	ENSRNOT00000061903	ENSRNOT00000061903	3,2	5:12295730-12308832|5:12324034-12354573
5	28387249	28442138	circular_RNA/2	1	-	28387249	28387249	0,0,0	4	54,77,122,137	0,5143,15341,54752	2	circRNA	ENSRNOT00000118373	ENSRNOT00000118373	11,10,9,8	5:28371128-28387249|5:28442138-28496819
5	29643690	29657608	circular_RNA/2	0	-	29643690	29643690	0,0,0	5	162,50,158,156,154	0,1139,5491,11273,13764	2	circRNA	ENSRNOT00000012963	ENSRNOT00000012963	6,5,4,3,2	5:29640648-29643690|5:29657608-29662350
5	33103900	33153795	circular_RNA/1	0	-	33103900	33103900	0,0,0	22	73,97,105,121,141,134,160,89,72,76,129,85,55,175,96,325,185,67,138,125,139,91	0,788,3098,5360,9696,9934,13214,17413,20808,21014,22231,22474,22640,24176,25582,30431,35409,37941,38097,43741,44456,49804	1	circRNA	ENSRNOT00000009047	ENSRNOT00000009047	25,24,23,22,21,20,19,18,17,16,15,14,13,12,11,10,9,8,7,6,5,4	5:33098866-33103900|5:33153795-33160524
5	42979632	42983838	circular_RNA/1	0	+	42979632	42979632	0,0,0	2	65,670	0,3536	1	circRNA	ENSRNOT00000102430	ENSRNOT00000102430	2,3	5:42975714-42979632|5:42983838-43034070
5	60752802	60764544	circular_RNA/2	1	+	60752802	60752802	0,0,0	5	150,123,229,125,70	0,3622,8329,10014,11672	2	circRNA	ENSRNOT00000012478	ENSRNOT00000012478	2,3,4,5,6	5:60743511-60752802|5:60764544-60765281
5	61005520	61037401	circular_RNA/1	1	-	61005520	61005520	0,0,0	6	123,108,133,151,81,61	0,6711,16160,18456,22199,31820	1	circRNA	ENSRNOT00000011573	ENSRNOT00000011573	13,12,11,10,9,8	5:60968224-61005520|5:61037401-61081998
5	76503887	76504784	circular_RNA/1	1	+	76503887	76503887	0,0,0	1	897	0	1	ciRNA	ENSRNOT00000109094	ENSRNOT00000109094	3	5:76503887-76513460
5	97929047	98007793	circular_RNA/1	1	+	97929047	97929047	0,0,0	9	144,136,175,191,132,147,93,161,139	0,4684,7845,12238,15341,35535,49211,51591,78607	1	circRNA	ENSRNOT00000036233	ENSRNOT00000036233	2,3,4,5,6,7,8,9,10	5:97920223-97929047|5:98007793-98022400
5	99379077	99420606	circular_RNA/3	0	+	99379077	99379077	0,0,0	7	138,159,195,153,126,122,120	0,2234,12716,30887,32639,39925,41409	3	circRNA	ENSRNOT00000098986	ENSRNOT00000098986	6,7,8,9,10,11,12	5:99363342-99379077|5:99420606-99472374
5	101286627	101286952	circular_RNA/2	1	+	101286627	101286627	0,0,0	1	325	0	2	circRNA	ENSRNOT00000082596	ENSRNOT00000082596	2	5:101272668-101286627|5:101286952-101293443
5	102326742	102327450	circular_RNA/2	1	-	102326742	102326742	0,0,0	1	708	0	2	circRNA	ENSRNOT00000094349	ENSRNOT00000094349	5	5:102281146-102326742|5:102327450-102357684
5	102326742	102357828	circular_RNA/2	1	-	102326742	102326742	0,0,0	2	708,144	0,30942	2	circRNA	ENSRNOT00000094349	ENSRNOT00000094349	5,4	5:102281146-102326742|5:102357828-102363858
5	117815637	117827572	circular_RNA/1	0	-	117815637	117815637	0,0,0	4	152,87,224,195	0,1891,4241,11740	1	circRNA	ENSRNOT00000101086	ENSRNOT00000101086	10,9,8,7	5:117805952-117815637|5:117827572-117846609
5	123222131	123223006	circular_RNA/2	0	+	123222131	123222131	0,0,0	1	875	0	2	circRNA	ENSRNOT00000079161	ENSRNOT00000079161	2	5:123203171-123222131|5:123223006-123230790
5	130428242	130438890	circular_RNA/1	1	+	130428242	130428242	0,0,0	4	357,149,151,180	0,5964,8985,10468	1	circRNA	ENSRNOT00000068267	ENSRNOT00000068267	2,3,4,5	5:130347374-130428242|5:130438890-130446751
5	133215109	133224117	circular_RNA/1	1	+	133215109	133215109	0,0,0	6	129,175,414,102,192,111	0,3302,3992,5661,7271,8897	1	circRNA	ENSRNOT00000083754	ENSRNOT00000083754	7,8,9,10,11,12	5:133208356-133215109|5:133224117-133225667
5	135650464	135652086	circular_RNA/2	0	-	135650464	135650464	0,0,0	4	170,120,207,156	0,906,1154,1466	2	circRNA	ENSRNOT00000091828	ENSRNOT00000091828	74,73,72,71	5:135649915-135650464|5:135652086-135653787
5	138644977	138658523	circular_RNA/3	0	-	138644977	138644977	0,0,0	6	102,135,195,91,160,185	0,1949,2796,5692,7326,13361	3	circRNA	ENSRNOT00000119040	ENSRNOT00000119040	18,17,16,15,14,13	5:138643341-138644977|5:138658523-138660209
5	139178462	139183352	circular_RNA/2	0	-	139178462	139178462	0,0,0	4	116,145,38,141	0,2983,4039,4749	2	circRNA	ENSRNOT00000102837	ENSRNOT00000102837	18,17,16,15	5:139175888-139178462|5:139183352-139184584
5	141501381	141528970	circular_RNA/1	1	-	141501381	141501381	0,0,0	5	85,92,83,791,117	0,22591,24114,25707,27472	1	circRNA	ENSRNOT00000009436	ENSRNOT00000009436	6,5,4,3,2	5:141497372-141501381|5:141528970-141535354
5	141523972	141528970	circular_RNA/6	1	-	141523972	141523972	0,0,0	4	92,83,791,117	0,1523,3116,4881	6	circRNA	ENSRNOT00000009436	ENSRNOT00000009436	5,4,3,2	5:141501466-141523972|5:141528970-141535354
5	144869886	144885006	circular_RNA/3	1	+	144869886	144869886	0,0,0	5	102,44,80,67,137	0,4731,8642,11797,14983	3	circRNA	ENSRNOT00000099304	ENSRNOT00000099304	2,3,4,5,6	5:144806651-144869886|5:144885006-144899810
5	145948263	145951212	circular_RNA/2	0	-	145948263	145948263	0,0,0	3	117,456,213	0,1378,2736	2	circRNA	ENSRNOT00000009173	ENSRNOT00000009173	5,4,3	5:145925474-145948263|5:145951212-145980053
4	11695908	11711196	circular_RNA/1	1	-	11695908	11695908	0,0,0	4	81,230,115,185	0,3072,5050,15103	1	circRNA	ENSRNOT00000075902	ENSRNOT00000075902	5,4,3,2	4:11689683-11695908|4:11711196-11727017
4	13273643	13288207	circular_RNA/5	1	+	13273643	13273643	0,0,0	9	191,76,99,142,81,66,92,122,150	0,4938,7586,8893,10146,11458,13301,13469,14414	5	circRNA	ENSRNOT00000096397	ENSRNOT00000096397	3,4,5,6,7,8,9,10,11	4:13271872-13273643|4:13288207-13291195
4	14045874	14071606	circular_RNA/1	1	+	14045874	14045874	0,0,0	7	109,77,96,39,76,190,67	0,8051,10202,13116,15424,21393,25665	1	circRNA	ENSRNOT00000081939	ENSRNOT00000081939	2,3,4,5,6,7,8	4:14021275-14045874|4:14071606-14074131
4	14483195	14537524	circular_RNA/3	0	-	14483195	14483195	0,0,0	8	144,196,178,186,249,193,92,42	0,1657,7679,9806,35075,42587,48447,54287	3	circRNA	ENSRNOT00000115899	ENSRNOT00000115899	20,19,18,17,16,15,14,13	4:14439362-14483195|4:14537524-14546512
4	18980173	19020569	circular_RNA/1	0	-	18980173	18980173	0,0,0	14	60,19,77,74,72,72,75,75,78,90,50,79,105,159	0,577,1982,8511,13303,15030,20281,21191,22999,25681,26995,27857,38480,40237	1	circRNA	ENSRNOT00000082161	ENSRNOT00000082161	19,18,17,16,15,14,13,12,11,10,9,8,7,6	4:18975575-18980173|4:19020569-19051717
4	19811426	19845159	circular_RNA/2	0	-	19811426	19811426	0,0,0	4	126,91,137,2188	0,22061,26953,31545	2	circRNA	ENSRNOT00000008637	ENSRNOT00000008637	10,9,8,7	4:19789400-19811426|4:19845159-19883922
4	19833487	19845159	circular_RNA/4	0	-	19833487	19833487	0,0,0	3	91,137,2188	0,4892,9484	4	circRNA	ENSRNOT00000008637	ENSRNOT00000008637	9,8,7	4:19811552-19833487|4:19845159-19883922
4	20023118	20024576	circular_RNA/1	0	-	20023118	20023118	0,0,0	1	1458	0	1	circRNA	ENSRNOT00000008637	ENSRNOT00000008637	3	4:19904248-20023118|4:20024576-20042982
4	28802359	28970096	circular_RNA/1	1	+	28802359	28802359	0,0,0	5	246,95,80,95,124	0,15178,58736,124396,167613	1	circRNA	ENSRNOT00000009417	ENSRNOT00000009417	3,4,5,6,7	4:28673671-28802359|4:28970096-29007907
4	30370086	30385840	circular_RNA/2	1	+	30370086	30370086	0,0,0	3	273,301,183	0,3425,15571	2	circRNA	ENSRNOT00000067954	ENSRNOT00000067954	2,3,4	4:30333907-30370086|4:30385840-30398755
4	40031781	40060181	circular_RNA/1	1	+	40031781	40031781	0,0,0	5	764,145,160,112,138	0,8297,21408,27313,28262	1	circRNA	ENSRNOT00000094938	ENSRNOT00000094938	3,4,5,6,7	4:40024674-40031781|4:40060181-40073419
4	40059094	40108866	circular_RNA/1	1	+	40059094	40059094	0,0,0	11	112,138,147,271,107,96,104,132,169,51,122	0,949,14325,15904,16488,17668,19051,21062,37666,49476,49650	1	circRNA	ENSRNOT00000094938	ENSRNOT00000094938	6,7,8,9,10,11,12,13,14,15,16	4:40053349-40059094|4:40108866-40149703
4	46191302	46201610	circular_RNA/1	0	+	46191302	46191302	0,0,0	5	55,116,76,155,98	0,1284,3701,7858,10210	1	circRNA	ENSRNOT00000080880	ENSRNOT00000080880	4,5,6,7,8	4:46181339-46191302|4:46201610-46231053
4	52983501	52989373	circular_RNA/1	1	-	52983501	52983501	0,0,0	5	156,173,162,135,395	0,813,1072,3499,5477	1	circRNA	ENSRNOT00000064983	ENSRNOT00000064983	6,5,4,3,2	4:52976909-52983501|4:52989373-52993750
4	61865561	61921011	circular_RNA/2	1	+	61865561	61865561	0,0,0	3	110,244,175	0,38372,55275	2	circRNA	ENSRNOT00000071249	ENSRNOT00000071249	5,6,7	4:61856659-61865561|4:61921011-62016402
4	66617525	66646151	circular_RNA/2	1	+	66617525	66617525	0,0,0	6	119,148,133,117,115,147	0,5042,12796,16997,25332,28479	2	circRNA	ENSRNOT00000113281	ENSRNOT00000113281	2,3,4,5,6,7	4:66568008-66617525|4:66646151-66667627
4	67173055	67216538	circular_RNA/2	1	+	67173055	67173055	0,0,0	12	93,102,138,104,490,71,130,119,114,144,46,1545	0,9382,17932,19437,19991,24768,31694,33900,34609,35208,36250,41938	2	circRNA	ENSRNOT00000096491	ENSRNOT00000096491	2,3,4,5,6,7,8,9,10,11,12,13	4:67167015-67173055|4:67216538-67223448
4	116427493	116442793	circular_RNA/6	1	+	116427493	116427493	0,0,0	9	308,275,147,123,56,53,51,69,84	0,1703,3473,5175,11051,11277,12531,14363,15216	6	circRNA	ENSRNOT00000116644	ENSRNOT00000116644	5,6,7,8,9,10,11,12,13	4:116426127-116427493|4:116442793-116443404
4	144431703	144432639	circular_RNA/2	1	+	144431703	144431703	0,0,0	1	936	0	2	circRNA	ENSRNOT00000056996	ENSRNOT00000056996	8	4:144330408-144431703|4:144432639-144544481
4	152890127	152941754	circular_RNA/1	1	-	152890127	152890127	0,0,0	4	161,132,136,194	0,18883,29250,51433	1	circRNA	ENSRNOT00000091473	ENSRNOT00000091473	15,14,13,12	4:152825904-152890127|4:152941754-152946237
4	153595298	153598714	circular_RNA/1	1	+	153595298	153595298	0,0,0	1	3416	0	1	ciRNA	ENSRNOT00000079090	ENSRNOT00000079090	11	4:153595298-153598714
4	182063527	182067933	circular_RNA/2	0	-	182063527	182063527	0,0,0	2	110,66	0,4340	2	circRNA	ENSRNOT00000101410	ENSRNOT00000101410	3,2	4:182050065-182063527|4:182067933-182088849
7	22831681	22836805	circular_RNA/2	1	+	22831681	22831681	0,0,0	5	120,42,206,65,135	0,650,2397,4580,4989	2	circRNA	ENSRNOT00000006946	ENSRNOT00000006946	3,4,5,6,7	7:22822291-22831681|7:22836805-22846628
7	24161278	24167176	circular_RNA/1	1	-	24161278	24161278	0,0,0	7	79,95,35,108,124,69,118	0,163,1170,1238,2321,4163,5780	1	circRNA	ENSRNOT00000010414	ENSRNOT00000010414	8,7,6,5,4,3,2	7:24155556-24161278|7:24167176-24170920
7	24529446	24537144	circular_RNA/3	0	+	24529446	24529446	0,0,0	4	76,102,117,167	0,1186,4123,7531	3	circRNA	ENSRNOT00000102313	ENSRNOT00000102313	5,6,7,8	7:24516706-24529446|7:24537144-24628334
7	38308610	38352495	circular_RNA/1	0	-	38308610	38308610	0,0,0	11	102,83,99,122,90,120,205,438,180,94,74	0,6958,7274,7873,8648,18143,23983,34295,37259,40884,43811	1	circRNA	ENSRNOT00000071306	ENSRNOT00000071306	22,21,20,19,18,17,16,15,14,13,12	7:38237874-38308610|7:38352495-38357736
7	70511021	70539453	circular_RNA/1	0	+	70511021	70511021	0,0,0	9	68,120,100,124,47,113,131,172,154	0,1956,3923,4998,7393,10184,19309,25912,28278	1	circRNA	ENSRNOT00000106052	ENSRNOT00000106052	7,8,9,10,11,12,13,14,15	7:70497490-70511021|7:70539453-70568806
7	70530330	70626623	circular_RNA/2	1	+	70530330	70530330	0,0,0	8	131,172,154,69,157,111,110,101	0,6603,8969,38476,48263,49580,68206,96192	2	circRNA	ENSRNOT00000106052	ENSRNOT00000106052	13,14,15,16,17,18,19,20	7:70521318-70530330|7:70626623-70646454
7	70568806	70626623	circular_RNA/3	1	+	70568806	70568806	0,0,0	5	69,157,111,110,101	0,9787,11104,29730,57716	3	circRNA	ENSRNOT00000106052	ENSRNOT00000106052	16,17,18,19,20	7:70539453-70568806|7:70626623-70646454
7	96438760	96500869	circular_RNA/2	0	-	96438760	96438760	0,0,0	7	159,79,173,90,202,101,198	0,8343,19668,29676,31763,40405,61911	2	circRNA	ENSRNOT00000006789	ENSRNOT00000006789	14,13,12,11,10,9,8	7:96422262-96438760|7:96500869-96516974
6	3752346	3792149	circular_RNA/5	0	+	3752346	3752346	0,0,0	5	123,382,191,174,120	0,8163,9672,32377,39683	5	circRNA	ENSRNOT00000095577	ENSRNOT00000095577	12,13,14,15,16	6:3729847-3752346|6:3792149-4000439
6	21079701	21081785	circular_RNA/1	0	-	21079701	21079701	0,0,0	3	94,134,188	0,327,1896	1	circRNA	ENSRNOT00000039375	ENSRNOT00000039375	6,5,4	6:21077779-21079701|6:21081785-21090916
6	27650191	27660410	circular_RNA/1	1	+	27650191	27650191	0,0,0	10	140,64,138,86,263,99,150,141,88,140	0,1307,1858,2395,3477,3839,4621,5616,6952,10079	1	circRNA	ENSRNOT00000099866	ENSRNOT00000099866	13,14,15,16,17,18,19,20,21,22	6:27649501-27650191|6:27660410-27661538
6	39755305	39762910	circular_RNA/1	0	+	39755305	39755305	0,0,0	8	104,187,94,95,180,169,71,89	0,367,3075,3258,4686,5013,6890,7516	1	circRNA	ENSRNOT00000109820	ENSRNOT00000109820	20,21,22,23,24,25,26,27	6:39753667-39755305|6:39762910-39763368
6	51793528	51812516	circular_RNA/1	1	+	51793528	51793528	0,0,0	7	113,103,90,122,122,102,89	0,3900,6721,7762,17418,17624,18899	1	circRNA	ENSRNOT00000095510	ENSRNOT00000095510	2,3,4,5,6,7,8	6:51759535-51793528|6:51812516-51818564
6	57784172	57823982	circular_RNA/2	0	+	57784172	57784172	0,0,0	11	157,98,84,101,82,171,193,128,135,99,95	0,4264,4458,4702,6312,7747,11790,19264,21332,29284,39715	2	circRNA	ENSRNOT00000075193	ENSRNOT00000075193	17,18,19,20,21,22,23,24,25,26,27	6:57773924-57784172|6:57823982-57832480
6	61356972	61361923	circular_RNA/3	1	+	61356972	61356972	0,0,0	3	1126,150,152	0,1213,4799	3	circRNA	ENSRNOT00000047296	ENSRNOT00000047296	2,3,4	6:61329954-61356972|6:61361923-61367860
6	69988037	69991926	circular_RNA/1	1	+	69988037	69988037	0,0,0	1	3889	0	1	circRNA	ENSRNOT00000088378	ENSRNOT00000088378	2	6:69976495-69988037|6:69991926-70016733
6	73079016	73083022	circular_RNA/3	0	-	73079016	73079016	0,0,0	2	72,862	0,3144	3	circRNA	ENSRNOT00000083857	ENSRNOT00000083857	33,32	6:73051219-73079016|6:73083022-73091478
6	87741896	87749815	circular_RNA/3	1	+	87741896	87741896	0,0,0	3	73,85,53	0,4551,7866	3	circRNA	ENSRNOT00000082500	ENSRNOT00000082500	10,11,12	6:87738237-87741896|6:87749815-87764209
6	103204155	103209997	circular_RNA/1	1	-	103204155	103204155	0,0,0	2	215,505	0,5337	1	circRNA	ENSRNOT00000011662	ENSRNOT00000011662	4,3	6:103197353-103204155|6:103209997-103231404
6	103754598	103772901	circular_RNA/2	1	+	103754598	103754598	0,0,0	6	39,110,56,56,127,141	0,3713,6208,10813,16477,18162	2	circRNA	ENSRNOT00000076882	ENSRNOT00000076882	2,3,4,5,6,7	6:103747810-103754598|6:103772901-103773958
6	122125680	122155184	circular_RNA/3	1	+	122125680	122125680	0,0,0	6	121,305,171,93,56,130	0,6385,9892,19368,28646,29374	3	circRNA	ENSRNOT00000107056	ENSRNOT00000107056	2,3,4,5,6,7	6:122083295-122125680|6:122155184-122177001
6	130645097	130671201	circular_RNA/3	1	+	130645097	130645097	0,0,0	4	192,54,49,66	0,12200,22550,26038	3	circRNA	ENSRNOT00000088784	ENSRNOT00000088784	2,3,4,5	6:130627611-130645097|6:130671201-130677648
9	676661	678858	circular_RNA/2	1	+	676661	676661	0,0,0	3	28,64,44	0,1836,2153	2	circRNA	ENSRNOT00000094164	ENSRNOT00000094164	3,4,5	9:654469-676661|9:678858-687010
9	3737335	3781864	circular_RNA/1	1	-	3737335	3737335	0,0,0	9	173,70,51,89,103,68,75,90,109	0,1580,1753,3099,11614,40445,42804,42967,44420	1	circRNA	ENSRNOT00000014171	ENSRNOT00000014171	13,12,11,10,9,8,7,6,5	9:3676430-3737335|9:3781864-3809566
9	38443194	38459757	circular_RNA/1	1	-	38443194	38443194	0,0,0	5	175,113,131,83,136	0,2768,8539,11471,16427	1	circRNA	ENSRNOT00000020558	ENSRNOT00000020558	6,5,4,3,2	9:38437544-38443194|9:38459757-38468228
9	39686578	39725549	circular_RNA/2	0	-	39686578	39686578	0,0,0	9	194,108,131,115,76,114,47,134,141	0,291,1427,3247,10061,10983,12861,33161,38830	2	circRNA	ENSRNOT00000024701	ENSRNOT00000024701	12,11,10,9,8,7,6,5,4	9:39684805-39686578|9:39725549-39728044
9	46276381	46284450	circular_RNA/3	1	+	46276381	46276381	0,0,0	5	594,127,84,105,95	0,5977,7079,7651,7974	3	circRNA	ENSRNOT00000033133	ENSRNOT00000033133	2,3,4,5,6	9:46270033-46276381|9:46284450-46289213
9	48793272	48794864	circular_RNA/2	1	+	48793272	48793272	0,0,0	1	1592	0	2	circRNA	ENSRNOT00000112559	ENSRNOT00000112559	2	9:48773600-48793272|9:48794864-48824449
9	61856347	61879316	circular_RNA/3	1	+	61856347	61856347	0,0,0	8	168,177,18,98,147,125,183,159	0,7467,9326,13988,17270,18023,19833,22810	3	circRNA	ENSRNOT00000050179	ENSRNOT00000050179	2,3,4,5,6,7,8,9	9:61827478-61856347|9:61879316-61896688
9	61856347	61901553	circular_RNA/2	1	+	61856347	61856347	0,0,0	10	168,177,18,98,147,125,183,159,174,93	0,7467,9326,13988,17270,18023,19833,22810,40341,45113	2	circRNA	ENSRNOT00000050179	ENSRNOT00000050179	2,3,4,5,6,7,8,9,10,11	9:61827478-61856347|9:61901553-61902718
9	64486403	64494945	circular_RNA/1	0	-	64486403	64486403	0,0,0	3	731,247,92	0,8098,8450	1	circRNA	ENSRNOT00000035879	ENSRNOT00000035879	5,4,3	9:64480730-64486403|9:64494945-64505149
9	79931342	79934169	circular_RNA/2	0	-	79931342	79931342	0,0,0	3	109,151,116	0,1232,2711	2	circRNA	ENSRNOT00000019685	ENSRNOT00000019685	7,6,5	9:79929511-79931342|9:79934169-79936020
9	82559487	82560576	circular_RNA/1	0	+	82559487	82559487	0,0,0	1	1089	0	1	circRNA	ENSRNOT00000113832	ENSRNOT00000113832	5	9:82515779-82559487|9:82560576-82587421
9	88636762	88660348	circular_RNA/1	0	-	88636762	88636762	0,0,0	10	124,323,71,85,172,82,298,108,96,129	0,2721,6729,7734,10095,11842,15054,16732,17909,23457	1	circRNA	ENSRNOT00000064171	ENSRNOT00000064171	17,16,15,14,13,12,11,10,9,8	9:88634929-88636762|9:88660348-88665761
9	103648933	103715707	circular_RNA/1	1	+	103648933	103648933	0,0,0	6	93,207,123,57,116,95	0,8108,13704,58508,64555,66679	1	circRNA	ENSRNOT00000097737	ENSRNOT00000097737	11,12,13,14,15,16	9:103612284-103648933|9:103715707-103752513
9	105629567	105660854	circular_RNA/9	0	-	105629567	105629567	0,0,0	7	148,143,201,147,69,148,138	0,2730,5402,9716,14031,20470,31149	9	circRNA	ENSRNOT00000017613	ENSRNOT00000017613	8,7,6,5,4,3,2	9:105604468-105629567|9:105660854-105687824
9	110916236	110946973	circular_RNA/1	0	+	110916236	110916236	0,0,0	8	70,347,141,322,158,93,89,60	0,4262,17872,19392,20399,28159,30483,30677	1	circRNA	ENSRNOT00000085362	ENSRNOT00000085362	2,3,4,5,6,7,8,9	9:110915974-110916236|9:110946973-110950178
8	4219124	4234311	circular_RNA/2	1	-	4219124	4219124	0,0,0	2	210,117	0,15070	2	circRNA	ENSRNOT00000044174	ENSRNOT00000044174	85,84	8:4212849-4219124|8:4234311-4240616
8	13154301	13157607	circular_RNA/1	1	-	13154301	13154301	0,0,0	1	3306	0	1	circRNA	ENSRNOT00000109404	ENSRNOT00000109404	2	8:13025309-13154301|8:13157607-13272869
8	21223256	21255514	circular_RNA/2	1	+	21223256	21223256	0,0,0	6	103,105,141,96,173,153	0,1960,12160,15960,25819,32105	2	circRNA	ENSRNOT00000092845	ENSRNOT00000092845	17,18,19,20,21,22	8:21218300-21223256|8:21255514-21356322
8	30567378	30624734	circular_RNA/4	1	+	30567378	30567378	0,0,0	7	85,87,138,93,123,78,82	0,17836,34245,36802,38043,39562,57274	4	circRNA	ENSRNOT00000099034	ENSRNOT00000099034	5,6,7,8,9,10,11	8:30567047-30567378|8:30624734-30658097
8	30601623	30624734	circular_RNA/3	1	+	30601623	30601623	0,0,0	5	138,93,123,78,82	0,2557,3798,5317,23029	3	circRNA	ENSRNOT00000099034	ENSRNOT00000099034	7,8,9,10,11	8:30585301-30601623|8:30624734-30658097
8	56139471	56220443	circular_RNA/1	0	-	56139471	56139471	0,0,0	13	66,137,108,153,82,143,156,141,112,118,76,171,231	0,5286,39857,40494,41985,50448,51648,58872,67782,68111,69181,69920,80741	1	circRNA	ENSRNOT00000009169	ENSRNOT00000009169	23,22,21,20,19,18,17,16,15,14,13,12,11	8:56123277-56139471|8:56220443-56231839
8	60022460	60023122	circular_RNA/1	1	+	60022460	60022460	0,0,0	1	662	0	1	ciRNA	ENSRNOT00000119643	ENSRNOT00000119643	5	8:60022460-60023122
8	60211857	60225297	circular_RNA/1	0	+	60211857	60211857	0,0,0	5	98,127,90,117,135	0,2491,6595,9174,13305	1	circRNA	ENSRNOT00000015963	ENSRNOT00000015963	7,8,9,10,11	8:60201439-60211857|8:60225297-60234801
8	60257072	60332781	circular_RNA/3	1	+	60257072	60257072	0,0,0	24	120,76,147,40,123,81,111,123,150,320,1581,82,213,113,143,224,117,189,48,112,62,193,129,106	0,4704,10197,11621,14810,16130,19169,20612,22967,25443,26411,30442,31030,42175,49637,54702,55351,55787,56834,61430,63988,73682,75169,75603	3	circRNA	ENSRNOT00000015963	ENSRNOT00000015963	15,16,17,18,19,20,21,22,23,24,25,26,27,28,29,30,31,32,33,34,35,36,37,38	8:60252487-60257072|8:60332781-60333894
8	78001078	78062777	circular_RNA/3	0	-	78001078	78001078	0,0,0	7	129,45,45,60,84,66,1467	0,8812,18977,26825,27009,27174,60232	3	circRNA	ENSRNOT00000101165	ENSRNOT00000101165	10,9,8,7,6,5,4	8:77935397-78001078|8:78062777-78072695
8	78009890	78062777	circular_RNA/1	0	-	78009890	78009890	0,0,0	6	45,45,60,84,66,1467	0,10165,18013,18197,18362,51420	1	circRNA	ENSRNOT00000101165	ENSRNOT00000101165	9,8,7,6,5,4	8:78001207-78009890|8:78062777-78072695
8	78020055	78062777	circular_RNA/3	0	-	78020055	78020055	0,0,0	5	45,60,84,66,1467	0,7848,8032,8197,41255	3	circRNA	ENSRNOT00000101165	ENSRNOT00000101165	8,7,6,5,4	8:78009935-78020055|8:78062777-78072695
8	84349281	84353199	circular_RNA/2	0	-	84349281	84349281	0,0,0	2	530,369	0,3549	2	circRNA	ENSRNOT00000044931	ENSRNOT00000044931	4,3	8:84328877-84349281|8:84353199-84374437
8	87462241	87463246	circular_RNA/3	1	+	87462241	87462241	0,0,0	1	1005	0	3	ciRNA	ENSRNOT00000014783	ENSRNOT00000014783	8	8:87462241-87463246
8	96278457	96307485	circular_RNA/1	1	-	96278457	96278457	0,0,0	8	144,140,337,196,132,203,102,155	0,1502,3893,6702,10489,17678,22293,28873	1	circRNA	ENSRNOT00000089833	ENSRNOT00000089833	9,8,7,6,5,4,3,2	8:96269161-96278457|8:96307485-96313532
8	96563376	96579513	circular_RNA/1	1	+	96563376	96563376	0,0,0	9	121,99,104,132,163,114,99,116,147	0,213,4307,7271,8543,11003,12843,15303,15990	1	circRNA	ENSRNOT00000014481	ENSRNOT00000014481	17,18,19,20,21,22,23,24,25	8:96561274-96563376|8:96579513-96583973
8	110142090	110209629	circular_RNA/1	0	+	110142090	110142090	0,0,0	20	76,126,122,125,60,38,122,72,114,154,114,60,259,162,56,115,155,135,262,177	0,3233,6533,9112,10514,14533,20335,20983,23041,24018,25030,26860,29378,30908,38996,41080,42680,50051,54737,67362	1	circRNA	ENSRNOT00000064140	ENSRNOT00000064140	8,9,10,11,12,13,14,15,16,17,18,19,20,21,22,23,24,25,26,27	8:110134104-110142090|8:110209629-110210307
8	110184770	110197089	circular_RNA/2	1	+	110184770	110184770	0,0,0	3	155,135,262	0,7371,12057	2	circRNA	ENSRNOT00000064140	ENSRNOT00000064140	24,25,26	8:110183285-110184770|8:110197089-110209452
8	110348552	110352881	circular_RNA/1	1	+	110348552	110348552	0,0,0	6	158,221,106,173,127,113	0,773,1176,1759,2254,4216	1	circRNA	ENSRNOT00000028295	ENSRNOT00000028295	5,6,7,8,9,10	8:110338378-110348552|8:110352881-110353887
Y	986946	994637	circular_RNA/6	1	-	986946	986946	0,0,0	4	206,106,130,734	0,912,2730,6957	6	circRNA	ENSRNOT00000119067	ENSRNOT00000119067	19,18,17,16	Y:969197-986946|Y:994637-1005660
11	15673816	15682982	circular_RNA/3	1	+	15673816	15673816	0,0,0	7	128,96,162,227,71,229,201	0,457,1573,2264,5497,6650,8965	3	circRNA	ENSRNOT00000002150	ENSRNOT00000002150	11,12,13,14,15,16,17	11:15670509-15673816|11:15682982-15688171
11	36376143	36391700	circular_RNA/1	0	-	36376143	36376143	0,0,0	2	147,318	0,15239	1	circRNA	ENSRNOT00000109924	ENSRNOT00000109924	3,2	11:36174065-36376143|11:36391700-36506581
11	43963186	43981686	circular_RNA/1	0	-	43963186	43963186	0,0,0	17	57,75,81,60,57,81,60,84,60,87,81,60,84,57,81,33,84	0,652,2356,3083,4124,5044,5966,7144,7916,9396,10263,12113,13789,14669,16207,17061,18416	1	circRNA	ENSRNOT00000108100	ENSRNOT00000108100	41,40,39,38,37,36,35,34,33,32,31,30,29,28,27,26,25	11:43958654-43963186|11:43981686-43982463
11	62514203	62595563	circular_RNA/1	1	-	62514203	62514203	0,0,0	10	99,187,39,96,98,107,131,111,84,194	0,7616,10386,20947,34029,36589,40305,43645,59197,81166	1	circRNA	ENSRNOT00000077612	ENSRNOT00000077612	11,10,9,8,7,6,5,4,3,2	11:62511884-62514203|11:62595563-62647559
11	84233089	84238609	circular_RNA/2	1	+	84233089	84233089	0,0,0	4	206,174,153,192	0,1676,2761,5328	2	circRNA	ENSRNOT00000022328	ENSRNOT00000022328	4,5,6,7	11:84227899-84233089|11:84238609-84256928
10	1513841	1529656	circular_RNA/4	1	-	1513841	1513841	0,0,0	7	78,57,81,43,39,66,145	0,5728,6727,9064,10608,11561,15670	4	circRNA	ENSRNOT00000084447	ENSRNOT00000084447	13,12,11,10,9,8,7	10:1505809-1513841|10:1529656-1538903
10	16433873	16437673	circular_RNA/2	0	-	16433873	16433873	0,0,0	2	1090,126	0,3674	2	circRNA	ENSRNOT00000079462	ENSRNOT00000079462	4,3	10:16421874-16433873|10:16437673-16439757
10	16433873	16439952	circular_RNA/9	0	-	16433873	16433873	0,0,0	3	1090,126,195	0,3674,5884	9	circRNA	ENSRNOT00000079462	ENSRNOT00000079462	4,3,2	10:16421874-16433873|10:16439952-16461948
10	20745675	20853008	circular_RNA/2	1	-	20745675	20745675	0,0,0	3	239,235,210	0,27307,107123	2	circRNA	ENSRNOT00000011922	ENSRNOT00000011922	7,6,5	10:20692904-20745675|10:20853008-21335015
10	30326083	30338951	circular_RNA/3	1	+	30326083	30326083	0,0,0	7	105,97,109,165,178,247,70	0,621,2795,3728,8021,11503,12798	3	circRNA	ENSRNOT00000079437	ENSRNOT00000079437	2,3,4,5,6,7,8	10:30298840-30326083|10:30338951-30345813
10	35974398	35986679	circular_RNA/2	0	-	35974398	35974398	0,0,0	6	121,207,56,119,113,110	0,1333,2601,6588,9390,12171	2	circRNA	ENSRNOT00000090475	ENSRNOT00000090475	14,13,12,11,10,9	10:35972699-35974398|10:35986679-35989272
10	35989272	36003215	circular_RNA/1	1	-	35989272	35989272	0,0,0	7	124,103,173,158,75,171,465	0,2404,3668,4032,4709,7151,13478	1	circRNA	ENSRNOT00000090475	ENSRNOT00000090475	8,7,6,5,4,3,2	10:35986679-35989272|10:36003215-36017993
10	36571128	36571634	circular_RNA/3	1	+	36571128	36571128	0,0,0	1	506	0	3	circRNA	ENSRNOT00000008119	ENSRNOT00000008119	2	10:36564131-36571128|10:36571634-36574860
10	37413201	37423575	circular_RNA/3	0	-	37413201	37413201	0,0,0	9	108,126,153,90,182,134,107,152,77	0,810,1802,4252,4982,6231,7339,8006,10297	3	circRNA	ENSRNOT00000111861	ENSRNOT00000111861	15,14,13,12,11,10,9,8,7	10:37411086-37413201|10:37423575-37429026
10	37519628	37526869	circular_RNA/3	0	+	37519628	37519628	0,0,0	3	127,780,45	0,3848,7196	3	circRNA	ENSRNOT00000009440	ENSRNOT00000009440	2,3,4	10:37499133-37519628|10:37526869-37531774
10	46819074	46823521	circular_RNA/1	1	+	46819074	46819074	0,0,0	3	208,74,179	0,3873,4268	1	circRNA	ENSRNOT00000080682	ENSRNOT00000080682	6,7,8	10:46805523-46819074|10:46823521-46837236
10	55595058	55627560	circular_RNA/7	1	+	55595058	55595058	0,0,0	7	129,204,161,120,136,179,132	0,8696,11048,18566,26306,29146,32370	7	circRNA	ENSRNOT00000109255	ENSRNOT00000109255	2,3,4,5,6,7,8	10:55566411-55595058|10:55627560-55635527
10	59662919	59674344	circular_RNA/4	0	+	59662919	59662919	0,0,0	4	116,143,70,90	0,3113,10200,11335	4	circRNA	ENSRNOT00000003750	ENSRNOT00000003750	5,6,7,8	10:59657617-59662919|10:59674344-59685206
10	61988639	62041944	circular_RNA/2	1	-	61988639	61988639	0,0,0	7	156,71,49,157,538,79,282	0,16408,18523,21099,42204,51994,53023	2	circRNA	ENSRNOT00000031618	ENSRNOT00000031618	8,7,6,5,4,3,2	10:61976177-61988639|10:62041944-62042568
10	65004835	65005938	circular_RNA/2	1	+	65004835	65004835	0,0,0	3	92,144,158	0,278,945	2	circRNA	ENSRNOT00000085914	ENSRNOT00000085914	10,11,12	10:65002675-65004835|10:65005938-65008137
10	68874906	68895871	circular_RNA/7	1	+	68874906	68874906	0,0,0	7	78,197,249,134,113,63,933	0,1994,3049,7081,14698,15045,20032	7	circRNA	ENSRNOT00000092020	ENSRNOT00000092020	8,9,10,11,12,13,14	10:68874025-68874906|10:68895871-68905388
10	69390202	69390292	circular_RNA/1	0	-	69390202	69390202	0,0,0	1	90	0	1	circRNA	ENSRNOT00000000258	ENSRNOT00000000258	3	10:69389403-69390202|10:69390292-69390775
10	71841685	71867271	circular_RNA/1	0	-	71841685	71841685	0,0,0	8	174,52,60,134,90,119,46,136	0,491,2636,6814,9962,10539,22749,25450	1	circRNA	ENSRNOT00000088182	ENSRNOT00000088182	10,9,8,7,6,5,4,3	10:71840850-71841685|10:71867271-71874780
10	83157611	83161576	circular_RNA/1	0	-	83157611	83157611	0,0,0	4	202,119,125,112	0,2420,3011,3853	1	circRNA	ENSRNOT00000114652	ENSRNOT00000114652	14,13,12,11	10:83154478-83157611|10:83161576-83162432
10	85364080	85366839	circular_RNA/1	1	-	85364080	85364080	0,0,0	2	201,163	0,2596	1	circRNA	ENSRNOT00000022430	ENSRNOT00000022430	10,9	10:85362720-85364080|10:85366839-85368502
10	89324560	89325932	circular_RNA/1	0	-	89324560	89324560	0,0,0	1	1372	0	1	circRNA	ENSRNOT00000089029	ENSRNOT00000089029	2	10:89282036-89324560|10:89325932-89366833
10	90801103	90835240	circular_RNA/1	1	+	90801103	90801103	0,0,0	4	608,109,123,237	0,20662,33261,33900	1	circRNA	ENSRNOT00000081937	ENSRNOT00000081937	13,14,15,16	10:90798309-90801103|10:90835240-90843933
10	93507404	93517099	circular_RNA/2	0	+	93507404	93507404	0,0,0	5	155,130,93,60,80	0,419,1182,2840,9615	2	circRNA	ENSRNOT00000037067	ENSRNOT00000037067	13,14,15,16,17	10:93490327-93507404|10:93517099-93549915
10	106568790	106573817	circular_RNA/1	1	+	106568790	106568790	0,0,0	3	195,148,147	0,2246,4880	1	circRNA	ENSRNOT00000095855	ENSRNOT00000095855	2,3,4	10:106543167-106568790|10:106573817-106579480
13	9793647	9827684	circular_RNA/1	1	+	9793647	9793647	0,0,0	6	157,128,171,219,240,225	0,10175,10479,20999,31995,33812	1	circRNA	ENSRNOT00000111316	ENSRNOT00000111316	14,15,16,17,18,19	13:9667391-9793647|13:9827684-9887236
13	11923489	12051599	circular_RNA/2	0	-	11923489	11923489	0,0,0	7	131,225,240,219,188,132,118	0,65159,81070,106752,114486,114822,127992	2	circRNA	ENSRNOT00000112687	ENSRNOT00000112687	20,19,18,17,16,15,14	13:11913968-11923489|13:12051599-12166780
13	22136987	22151835	circular_RNA/1	0	+	22136987	22136987	0,0,0	5	72,113,95,84,58	0,6362,10731,13211,14790	1	circRNA	ENSRNOT00000003870	ENSRNOT00000003870	4,5,6,7,8	13:22135135-22136987|13:22151835-22153536
13	30830101	30877644	circular_RNA/1	1	-	30830101	30830101	0,0,0	8	69,173,64,89,88,121,53,45	0,12052,15709,32963,37042,46566,46961,47498	1	circRNA	ENSRNOT00000003568	ENSRNOT00000003568	13,12,11,10,9,8,7,6	13:30824157-30830101|13:30877644-30882785
13	55416153	55442815	circular_RNA/1	0	-	55416153	55416153	0,0,0	8	65,79,99,217,89,53,63,70	0,2374,3765,9839,16155,21191,21329,26592	1	circRNA	ENSRNOT00000004495	ENSRNOT00000004495	10,9,8,7,6,5,4,3	13:55384160-55416153|13:55442815-55446467
13	62838748	62842019	circular_RNA/1	0	-	62838748	62838748	0,0,0	3	128,96,195	0,1293,3076	1	circRNA	ENSRNOT00000093469	ENSRNOT00000093469	18,17,16	13:62835581-62838748|13:62842019-62855600
13	63455368	63476529	circular_RNA/1	1	-	63455368	63455368	0,0,0	6	65,67,132,185,149,139	0,5593,9455,14622,18495,21022	1	circRNA	ENSRNOT00000044255	ENSRNOT00000044255	19,18,17,16,15,14	13:63453383-63455368|13:63476529-63478467
13	63488278	63498083	circular_RNA/2	0	-	63488278	63488278	0,0,0	5	102,139,60,688,59	0,1411,3969,7684,9746	2	circRNA	ENSRNOT00000044255	ENSRNOT00000044255	9,8,7,6,5	13:63487272-63488278|13:63498083-63501107
13	67770023	67847519	circular_RNA/1	1	+	67770023	67770023	0,0,0	4	83,106,90,31	0,15415,25902,77465	1	circRNA	ENSRNOT00000004772	ENSRNOT00000004772	4,5,6,7	13:67736525-67770023|13:67847519-67862029
13	68991858	69025416	circular_RNA/1	1	-	68991858	68991858	0,0,0	6	127,93,90,84,51,140	0,5204,6479,7113,25272,33418	1	circRNA	ENSRNOT00000116366	ENSRNOT00000116366	7,6,5,4,3,2	13:68957536-68991858|13:69025416-69056465
13	77637488	77654285	circular_RNA/1	0	-	77637488	77637488	0,0,0	6	139,42,322,69,116,118	0,4814,10914,11451,11945,16679	1	circRNA	ENSRNOT00000117589	ENSRNOT00000117589	16,15,14,13,12,11	13:77636043-77637488|13:77654285-77681931
13	77648402	77654285	circular_RNA/1	0	-	77648402	77648402	0,0,0	4	322,69,116,118	0,537,1031,5765	1	circRNA	ENSRNOT00000117589	ENSRNOT00000117589	14,13,12,11	13:77642344-77648402|13:77654285-77681931
13	77702576	77707464	circular_RNA/1	1	-	77702576	77702576	0,0,0	2	93,62	0,4826	1	circRNA	ENSRNOT00000117589	ENSRNOT00000117589	3,2	13:77701113-77702576|13:77707464-77727204
13	86554120	86557951	circular_RNA/2	0	+	86554120	86554120	0,0,0	2	1580,145	0,3686	2	circRNA	ENSRNOT00000102800	ENSRNOT00000102800	5,6	13:86537502-86554120|13:86557951-86599643
13	88777131	88807774	circular_RNA/1	1	+	88777131	88777131	0,0,0	7	141,65,189,139,153,135,117	0,3742,4092,12055,21218,27272,30526	1	circRNA	ENSRNOT00000106321	ENSRNOT00000106321	6,7,8,9,10,11,12	13:88771231-88777131|13:88807774-88843365
13	88954939	89215907	circular_RNA/1	1	-	88954939	88954939	0,0,0	12	103,88,215,129,123,69,66,132,145,112,126,163	0,11078,17872,34059,41967,79673,81086,104556,107805,119768,142197,260805	1	circRNA	ENSRNOT00000057879	ENSRNOT00000057879	13,12,11,10,9,8,7,6,5,4,3,2	13:88954891-88954939|13:89215907-89225449
13	88996906	89074819	circular_RNA/1	0	-	88996906	88996906	0,0,0	6	123,69,66,132,145,112	0,37706,39119,62589,65838,77801	1	circRNA	ENSRNOT00000085648	ENSRNOT00000085648	9,8,7,6,5,4	13:88989127-88996906|13:89074819-89097136
13	89059495	89062889	circular_RNA/1	0	-	89059495	89059495	0,0,0	2	132,145	0,3249	1	circRNA	ENSRNOT00000085648	ENSRNOT00000085648	6,5	13:89036091-89059495|13:89062889-89074707
13	90832579	90842613	circular_RNA/1	1	-	90832579	90832579	0,0,0	3	111,103,68	0,8491,9966	1	circRNA	ENSRNOT00000105406	ENSRNOT00000105406	8,7,6	13:90795354-90832579|13:90842613-91150440
13	91804619	91818288	circular_RNA/1	1	+	91804619	91804619	0,0,0	3	167,123,134	0,2274,13535	1	circRNA	ENSRNOT00000003837	ENSRNOT00000003837	10,11,12	13:91802022-91804619|13:91818288-91827582
13	91839450	91856327	circular_RNA/5	0	+	91839450	91839450	0,0,0	7	248,106,125,106,149,92,77	0,5266,8181,10576,11037,13505,16800	5	circRNA	ENSRNOT00000003837	ENSRNOT00000003837	15,16,17,18,19,20,21	13:91828147-91839450|13:91856327-91861520
13	106624422	106628584	circular_RNA/1	0	-	106624422	106624422	0,0,0	2	186,186	0,3976	1	circRNA	ENSRNOT00000100405	ENSRNOT00000100405	9,8	13:106622069-106624422|13:106628584-106631520
12	6784568	6814865	circular_RNA/1	1	-	6784568	6784568	0,0,0	3	212,99,162	0,7961,30135	1	circRNA	ENSRNOT00000085869	ENSRNOT00000085869	7,6,5	12:6739275-6784568|12:6814865-6909384
12	7500963	7572296	circular_RNA/3	0	-	7500963	7500963	0,0,0	5	105,248,148,162,71	0,2197,34768,59194,71262	3	circRNA	ENSRNOT00000044134	ENSRNOT00000044134	8,7,6,5,4	12:7499712-7500963|12:7572296-7574065
12	7535731	7560319	circular_RNA/1	0	-	7535731	7535731	0,0,0	2	148,162	0,24426	1	circRNA	ENSRNOT00000044134	ENSRNOT00000044134	6,5	12:7503408-7535731|12:7560319-7572225
12	22422022	22425904	circular_RNA/1	1	+	22422022	22422022	0,0,0	2	139,135	0,3747	1	circRNA	ENSRNOT00000092982	ENSRNOT00000092982	3,4	12:22420875-22422022|12:22425904-22428143
15	3740660	3750646	circular_RNA/2	1	+	3740660	3740660	0,0,0	4	120,196,1397,119	0,1057,4007,9867	2	circRNA	ENSRNOT00000029615	ENSRNOT00000029615	19,20,21,22	15:3736991-3740660|15:3750646-3754594
15	16784704	16806294	circular_RNA/2	1	-	16784704	16784704	0,0,0	8	102,105,75,74,78,187,48,51	0,500,3153,3726,4353,11058,18929,21539	2	circRNA	ENSRNOT00000010763	ENSRNOT00000010763	9,8,7,6,5,4,3,2	15:16781885-16784704|15:16806294-16828239
15	30928259	30936306	circular_RNA/3	0	-	30928259	30928259	0,0,0	5	207,163,286,91,447	0,870,2360,7336,7600	3	circRNA	ENSRNOT00000047731	ENSRNOT00000047731	6,5,4,3,2	15:30924128-30928259|15:30936306-30941082
15	31050608	31061382	circular_RNA/1	1	+	31050608	31050608	0,0,0	4	857,283,166,213	0,7491,9608,10561	1	circRNA	ENSRNOT00000011684	ENSRNOT00000011684	3,4,5,6	15:31037075-31050608|15:31061382-31070225
15	31595881	31601535	circular_RNA/3	1	+	31595881	31595881	0,0,0	4	103,115,232,71	0,1218,2966,5583	3	circRNA	ENSRNOT00000104686	ENSRNOT00000104686	10,11,12,13	15:31593675-31595881|15:31601535-31606371
15	33492286	33557322	circular_RNA/1	0	-	33492286	33492286	0,0,0	7	132,50,134,108,122,281,72	0,1108,3033,45454,54191,62916,64964	1	circRNA	ENSRNOT00000094078	ENSRNOT00000094078	28,27,26,25,24,23,22	15:33490594-33492286|15:33557322-33558899
15	41208258	41230485	circular_RNA/2	0	-	41208258	41208258	0,0,0	7	92,170,165,178,113,166,98	0,2614,3578,4187,5288,10070,22129	2	circRNA	ENSRNOT00000097094	ENSRNOT00000097094	9,8,7,6,5,4,3	15:41204239-41208258|15:41230485-41261821
15	52423629	52441480	circular_RNA/2	1	+	52423629	52423629	0,0,0	4	94,116,399,117	0,914,16643,17734	2	circRNA	ENSRNOT00000030097	ENSRNOT00000030097	2,3,4,5	15:52407944-52423629|15:52441480-52469187
15	76789411	76917222	circular_RNA/3	1	-	76789411	76789411	0,0,0	3	547,90,64	0,82976,127747	3	circRNA	ENSRNOT00000090009	ENSRNOT00000090009	5,4,3	15:76759153-76789411|15:76917222-76987606
14	2189363	2228860	circular_RNA/2	1	+	2189363	2189363	0,0,0	15	126,117,109,238,103,188,54,31,90,42,74,85,107,64,124	0,10343,11352,12704,14404,16364,23670,24179,24670,25567,25691,28175,28734,29387,39373	2	circRNA	ENSRNOT00000061583	ENSRNOT00000061583	3,4,5,6,7,8,9,10,11,12,13,14,15,16,17	14:2188399-2189363|14:2228860-2229967
14	2268541	2289627	circular_RNA/3	0	-	2268541	2268541	0,0,0	10	2241,146,91,670,62,130,138,183,103,89	0,5522,6060,6669,10111,12266,13237,14227,18481,20997	3	circRNA	ENSRNOT00000037931	ENSRNOT00000037931	17,16,15,14,13,12,11,10,9,8	14:2267323-2268541|14:2289627-2295086
14	9146113	9154541	circular_RNA/1	1	+	9146113	9146113	0,0,0	3	716,124,143	0,5606,8285	1	circRNA	ENSRNOT00000106801	ENSRNOT00000106801	2,3,4	14:9130627-9146113|14:9154541-9170715
14	13324383	13339120	circular_RNA/1	1	-	13324383	13324383	0,0,0	5	107,112,72,84,262	0,7224,11240,12426,14475	1	circRNA	ENSRNOT00000002834	ENSRNOT00000002834	6,5,4,3,2	14:13302766-13324383|14:13339120-13351240
14	17845560	17849753	circular_RNA/1	1	+	17845560	17845560	0,0,0	2	1631,228	0,3965	1	circRNA	ENSRNOT00000112709	ENSRNOT00000112709	29,30	14:17840973-17845560|14:17849753-17855653
14	23735489	23736153	circular_RNA/1	1	+	23735489	23735489	0,0,0	1	664	0	1	circRNA	ENSRNOT00000067439	ENSRNOT00000067439	3	14:23685331-23735489|14:23736153-23854594
14	34670587	34703758	circular_RNA/3	0	-	34670587	34670587	0,0,0	7	109,92,71,92,115,40,71	0,9875,12980,22373,24974,32889,33100	3	circRNA	ENSRNOT00000065458	ENSRNOT00000065458	8,7,6,5,4,3,2	14:34658426-34670587|14:34703758-34723120
14	37417874	37452994	circular_RNA/1	1	+	37417874	37417874	0,0,0	7	149,68,221,83,138,153,212	0,15208,25815,27629,31927,32188,34908	1	circRNA	ENSRNOT00000003240	ENSRNOT00000003240	2,3,4,5,6,7,8	14:37396496-37417874|14:37452994-37467144
14	76008382	76047373	circular_RNA/3	1	-	76008382	76008382	0,0,0	9	135,138,138,209,90,38,191,141,64	0,665,2653,5488,10619,12181,27750,35502,38927	3	circRNA	ENSRNOT00000015894	ENSRNOT00000015894	15,14,13,12,11,10,9,8,7	14:76006349-76008382|14:76047373-76049190
14	103882875	103890008	circular_RNA/1	1	-	103882875	103882875	0,0,0	8	482,42,341,154,303,159,118,188	0,484,528,1488,3108,4038,5218,6945	1	circRNA	ENSRNOT00000008210	ENSRNOT00000008210	16,15,14,13,12,11,10,9	14:103882791-103882875|14:103890008-103890652
17	5177077	5192799	circular_RNA/1	1	+	5177077	5177077	0,0,0	6	98,117,692,84,87,149	0,4166,8047,14093,15405,15573	1	circRNA	ENSRNOT00000091370	ENSRNOT00000091370	14,15,16,17,18,19	17:5169786-5177077|17:5192799-5204536
17	9084124	9085717	circular_RNA/3	1	+	9084124	9084124	0,0,0	2	232,388	0,1205	3	circRNA	ENSRNOT00000116388	ENSRNOT00000116388	3,4	17:9082606-9084124|17:9085717-9088422
17	9364333	9400537	circular_RNA/2	0	-	9364333	9364333	0,0,0	6	110,271,125,2551,173,136	0,1825,4356,18904,27256,36068	2	circRNA	ENSRNOT00000060928	ENSRNOT00000060928	8,7,6,5,4,3	17:9359492-9364333|17:9400537-9422382
17	15702749	15721225	circular_RNA/1	0	+	15702749	15702749	0,0,0	4	247,83,129,97	0,4083,16809,18379	1	circRNA	ENSRNOT00000060568	ENSRNOT00000060568	2,3,4,5	17:15684742-15702749|17:15721225-15731523
17	21278161	21291211	circular_RNA/2	1	+	21278161	21278161	0,0,0	7	185,113,109,191,145,122,152	0,2443,3876,5456,8628,11348,12898	2	circRNA	ENSRNOT00000116992	ENSRNOT00000116992	6,7,8,9,10,11,12	17:21271862-21278161|17:21291211-21299080
17	22606348	22708251	circular_RNA/4	0	-	22606348	22606348	0,0,0	6	102,176,134,5936,54,140	0,3255,4143,7276,34012,101763	4	circRNA	ENSRNOT00000019389	ENSRNOT00000019389	7,6,5,4,3,2	17:22588928-22606348|17:22708251-22711670
17	54248910	54282771	circular_RNA/2	1	+	54248910	54248910	0,0,0	6	101,118,147,95,143,189	0,1866,19093,25978,26213,33672	2	circRNA	ENSRNOT00000020204	ENSRNOT00000020204	2,3,4,5,6,7	17:54239190-54248910|17:54282771-54294458
17	66616835	66622410	circular_RNA/2	1	+	66616835	66616835	0,0,0	4	104,73,63,714	0,1413,1586,4861	2	circRNA	ENSRNOT00000118354	ENSRNOT00000118354	6,7,8,9	17:66616031-66616835|17:66622410-66623866
17	81005157	81026139	circular_RNA/3	1	-	81005157	81005157	0,0,0	5	164,91,94,98,166	0,9098,18620,19557,20816	3	circRNA	ENSRNOT00000000162	ENSRNOT00000000162	8,7,6,5,4	17:80978217-81005157|17:81026139-81032833
16	2616142	2645716	circular_RNA/2	1	+	2616142	2616142	0,0,0	15	146,93,73,92,162,122,32,106,104,104,73,72,702,368,145	0,1475,2587,3037,3638,7309,9399,10031,11636,11826,23154,23313,24684,27711,29429	2	circRNA	ENSRNOT00000104649	ENSRNOT00000104649	2,3,4,5,6,7,8,9,10,11,12,13,14,15,16	16:2607407-2616142|16:2645716-2651347
16	2616142	2639527	circular_RNA/4	1	+	2616142	2616142	0,0,0	12	146,93,73,92,162,122,32,106,104,104,73,72	0,1475,2587,3037,3638,7309,9399,10031,11636,11826,23154,23313	4	circRNA	ENSRNOT00000104649	ENSRNOT00000104649	2,3,4,5,6,7,8,9,10,11,12,13	16:2607407-2616142|16:2639527-2640826
16	2616142	2628072	circular_RNA/1	0	+	2616142	2616142	0,0,0	10	146,93,73,92,162,122,32,106,104,104	0,1475,2587,3037,3638,7309,9399,10031,11636,11826	1	circRNA	ENSRNOT00000104649	ENSRNOT00000104649	2,3,4,5,6,7,8,9,10,11	16:2607407-2616142|16:2628072-2639296
16	3218629	3244843	circular_RNA/1	1	+	3218629	3218629	0,0,0	4	138,141,141,194	0,8272,11336,26020	1	circRNA	ENSRNOT00000081999	ENSRNOT00000081999	7,8,9,10	16:3173983-3218629|16:3244843-3284875
16	4233178	4297289	circular_RNA/3	0	-	4233178	4233178	0,0,0	13	81,122,96,94,98,46,68,62,72,84,75,81,72	0,3223,10489,13858,15960,16203,20360,21701,22023,29752,56941,62713,64039	3	circRNA	ENSRNOT00000117613	ENSRNOT00000117613	26,25,24,23,22,21,20,19,18,17,16,15,14	16:4173206-4233178|16:4297289-4317415
16	6199328	6205672	circular_RNA/1	1	+	6199328	6199328	0,0,0	6	54,99,214,118,85,113	0,149,3341,5680,6002,6231	1	circRNA	ENSRNOT00000013291	ENSRNOT00000013291	2,3,4,5,6,7	16:6192407-6199328|16:6205672-6206109
16	6548891	6573492	circular_RNA/2	1	+	6548891	6548891	0,0,0	12	109,158,68,201,87,127,86,94,147,107,121,145	0,3980,4977,7156,10067,12700,14403,15831,19208,20097,20973,24456	2	circRNA	ENSRNOT00000026323	ENSRNOT00000026323	2,3,4,5,6,7,8,9,10,11,12,13	16:6545985-6548891|16:6573492-6574330
16	43783409	43807470	circular_RNA/2	1	+	43783409	43783409	0,0,0	2	235,239	0,23822	2	circRNA	ENSRNOT00000094358	ENSRNOT00000094358	13,14	16:43558081-43783409|16:43807470-43831827
16	51028795	51067664	circular_RNA/2	1	-	51028795	51028795	0,0,0	16	132,173,165,359,172,191,146,220,198,191,141,130,143,227,155,174	0,461,5775,19063,21918,25193,25875,26127,27934,30451,31663,34199,34466,37705,38052,38695	2	circRNA	ENSRNOT00000014202	ENSRNOT00000014202	25,24,23,22,21,20,19,18,17,16,15,14,13,12,11,10	16:51026568-51028795|16:51067664-51068348
16	51668615	51701990	circular_RNA/3	1	+	51668615	51668615	0,0,0	6	123,163,158,129,135,133	0,1834,11392,22259,27687,33242	3	circRNA	ENSRNOT00000105685	ENSRNOT00000105685	2,3,4,5,6,7	16:51641376-51668615|16:51701990-51719019
16	51668615	51696437	circular_RNA/2	0	+	51668615	51668615	0,0,0	5	123,163,158,129,135	0,1834,11392,22259,27687	2	circRNA	ENSRNOT00000105685	ENSRNOT00000105685	2,3,4,5,6	16:51641376-51668615|16:51696437-51701857
16	66431063	66431803	circular_RNA/4	1	-	66431063	66431063	0,0,0	1	740	0	4	circRNA	ENSRNOT00000113020	ENSRNOT00000113020	2	16:66422473-66431063|16:66431803-66464267
19	9339470	9346068	circular_RNA/3	0	+	9339470	9339470	0,0,0	6	102,174,150,181,133,135	0,1257,2647,3659,5591,6463	3	circRNA	ENSRNOT00000016563	ENSRNOT00000016563	43,44,45,46,47,48	19:9338433-9339470|19:9346068-9346218
19	16067050	16068663	circular_RNA/4	1	-	16067050	16067050	0,0,0	1	1613	0	4	circRNA	ENSRNOT00000075991	ENSRNOT00000075991	2	19:16041540-16067050|19:16068663-16092059
19	21910935	21913234	circular_RNA/1	0	-	21910935	21910935	0,0,0	3	163,144,160	0,795,2139	1	circRNA	ENSRNOT00000100796	ENSRNOT00000100796	6,5,4	19:21910221-21910935|19:21913234-21914299
19	34940128	34942106	circular_RNA/3	1	+	34940128	34940128	0,0,0	4	112,148,62,120	0,206,1695,1858	3	circRNA	ENSRNOT00000050612	ENSRNOT00000050612	2,3,4,5	19:34935230-34940128|19:34942106-34943700
19	38268082	38279382	circular_RNA/1	0	+	38268082	38268082	0,0,0	3	158,126,120	0,2150,11180	1	circRNA	ENSRNOT00000035590	ENSRNOT00000035590	2,3,4	19:38237116-38268082|19:38279382-38282601
18	2926937	2964774	circular_RNA/1	0	+	2926937	2926937	0,0,0	8	204,43,96,113,67,176,105,98	0,9837,13264,24215,27634,32330,35528,37739	1	circRNA	ENSRNOT00000111657	ENSRNOT00000111657	2,3,4,5,6,7,8,9	18:2923197-2926937|18:2964774-2966603
18	5996336	6026614	circular_RNA/1	1	+	5996336	5996336	0,0,0	7	129,110,170,131,126,57,105	0,680,8043,12704,17924,21781,30173	1	circRNA	ENSRNOT00000037955	ENSRNOT00000037955	8,9,10,11,12,13,14	18:5979540-5996336|18:6026614-6064197
18	16496088	16722296	circular_RNA/1	1	+	16496088	16496088	0,0,0	9	36,143,95,116,128,674,84,182,109	0,672,5856,24169,94264,149415,156250,213145,226099	1	circRNA	ENSRNOT00000103230	ENSRNOT00000103230	2,3,4,5,6,7,8,9,10	18:16489958-16496088|18:16722296-16772712
18	26078525	26095144	circular_RNA/3	0	-	26078525	26078525	0,0,0	4	139,161,142,178	0,8419,16009,16441	3	circRNA	ENSRNOT00000027663	ENSRNOT00000027663	8,7,6,5	18:26067384-26078525|18:26095144-26097424
18	27386812	27400055	circular_RNA/1	0	+	27386812	27386812	0,0,0	5	64,32,78,106,94	0,10494,10606,10764,13149	1	circRNA	ENSRNOT00000095794	ENSRNOT00000095794	3,4,5,6,7	18:27364752-27386812|18:27400055-27404671
18	31138003	31159967	circular_RNA/1	0	+	31138003	31138003	0,0,0	3	160,139,151	0,11144,21813	1	circRNA	ENSRNOT00000090882	ENSRNOT00000090882	18,19,20	18:31097100-31138003|18:31159967-31186591
18	34317556	34322626	circular_RNA/4	1	+	34317556	34317556	0,0,0	4	154,297,144,120	0,1163,3189,4950	4	circRNA	ENSRNOT00000036613	ENSRNOT00000036613	12,13,14,15	18:34316868-34317556|18:34322626-34323771
18	34558495	34559256	circular_RNA/1	1	+	34558495	34558495	0,0,0	2	165,183	0,578	1	circRNA	ENSRNOT00000106966	ENSRNOT00000106966	17,18	18:34555087-34558495|18:34559256-34561601
18	43106281	43147425	circular_RNA/1	1	+	43106281	43106281	0,0,0	11	158,170,86,202,118,63,87,122,142,61,128	0,7494,9748,10873,12437,16182,24314,26725,27705,35807,41016	1	circRNA	ENSRNOT00000031812	ENSRNOT00000031812	29,30,31,32,33,34,35,36,37,38,39	18:43095670-43106281|18:43147425-43151246
18	59163822	59175930	circular_RNA/2	1	+	59163822	59163822	0,0,0	3	177,163,282	0,7009,11826	2	circRNA	ENSRNOT00000082403	ENSRNOT00000082403	4,5,6	18:59159165-59163822|18:59175930-59197150
18	64932417	64954639	circular_RNA/3	1	-	64932417	64932417	0,0,0	4	117,227,163,66	0,5071,15389,22156	3	circRNA	ENSRNOT00000064947	ENSRNOT00000064947	25,24,23,22	18:64917239-64932417|18:64954639-64973601
18	67251065	67274438	circular_RNA/4	0	-	67251065	67251065	0,0,0	9	169,184,51,117,120,213,30,175,377	0,835,8124,9446,9654,13496,20504,21141,22996	4	circRNA	ENSRNOT00000082484	ENSRNOT00000082484	9,8,7,6,5,4,3,2,1	18:67246616-67251065|None
18	68723701	68736953	circular_RNA/5	1	+	68723701	68723701	0,0,0	5	180,179,126,114,95	0,5346,9379,11736,13157	5	circRNA	ENSRNOT00000066336	ENSRNOT00000066336	9,10,11,12,13	18:68692084-68723701|18:68736953-68808771
