X	14633403	14633959	circular_RNA/1	0	-	14633403	14633403	0,0,0	3	149,157,65	0,246,491	1	circRNA	ENSRNOT00000112857	ENSRNOT00000112857	8,7,6	X:14629377-14633403|X:14633959-14644247
X	20191146	20191798	circular_RNA/1	1	+	20191146	20191146	0,0,0	1	652	0	1	circRNA	ENSRNOT00000082177	ENSRNOT00000082177	2	X:20157186-20191146|X:20191798-20202836
X	37022080	37082153	circular_RNA/1	0	+	37022080	37022080	0,0,0	8	120,60,69,147,134,212,90,215	0,5015,9861,25110,35112,38422,58307,59858	1	circRNA	ENSRNOT00000009802	ENSRNOT00000009802	6,7,8,9,10,11,12,13	X:36996603-37022080|X:37082153-37104373
X	60810765	60812267	circular_RNA/1	1	+	60810765	60810765	0,0,0	2	90,761	0,741	1	circRNA	ENSRNOT00000044006	ENSRNOT00000044006	4,5	X:60670770-60810765|X:60812267-60839018
X	70892811	70913035	circular_RNA/1	0	-	70892811	70892811	0,0,0	12	118,176,138,178,147,110,142,222,103,94,174,137	0,1591,3039,8529,8844,9637,10528,14556,15470,16855,19510,20087	1	circRNA	ENSRNOT00000087977	ENSRNOT00000087977	22,21,20,19,18,17,16,15,14,13,12,11	X:70889837-70892811|X:70913035-70923602
X	76654286	76655396	circular_RNA/1	0	-	76654286	76654286	0,0,0	1	1110	0	1	circRNA	ENSRNOT00000077587	ENSRNOT00000077587	2	X:76643654-76654286|X:76655396-76656689
X	98766725	98766797	circular_RNA/1	1	+	98766725	98766725	0,0,0	1	72	0	1	circRNA	ENSRNOT00000102872	ENSRNOT00000102872	8	X:98766579-98766725|X:98766797-98766958
X	116340232	116342891	circular_RNA/1	0	-	116340232	116340232	0,0,0	2	161,183	0,2476	1	circRNA	ENSRNOT00000032618	ENSRNOT00000032618	8,7	X:116339413-116340232|X:116342891-116343295
X	127721473	127723300	circular_RNA/2	1	-	127721473	127721473	0,0,0	2	138,323	0,1504	2	circRNA	ENSRNOT00000044435	ENSRNOT00000044435	15,14	X:127719933-127721473|X:127723300-127726886
20	43219375	43259965	circular_RNA/1	0	+	43219375	43219375	0,0,0	14	120,238,143,4147,932,83,126,193,112,116,119,119,142,245	0,3714,7518,8125,14868,17987,19460,24648,26810,28490,34588,36951,39810,40345	1	circRNA	ENSRNOT00000057227	ENSRNOT00000057227	10,11,12,13,14,15,16,17,18,19,20,21,22,23	20:43211561-43219375|20:43259965-43261063
20	46886345	46906785	circular_RNA/3	1	+	46886345	46886345	0,0,0	3	174,132,33	0,1803,20407	3	circRNA	ENSRNOT00000107145	ENSRNOT00000107145	5,6,7	20:46863642-46886345|20:46906785-46913971
1	2217783	2222921	circular_RNA/2	1	+	2217783	2217783	0,0,0	3	175,158,181	0,2326,4957	2	circRNA	ENSRNOT00000020417	ENSRNOT00000020417	2,3,4	1:2202683-2217783|1:2222921-2228420
1	20096534	20118523	circular_RNA/3	1	+	20096534	20096534	0,0,0	4	132,155,137,161	0,7168,18463,21828	3	circRNA	ENSRNOT00000096819	ENSRNOT00000096819	2,3,4,5	1:20087508-20096534|1:20118523-20142447
1	26953198	26962700	circular_RNA/2	1	+	26953198	26953198	0,0,0	6	108,114,126,185,1043,169	0,2446,3527,5002,7390,9333	2	circRNA	ENSRNOT00000018849	ENSRNOT00000018849	5,6,7,8,9,10	1:26950605-26953198|1:26962700-26999550
1	26955644	26962700	circular_RNA/1	1	+	26955644	26955644	0,0,0	5	114,126,185,1043,169	0,1081,2556,4944,6887	1	circRNA	ENSRNOT00000018849	ENSRNOT00000018849	6,7,8,9,10	1:26953306-26955644|1:26962700-26999550
1	55921772	55927170	circular_RNA/2	0	-	55921772	55921772	0,0,0	6	78,79,83,122,68,104	0,1846,3341,3823,4188,5294	2	circRNA	ENSRNOT00000020889	ENSRNOT00000020889	25,24,23,22,21,20	1:55918674-55921772|1:55927170-55928456
1	58275504	58284920	circular_RNA/2	0	-	58275504	58275504	0,0,0	4	162,185,157,184	0,1647,7926,9232	2	circRNA	ENSRNOT00000080325	ENSRNOT00000080325	15,14,13,12	1:58268286-58275504|1:58284920-58292696
1	88384759	88391526	circular_RNA/1	1	-	88384759	88384759	0,0,0	4	124,146,122,91	0,2366,4115,6676	1	circRNA	ENSRNOT00000039115	ENSRNOT00000039115	7,6,5,4	1:88383699-88384759|1:88391526-88412450
1	95444099	95444973	circular_RNA/1	1	-	95444099	95444099	0,0,0	2	153,135	0,739	1	circRNA	ENSRNOT00000035908	ENSRNOT00000035908	16,15	1:95443587-95444099|1:95444973-95445483
1	97016321	97101949	circular_RNA/2	0	-	97016321	97016321	0,0,0	2	37,167	0,85461	2	circRNA	ENSRNOT00000111093	ENSRNOT00000111093	10,9	1:96950033-97016321|1:97101949-97126427
1	107683069	107868414	circular_RNA/1	1	-	107683069	107683069	0,0,0	3	138,83,221	0,183554,185124	1	circRNA	ENSRNOT00000093339	ENSRNOT00000093339	6,5,4	1:107646273-107683069|1:107868414-108181758
1	110123129	110139891	circular_RNA/1	1	+	110123129	110123129	0,0,0	7	284,1247,145,206,165,156,74	0,3913,12639,14226,15040,16433,16688	1	circRNA	ENSRNOT00000021366	ENSRNOT00000021366	5,6,7,8,9,10,11	1:110089926-110123129|1:110139891-110153395
1	110464942	110477824	circular_RNA/4	1	-	110464942	110464942	0,0,0	3	190,96,147	0,2579,12735	4	circRNA	ENSRNOT00000111921	ENSRNOT00000111921	4,3,2	1:110458572-110464942|1:110477824-110480299
1	110467521	110477824	circular_RNA/3	1	-	110467521	110467521	0,0,0	2	96,147	0,10156	3	circRNA	ENSRNOT00000111921	ENSRNOT00000111921	3,2	1:110465132-110467521|1:110477824-110480299
1	111208422	111208513	circular_RNA/1	1	-	111208422	111208422	0,0,0	1	91	0	1	circRNA	ENSRNOT00000099446	ENSRNOT00000099446	2	1:111197865-111208422|1:111208513-111212774
1	111208422	111237460	circular_RNA/2	1	-	111208422	111208422	0,0,0	2	91,91	0,28947	2	circRNA	ENSRNOT00000096548	ENSRNOT00000096548	3,2	1:111197865-111208422|1:111237460-111241719
1	111237369	111237460	circular_RNA/7	1	-	111237369	111237369	0,0,0	1	91	0	7	circRNA	ENSRNOT00000096548	ENSRNOT00000096548	2	1:111208513-111237369|1:111237460-111241719
1	121155097	121218199	circular_RNA/2	1	-	121155097	121155097	0,0,0	6	103,112,55,61,138,38	0,13120,22267,29061,62027,63064	2	circRNA	ENSRNOT00000033858	ENSRNOT00000033858	9,8,7,6,5,4	1:121145506-121155097|1:121218199-121227668
1	128987171	128990135	circular_RNA/1	1	-	128987171	128987171	0,0,0	2	201,134	0,2830	1	circRNA	ENSRNOT00000015084	ENSRNOT00000015084	11,10	1:128983220-128987171|1:128990135-128999859
1	136735207	136749367	circular_RNA/1	1	+	136735207	136735207	0,0,0	3	132,148,980	0,4923,13180	1	circRNA	ENSRNOT00000047408	ENSRNOT00000047408	16,17,18	1:136690369-136735207|1:136749367-136758166
1	141321053	141328067	circular_RNA/2	1	+	141321053	141321053	0,0,0	2	144,856	0,6158	2	circRNA	ENSRNOT00000050639	ENSRNOT00000050639	3,4	1:141313265-141321053|1:141328067-141542894
1	145778846	146197329	circular_RNA/1	1	+	145778846	145778846	0,0,0	11	54,51,125,170,137,145,139,156,69,157,103	0,71911,142089,175037,231294,254000,256324,296203,349577,378511,418380	1	circRNA	ENSRNOT00000112321	ENSRNOT00000112321	7,8,9,10,11,12,13,14,15,16,17	1:145468458-145778846|1:146197329-146354119
1	145850757	145850808	circular_RNA/1	1	+	145850757	145850757	0,0,0	1	51	0	1	circRNA	ENSRNOT00000112321	ENSRNOT00000112321	8	1:145778900-145850757|1:145850808-145920935
1	146699563	146719499	circular_RNA/5	1	-	146699563	146699563	0,0,0	15	36,93,156,184,106,120,100,976,538,91,181,1118,195,189,126	0,475,981,1950,3177,3692,8001,11466,12481,13986,14174,15136,17560,18059,19810	5	circRNA	ENSRNOT00000094339	ENSRNOT00000094339	16,15,14,13,12,11,10,9,8,7,6,5,4,3,2	1:146698347-146699563|1:146719499-146723053
1	151047333	151059691	circular_RNA/1	1	+	151047333	151047333	0,0,0	3	256,99,236	0,10812,12122	1	circRNA	ENSRNOT00000015181	ENSRNOT00000015181	5,6,7	1:150902682-151047333|1:151059691-151084171
1	156537151	156552321	circular_RNA/6	0	-	156537151	156537151	0,0,0	4	117,188,134,141	0,5766,9284,15029	6	circRNA	ENSRNOT00000027575	ENSRNOT00000027575	15,14,13,12	1:156534058-156537151|1:156552321-156559014
1	170641696	170660961	circular_RNA/2	1	-	170641696	170641696	0,0,0	2	104,1129	0,18136	2	circRNA	ENSRNOT00000055120	ENSRNOT00000055120	4,3	1:170632278-170641696|1:170660961-170682623
1	173137931	173157683	circular_RNA/2	1	+	173137931	173137931	0,0,0	5	64,99,78,115,140	0,2696,4502,6056,19612	2	circRNA	ENSRNOT00000105295	ENSRNOT00000105295	23,24,25,26,27	1:173135340-173137931|1:173157683-173171452
1	175593996	175604187	circular_RNA/1	1	+	175593996	175593996	0,0,0	3	191,210,185	0,4285,10006	1	circRNA	ENSRNOT00000039186	ENSRNOT00000039186	2,3,4	1:175578182-175593996|1:175604187-175622387
1	197071877	197076510	circular_RNA/1	1	+	197071877	197071877	0,0,0	5	165,98,151,66,61	0,360,530,2674,4572	1	circRNA	ENSRNOT00000027134	ENSRNOT00000027134	10,11,12,13,14	1:197071581-197071877|1:197076510-197077358
1	201623322	201679021	circular_RNA/1	1	-	201623322	201623322	0,0,0	15	90,132,270,84,395,127,116,154,94,107,179,47,79,139,95	0,1413,1883,4048,15011,17809,20417,21340,22812,23326,25999,30100,30532,31522,55604	1	circRNA	ENSRNOT00000054850	ENSRNOT00000054850	16,15,14,13,12,11,10,9,8,7,6,5,4,3,2	1:201621365-201623322|1:201679021-201680453
1	201638333	201679021	circular_RNA/1	1	-	201638333	201638333	0,0,0	11	395,127,116,154,94,107,179,47,79,139,95	0,2798,5406,6329,7801,8315,10988,15089,15521,16511,40593	1	circRNA	ENSRNOT00000054850	ENSRNOT00000054850	12,11,10,9,8,7,6,5,4,3,2	1:201627454-201638333|1:201679021-201680453
1	211678897	211682788	circular_RNA/2	0	-	211678897	211678897	0,0,0	5	77,194,133,153,150	0,525,1031,2283,3741	2	circRNA	ENSRNOT00000118465	ENSRNOT00000118465	9,8,7,6,5	1:211668912-211678897|1:211682788-211724058
1	214063778	214094552	circular_RNA/2	0	-	214063778	214063778	0,0,0	13	115,187,143,95,130,63,172,107,128,58,81,60,60	0,200,7823,8253,9465,10038,11822,14292,14581,22123,28306,28647,30714	2	circRNA	ENSRNOT00000102736	ENSRNOT00000102736	19,18,17,16,15,14,13,12,11,10,9,8,7	1:214050902-214063778|1:214094552-214103049
1	227522749	227551977	circular_RNA/2	1	-	227522749	227522749	0,0,0	3	80,1418,201	0,12919,29027	2	circRNA	ENSRNOT00000039428	ENSRNOT00000039428	4,3,2	1:227514293-227522749|1:227551977-227569270
1	240357829	240367244	circular_RNA/3	1	+	240357829	240357829	0,0,0	3	133,288,94	0,6432,9321	3	circRNA	ENSRNOT00000114892	ENSRNOT00000114892	5,6,7	1:240341241-240357829|1:240367244-240391052
1	243786004	243801845	circular_RNA/2	0	+	243786004	243786004	0,0,0	8	44,734,55,968,19,71,123,168	0,683,3883,8329,9795,10289,14777,15673	2	circRNA	ENSRNOT00000082412	ENSRNOT00000082412	2,3,4,5,6,7,8,9	1:243783149-243786004|1:243801845-243804330
1	243794333	243800904	circular_RNA/2	1	+	243794333	243794333	0,0,0	4	968,19,71,123	0,1466,1960,6448	2	circRNA	ENSRNOT00000082412	ENSRNOT00000082412	5,6,7,8	1:243789942-243794333|1:243800904-243801677
1	249187052	249207844	circular_RNA/1	0	-	249187052	249187052	0,0,0	4	147,180,90,119	0,11865,18406,20673	1	circRNA	ENSRNOT00000099121	ENSRNOT00000099121	10,9,8,7	1:249171404-249187052|1:249207844-249233897
1	256692382	256732501	circular_RNA/1	1	+	256692382	256692382	0,0,0	9	84,114,129,209,175,88,256,184,155	0,1157,9360,13110,20589,22531,24408,27197,39964	1	circRNA	ENSRNOT00000023414	ENSRNOT00000023414	2,3,4,5,6,7,8,9,10	1:256671265-256692382|1:256732501-256741474
3	7649807	7673093	circular_RNA/2	0	-	7649807	7649807	0,0,0	5	189,137,172,557,67	0,637,14135,20307,23219	2	circRNA	ENSRNOT00000066777	ENSRNOT00000066777	6,5,4,3,2	3:7645326-7649807|3:7673093-7673280
3	14377104	14386704	circular_RNA/3	1	-	14377104	14377104	0,0,0	3	148,57,116	0,1018,9484	3	circRNA	ENSRNOT00000096687	ENSRNOT00000096687	4,3,2	3:14364548-14377104|3:14386704-14424202
3	17741316	17753437	circular_RNA/10	1	+	17741316	17741316	0,0,0	3	328,90,149	0,2878,11972	10	circRNA	ENSRNOT00000023889	ENSRNOT00000023889	2,3,4	3:17716250-17741316|3:17753437-17802412
3	17741316	17802585	circular_RNA/5	0	+	17741316	17741316	0,0,0	4	328,90,149,173	0,2878,11972,61096	5	circRNA	ENSRNOT00000023889	ENSRNOT00000023889	2,3,4,5	3:17716250-17741316|3:17802585-17818689
3	21231999	21256197	circular_RNA/5	1	+	21231999	21231999	0,0,0	10	199,223,205,148,158,111,67,103,170,175	0,2826,3835,6098,7566,10962,11397,13519,15395,24023	5	circRNA	ENSRNOT00000013378	ENSRNOT00000013378	2,3,4,5,6,7,8,9,10,11	3:21208198-21231999|3:21256197-21262139
3	53010069	53073730	circular_RNA/4	0	-	53010069	53010069	0,0,0	9	68,63,30,123,66,49,134,102,110	0,1928,7219,7342,53844,54026,60879,63121,63551	4	circRNA	ENSRNOT00000037133	ENSRNOT00000037133	14,13,12,11,10,9,8,7,6	3:52968249-53010069|3:53073730-53101142
3	53063913	53120229	circular_RNA/1	1	-	53063913	53063913	0,0,0	9	66,49,134,102,110,56,142,109,113	0,182,7035,9277,9707,37229,38400,44370,56203	1	circRNA	ENSRNOT00000087122	ENSRNOT00000087122	10,9,8,7,6,5,4,3,2	3:53017534-53063913|3:53120229-53146924
3	53063913	53108392	circular_RNA/2	0	-	53063913	53063913	0,0,0	8	66,49,134,102,110,56,142,109	0,182,7035,9277,9707,37229,38400,44370	2	circRNA	ENSRNOT00000037133	ENSRNOT00000037133	10,9,8,7,6,5,4,3	3:53017534-53063913|3:53108392-53120116
3	54673003	54705712	circular_RNA/1	1	+	54673003	54673003	0,0,0	9	140,156,144,50,67,131,229,180,134	0,3745,11644,12312,23735,24894,26465,31864,32575	1	circRNA	ENSRNOT00000011380	ENSRNOT00000011380	2,3,4,5,6,7,8,9,10	3:54650658-54673003|3:54705712-54713133
3	56065674	56071168	circular_RNA/1	1	+	56065674	56065674	0,0,0	8	96,163,100,126,147,114,134,145	0,453,705,1292,2866,3386,3810,5349	1	circRNA	ENSRNOT00000047243	ENSRNOT00000047243	7,8,9,10,11,12,13,14	3:56056430-56065674|3:56071168-56080481
3	57821406	57847776	circular_RNA/7	0	-	57821406	57821406	0,0,0	2	193,1360	0,25010	7	circRNA	ENSRNOT00000103163	ENSRNOT00000103163	5,4	3:57816188-57821406|3:57847776-57854981
3	58744047	58755343	circular_RNA/2	0	-	58744047	58744047	0,0,0	4	87,129,119,97	0,8004,8276,11199	2	circRNA	ENSRNOT00000050513	ENSRNOT00000050513	8,7,6,5	3:58732753-58744047|3:58755343-58764878
3	76691290	76699480	circular_RNA/1	1	+	76691290	76691290	0,0,0	6	161,134,71,160,70,99	0,3186,4572,5394,6624,8091	1	circRNA	ENSRNOT00000112842	ENSRNOT00000112842	17,18,19,20,21,22	3:76690764-76691290|3:76699480-76702429
3	100299615	100303441	circular_RNA/5	1	+	100299615	100299615	0,0,0	2	785,151	0,3675	5	circRNA	ENSRNOT00000042103	ENSRNOT00000042103	5,6	3:100255303-100299615|3:100303441-100335849
3	106880312	106903376	circular_RNA/1	0	+	106880312	106880312	0,0,0	8	1128,940,79,96,132,105,668,346	0,13451,16303,16484,18276,18638,20107,22718	1	circRNA	ENSRNOT00000008528	ENSRNOT00000008528	2,3,4,5,6,7,8,9	3:106851789-106880312|3:106903376-106908785
3	117704706	117716571	circular_RNA/1	0	+	117704706	117704706	0,0,0	6	79,351,27,85,74,137	0,512,5724,9957,11305,11728	1	circRNA	ENSRNOT00000055801	ENSRNOT00000055801	2,3,4,5,6,7	3:117650441-117704706|3:117716571-117732681
3	124122615	124123147	circular_RNA/2	1	+	124122615	124122615	0,0,0	1	532	0	2	ciRNA	ENSRNOT00000080581	ENSRNOT00000080581	8	3:124122615-124123338
3	143016143	143026202	circular_RNA/1	0	+	143016143	143016143	0,0,0	4	90,182,254,86	0,4878,6704,9973	1	circRNA	ENSRNOT00000021907	ENSRNOT00000021907	4,5,6,7	3:143012504-143016143|3:143026202-143029147
3	144048831	144049397	circular_RNA/3	1	-	144048831	144048831	0,0,0	1	566	0	3	ciRNA	ENSRNOT00000115033	ENSRNOT00000115033	12	3:144048386-144049397
2	6481150	6511618	circular_RNA/1	1	+	6481150	6481150	0,0,0	4	171,131,187,94	0,12003,25423,30374	1	circRNA	ENSRNOT00000017828	ENSRNOT00000017828	6,7,8,9	2:6452564-6481150|2:6511618-6527943
2	6481150	6532799	circular_RNA/3	1	+	6481150	6481150	0,0,0	9	171,131,187,94,103,103,102,75,120	0,12003,25423,30374,46793,48597,49027,49595,51529	3	circRNA	ENSRNOT00000017828	ENSRNOT00000017828	6,7,8,9,10,11,12,13,14	2:6452564-6481150|2:6532799-6619757
2	7664417	7888500	circular_RNA/1	1	+	7664417	7664417	0,0,0	5	192,219,120,117,85	0,57679,141411,217554,223998	1	circRNA	ENSRNOT00000093741	ENSRNOT00000093741	5,6,7,8,9	2:7642861-7664417|2:7888500-8015436
2	15841505	15850579	circular_RNA/3	0	+	15841505	15841505	0,0,0	4	74,211,164,71	0,1155,6003,9003	3	circRNA	ENSRNOT00000049423	ENSRNOT00000049423	4,5,6,7	2:15836518-15841505|2:15850579-15854090
2	22740676	22765918	circular_RNA/5	0	+	22740676	22740676	0,0,0	3	73,62,85	0,12727,25157	5	circRNA	ENSRNOT00000109181	ENSRNOT00000109181	2,3,4	2:22651418-22740676|2:22765918-22857323
2	24583887	24591314	circular_RNA/1	1	+	24583887	24583887	0,0,0	3	157,132,93	0,4702,7334	1	circRNA	ENSRNOT00000104734	ENSRNOT00000104734	2,3,4	2:24544298-24583887|2:24591314-24598459
2	24583887	24598599	circular_RNA/16	1	+	24583887	24583887	0,0,0	4	157,132,93,140	0,4702,7334,14572	16	circRNA	ENSRNOT00000104734	ENSRNOT00000104734	2,3,4,5	2:24544298-24583887|2:24598599-24608968
2	25016894	25027790	circular_RNA/4	1	+	25016894	25016894	0,0,0	3	187,191,208	0,3769,10688	4	circRNA	ENSRNOT00000014860	ENSRNOT00000014860	2,3,4	2:25002723-25016894|2:25027790-25075638
2	25016894	25075882	circular_RNA/6	1	+	25016894	25016894	0,0,0	4	187,191,208,244	0,3769,10688,58744	6	circRNA	ENSRNOT00000014860	ENSRNOT00000014860	2,3,4,5	2:25002723-25016894|2:25075882-25101085
2	30138813	30159039	circular_RNA/1	0	-	30138813	30138813	0,0,0	5	97,99,105,153,142	0,1475,8826,19846,20084	1	circRNA	ENSRNOT00000100868	ENSRNOT00000100868	8,7,6,5,4	2:30122518-30138813|2:30159039-30165480
2	35339234	35356922	circular_RNA/1	0	-	35339234	35339234	0,0,0	9	183,82,182,190,191,448,121,101,103	0,895,2824,6456,10083,12652,15116,15382,17585	1	circRNA	ENSRNOT00000016863	ENSRNOT00000016863	10,9,8,7,6,5,4,3,2	2:35337818-35339234|2:35356922-35360126
2	44323373	44342922	circular_RNA/1	1	+	44323373	44323373	0,0,0	8	133,122,64,94,171,60,192,108	0,3436,3686,4472,10177,13334,17211,19441	1	circRNA	ENSRNOT00000013218	ENSRNOT00000013218	3,4,5,6,7,8,9,10	2:44302985-44323373|2:44342922-44353702
2	49829696	49895275	circular_RNA/2	1	+	49829696	49829696	0,0,0	3	147,241,165	0,17745,65414	2	circRNA	ENSRNOT00000089218	ENSRNOT00000089218	5,6,7	2:49798570-49829696|2:49895275-49898743
2	57207415	57212264	circular_RNA/1	1	+	57207415	57207415	0,0,0	5	92,170,106,73,90	0,771,1573,3195,4759	1	circRNA	ENSRNOT00000082694	ENSRNOT00000082694	5,6,7,8,9	2:57206662-57207415|2:57212264-57213199
2	57472859	57490814	circular_RNA/1	0	-	57472859	57472859	0,0,0	8	627,97,161,152,100,128,166,142	0,2952,3673,10055,10847,13109,15611,17813	1	circRNA	ENSRNOT00000083247	ENSRNOT00000083247	9,8,7,6,5,4,3,2	2:57465339-57472859|2:57490814-57565622
2	61166287	61180456	circular_RNA/3	1	+	61166287	61166287	0,0,0	8	248,192,292,197,120,146,163,206	0,3202,3835,6676,7292,9449,12883,13963	3	circRNA	ENSRNOT00000016196	ENSRNOT00000016196	6,7,8,9,10,11,12,13	2:61161778-61166287|2:61180456-61181776
2	61932800	61958446	circular_RNA/1	1	+	61932800	61932800	0,0,0	10	108,139,61,60,100,103,71,45,158,106	0,542,1203,11317,12753,15686,17610,22785,24219,25540	1	circRNA	ENSRNOT00000048026	ENSRNOT00000048026	20,21,22,23,24,25,26,27,28,29	2:61927919-61932800|2:61958446-61967461
2	81478702	81631793	circular_RNA/1	1	+	81478702	81478702	0,0,0	4	113,35,117,173	0,139378,139988,152918	1	circRNA	ENSRNOT00000044871	ENSRNOT00000044871	3,4,5,6	2:81329785-81478702|2:81631793-81645740
2	115754466	115848798	circular_RNA/1	0	-	115754466	115754466	0,0,0	6	97,124,195,112,105,72	0,1273,2491,10268,19807,94260	1	circRNA	ENSRNOT00000097356	ENSRNOT00000097356	7,6,5,4,3,2	2:115743293-115754466|2:115848798-115850226
2	119734820	119752473	circular_RNA/1	1	+	119734820	119734820	0,0,0	8	82,194,80,151,157,79,92,118	0,581,2708,4394,7999,14889,16043,17535	1	circRNA	ENSRNOT00000118559	ENSRNOT00000118559	8,9,10,11,12,13,14,15	2:119729292-119734820|2:119752473-119766341
2	123947910	123958481	circular_RNA/1	0	+	123947910	123947910	0,0,0	6	59,60,175,141,144,166	0,556,2373,7314,9839,10405	1	circRNA	ENSRNOT00000110414	ENSRNOT00000110414	2,3,4,5,6,7	2:123936893-123947910|2:123958481-123961911
2	124647887	124728209	circular_RNA/2	1	-	124647887	124647887	0,0,0	13	197,193,146,75,72,99,178,92,91,71,66,123,136	0,6453,11770,14338,17605,22533,27673,43411,47250,63867,69402,71162,80186	2	circRNA	ENSRNOT00000100161	ENSRNOT00000100161	18,17,16,15,14,13,12,11,10,9,8,7,6	2:124641232-124647887|2:124728209-124734346
2	124647887	124719172	circular_RNA/18	1	-	124647887	124647887	0,0,0	12	197,193,146,75,72,99,178,92,91,71,66,123	0,6453,11770,14338,17605,22533,27673,43411,47250,63867,69402,71162	18	circRNA	ENSRNOT00000100161	ENSRNOT00000100161	18,17,16,15,14,13,12,11,10,9,8,7	2:124641232-124647887|2:124719172-124728073
2	124659657	124675738	circular_RNA/1	0	-	124659657	124659657	0,0,0	5	146,75,72,99,178	0,2568,5835,10763,15903	1	circRNA	ENSRNOT00000100161	ENSRNOT00000100161	16,15,14,13,12	2:124654533-124659657|2:124675738-124691298
2	138440102	138461728	circular_RNA/1	1	+	138440102	138440102	0,0,0	4	140,314,196,195	0,10993,18222,21431	1	circRNA	ENSRNOT00000044028	ENSRNOT00000044028	5,6,7,8	2:138426719-138440102|2:138461728-138473749
2	150002405	150038800	circular_RNA/1	1	+	150002405	150002405	0,0,0	4	204,94,165,300	0,18103,32861,36095	1	circRNA	ENSRNOT00000098221	ENSRNOT00000098221	9,10,11,12	2:149999944-150002405|2:150038800-150059061
2	171765388	171818634	circular_RNA/2	1	+	171765388	171765388	0,0,0	6	134,79,134,62,65,109	0,6948,8240,12225,30413,53137	2	circRNA	ENSRNOT00000088807	ENSRNOT00000088807	31,32,33,34,35,36	2:171756800-171765388|2:171818634-171860153
2	172324066	172324494	circular_RNA/1	1	-	172324066	172324066	0,0,0	1	428	0	1	ciRNA	ENSRNOT00000079954	ENSRNOT00000079954	2	2:172252414-172324494
2	174159394	174162300	circular_RNA/2	1	+	174159394	174159394	0,0,0	4	212,61,58,254	0,1307,2366,2652	2	circRNA	ENSRNOT00000027385	ENSRNOT00000027385	7,8,9,10	2:174156608-174159394|2:174162300-174173248
2	174362747	174402781	circular_RNA/1	1	+	174362747	174362747	0,0,0	4	516,4558,102,736	0,12549,32020,39298	1	circRNA	ENSRNOT00000115989	ENSRNOT00000115989	3,4,5,6	2:174356215-174362747|2:174402781-174420574
2	174394767	174402781	circular_RNA/4	1	+	174394767	174394767	0,0,0	2	102,736	0,7278	4	circRNA	ENSRNOT00000115989	ENSRNOT00000115989	5,6	2:174379854-174394767|2:174402781-174420574
2	174572863	174576592	circular_RNA/1	0	+	174572863	174572863	0,0,0	5	170,229,88,67,117	0,1945,2837,3273,3612	1	circRNA	ENSRNOT00000027793	ENSRNOT00000027793	3,4,5,6,7	2:174572646-174572863|2:174576592-174579168
2	175816020	175821492	circular_RNA/4	1	+	175816020	175816020	0,0,0	4	132,171,316,203	0,1466,2359,5269	4	circRNA	ENSRNOT00000021502	ENSRNOT00000021502	5,6,7,8	2:175815066-175816020|2:175821492-175822765
2	185306132	185308014	circular_RNA/1	1	-	185306132	185306132	0,0,0	3	120,132,249	0,743,1633	1	circRNA	ENSRNOT00000100009	ENSRNOT00000100009	29,28,27	2:185304336-185306132|2:185308014-185314251
2	207836113	207855272	circular_RNA/7	0	-	207836113	207836113	0,0,0	6	196,111,165,144,173,76	0,7035,7233,10779,11647,19083	7	circRNA	ENSRNOT00000104266	ENSRNOT00000104266	8,7,6,5,4,3	2:207820082-207836113|2:207855272-207871797
2	210097599	210110742	circular_RNA/2	0	+	210097599	210097599	0,0,0	10	135,97,73,49,138,65,111,81,189,138	0,7814,8230,9641,10389,11311,11765,11976,12191,13005	2	circRNA	ENSRNOT00000066486	ENSRNOT00000066486	4,5,6,7,8,9,10,11,12,13	2:210092267-210097599|2:210110742-210118808
2	211722282	211738352	circular_RNA/1	0	-	211722282	211722282	0,0,0	6	110,171,175,124,97,183	0,2146,5870,10034,13564,15887	1	circRNA	ENSRNOT00000021335	ENSRNOT00000021335	11,10,9,8,7,6	2:211707261-211722282|2:211738352-211780972
2	235842370	235845986	circular_RNA/1	0	+	235842370	235842370	0,0,0	3	224,135,81	0,1161,3535	1	circRNA	ENSRNOT00000055318	ENSRNOT00000055318	17,18,19	2:235838586-235842370|2:235845986-235860252
2	241296868	241310163	circular_RNA/1	1	+	241296868	241296868	0,0,0	8	153,103,70,114,79,418,141,113	0,1605,3318,5772,6323,7682,9708,13182	1	circRNA	ENSRNOT00000066125	ENSRNOT00000066125	5,6,7,8,9,10,11,12	2:241295319-241296868|2:241310163-241311394
2	247175208	247195772	circular_RNA/2	0	-	247175208	247175208	0,0,0	3	93,222,120	0,7052,20444	2	circRNA	ENSRNOT00000066024	ENSRNOT00000066024	25,24,23	2:247160962-247175208|2:247195772-247203741
5	2849034	2936209	circular_RNA/1	1	+	2849034	2849034	0,0,0	6	67,302,131,160,136,160	0,16911,18594,39531,50324,87015	1	circRNA	ENSRNOT00000066590	ENSRNOT00000066590	2,3,4,5,6,7	5:2840892-2849034|5:2936209-2939630
5	2849034	2987484	circular_RNA/1	1	+	2849034	2849034	0,0,0	10	67,160,136,160,108,213,138,132,61,311	0,39531,50324,87015,90596,93029,99808,104549,109248,138139	1	circRNA	ENSRNOT00000100311	ENSRNOT00000100311	2,3,4,5,6,7,8,9,10,11	5:2840892-2849034|5:2987484-3082617
5	2849034	2958343	circular_RNA/1	0	+	2849034	2849034	0,0,0	11	67,302,131,160,136,160,108,213,138,132,61	0,16911,18594,39531,50324,87015,90596,93029,99808,104549,109248	1	circRNA	ENSRNOT00000066590	ENSRNOT00000066590	2,3,4,5,6,7,8,9,10,11,12	5:2840892-2849034|5:2958343-2987173
5	5013705	5058649	circular_RNA/2	0	+	5013705	5013705	0,0,0	5	83,187,140,84,90	0,479,22631,24670,44854	2	circRNA	ENSRNOT00000064946	ENSRNOT00000064946	8,9,10,11,12	5:4997240-5013705|5:5058649-5083998
5	9004813	9005090	circular_RNA/2	0	+	9004813	9004813	0,0,0	1	277	0	2	circRNA	ENSRNOT00000095352	ENSRNOT00000095352	7	5:9001506-9004813|5:9005090-9009181
5	10556810	10614953	circular_RNA/1	1	+	10556810	10556810	0,0,0	4	83,131,130,39	0,15277,23766,58104	1	circRNA	ENSRNOT00000095256	ENSRNOT00000095256	11,12,13,14	5:10538087-10556810|5:10614953-10703355
5	13166422	13185449	circular_RNA/1	0	-	13166422	13166422	0,0,0	10	137,59,48,49,241,109,166,1892,127,104	0,1708,3765,4719,6039,6367,8059,16585,18558,18923	1	circRNA	ENSRNOT00000061884	ENSRNOT00000061884	22,21,20,19,18,17,16,15,14,13	5:13164578-13166422|5:13185449-13187427
5	14399760	14404563	circular_RNA/1	1	-	14399760	14399760	0,0,0	1	4803	0	1	ciRNA	ENSRNOT00000085654	ENSRNOT00000085654	12	5:14379464-14404563
5	19515236	19516030	circular_RNA/1	1	+	19515236	19515236	0,0,0	1	794	0	1	ciRNA	ENSRNOT00000115856	ENSRNOT00000115856	8	5:19515236-19516030
5	29643690	29657608	circular_RNA/2	0	-	29643690	29643690	0,0,0	5	162,50,158,156,154	0,1139,5491,11273,13764	2	circRNA	ENSRNOT00000012963	ENSRNOT00000012963	6,5,4,3,2	5:29640648-29643690|5:29657608-29662350
5	33030719	33049404	circular_RNA/1	0	-	33030719	33030719	0,0,0	8	87,99,90,84,72,75,180,140	0,1336,6017,8615,13249,14938,17668,18545	1	circRNA	ENSRNOT00000008281	ENSRNOT00000008281	9,8,7,6,5,4,3,2	5:33028573-33030719|5:33049404-33063851
5	47729664	47845999	circular_RNA/2	1	+	47729664	47729664	0,0,0	9	241,110,102,136,72,165,69,101,67	0,6333,7310,22821,34626,39061,52037,75556,116268	2	circRNA	ENSRNOT00000095052	ENSRNOT00000095052	7,8,9,10,11,12,13,14,15	5:47728601-47729664|5:47845999-47909583
5	58373914	58386653	circular_RNA/2	0	-	58373914	58373914	0,0,0	6	107,162,171,168,214,194	0,1222,3188,4361,10486,12545	2	circRNA	ENSRNOT00000060203	ENSRNOT00000060203	8,7,6,5,4,3	5:58371637-58373914|5:58386653-58388362
5	90146559	90199657	circular_RNA/1	1	-	90146559	90146559	0,0,0	10	98,42,113,161,210,91,260,98,588,118	0,599,12163,21203,27424,33098,44654,45778,46312,52980	1	circRNA	ENSRNOT00000075474	ENSRNOT00000075474	23,22,21,20,19,18,17,16,15,14	5:90120334-90146559|5:90199657-90203636
5	97929047	97944520	circular_RNA/1	1	+	97929047	97929047	0,0,0	5	144,136,175,191,132	0,4684,7845,12238,15341	1	circRNA	ENSRNOT00000036233	ENSRNOT00000036233	2,3,4,5,6	5:97920223-97929047|5:97944520-97964582
5	97929047	98068609	circular_RNA/1	1	+	97929047	97929047	0,0,0	17	144,136,175,191,132,147,93,161,139,103,107,90,201,168,189,505,117	0,4684,7845,12238,15341,35535,49211,51591,78607,93353,110762,112514,113469,116859,118575,138127,139445	1	circRNA	ENSRNOT00000036233	ENSRNOT00000036233	2,3,4,5,6,7,8,9,10,11,12,13,14,15,16,17,18	5:97920223-97929047|5:98068609-98080791
5	97929047	98084408	circular_RNA/1	1	+	97929047	97929047	0,0,0	20	144,136,175,191,132,147,93,161,139,103,107,90,201,168,189,505,117,227,183,186	0,4684,7845,12238,15341,35535,49211,51591,78607,93353,110762,112514,113469,116859,118575,138127,139445,151744,152603,155175	1	circRNA	ENSRNOT00000036233	ENSRNOT00000036233	2,3,4,5,6,7,8,9,10,11,12,13,14,15,16,17,18,19,20,21	5:97920223-97929047|5:98084408-98139858
5	97929047	98007793	circular_RNA/1	1	+	97929047	97929047	0,0,0	9	144,136,175,191,132,147,93,161,139	0,4684,7845,12238,15341,35535,49211,51591,78607	1	circRNA	ENSRNOT00000036233	ENSRNOT00000036233	2,3,4,5,6,7,8,9,10	5:97920223-97929047|5:98007793-98022400
5	97929047	97980799	circular_RNA/1	0	+	97929047	97929047	0,0,0	8	144,136,175,191,132,147,93,161	0,4684,7845,12238,15341,35535,49211,51591	1	circRNA	ENSRNOT00000036233	ENSRNOT00000036233	2,3,4,5,6,7,8,9	5:97920223-97929047|5:97980799-98007654
5	99379077	99420606	circular_RNA/2	0	+	99379077	99379077	0,0,0	7	138,159,195,153,126,122,120	0,2234,12716,30887,32639,39925,41409	2	circRNA	ENSRNOT00000098986	ENSRNOT00000098986	6,7,8,9,10,11,12	5:99363342-99379077|5:99420606-99472374
5	102326742	102327450	circular_RNA/1	1	-	102326742	102326742	0,0,0	1	708	0	1	circRNA	ENSRNOT00000094349	ENSRNOT00000094349	5	5:102281146-102326742|5:102327450-102357684
5	102326742	102357828	circular_RNA/1	1	-	102326742	102326742	0,0,0	2	708,144	0,30942	1	circRNA	ENSRNOT00000094349	ENSRNOT00000094349	5,4	5:102281146-102326742|5:102357828-102363858
5	109443758	109452208	circular_RNA/1	0	-	109443758	109443758	0,0,0	8	220,158,170,136,168,121,101,194	0,923,1365,3854,4468,5376,5582,8256	1	circRNA	ENSRNOT00000010621	ENSRNOT00000010621	9,8,7,6,5,4,3,2	5:109439556-109443758|5:109452208-109460027
5	113720530	113730165	circular_RNA/1	0	-	113720530	113720530	0,0,0	5	163,94,143,166,81	0,898,4906,8053,9554	1	circRNA	ENSRNOT00000065112	ENSRNOT00000065112	13,12,11,10,9	5:113692952-113720530|5:113730165-113737741
5	117250147	117268552	circular_RNA/2	1	+	117250147	117250147	0,0,0	4	195,37,71,50	0,9972,10105,18355	2	circRNA	ENSRNOT00000099065	ENSRNOT00000099065	4,5,6,7	5:116918867-117250147|5:117268552-117331603
5	117815637	117827572	circular_RNA/4	0	-	117815637	117815637	0,0,0	4	152,87,224,195	0,1891,4241,11740	4	circRNA	ENSRNOT00000101086	ENSRNOT00000101086	10,9,8,7	5:117805952-117815637|5:117827572-117846609
5	123222131	123242833	circular_RNA/1	1	+	123222131	123222131	0,0,0	6	875,164,117,178,89,52	0,8659,13240,16895,19313,20650	1	circRNA	ENSRNOT00000096908	ENSRNOT00000096908	2,3,4,5,6,7	5:123203171-123222131|5:123242833-123245959
5	123222131	123223006	circular_RNA/3	0	+	123222131	123222131	0,0,0	1	875	0	3	circRNA	ENSRNOT00000079161	ENSRNOT00000079161	2	5:123203171-123222131|5:123223006-123230790
5	123259031	123273966	circular_RNA/3	1	+	123259031	123259031	0,0,0	6	151,87,104,58,104,114	0,1830,4774,9167,9316,14821	3	circRNA	ENSRNOT00000079161	ENSRNOT00000079161	10,11,12,13,14,15	5:123256867-123259031|5:123273966-123285232
5	123839169	123858623	circular_RNA/3	1	-	123839169	123839169	0,0,0	8	160,105,91,39,51,30,48,96	0,3234,4298,9086,15731,16971,18152,19358	3	circRNA	ENSRNOT00000105729	ENSRNOT00000105729	9,8,7,6,5,4,3,2	5:123830250-123839169|5:123858623-123874521
5	123854900	123863910	circular_RNA/2	0	-	123854900	123854900	0,0,0	5	51,30,48,96,69	0,1240,2421,3627,8941	2	circRNA	ENSRNOT00000119557	ENSRNOT00000119557	9,8,7,6,5	5:123843558-123854900|5:123863910-123890885
5	124119438	124120148	circular_RNA/1	0	+	124119438	124119438	0,0,0	2	162,198	0,512	1	circRNA	ENSRNOT00000116078	ENSRNOT00000116078	14,15	5:124109435-124119438|5:124120148-124122141
5	124504204	124513204	circular_RNA/1	1	+	124504204	124504204	0,0,0	2	47,203	0,8797	1	circRNA	ENSRNOT00000096889	ENSRNOT00000096889	3,4	5:124468448-124504204|5:124513204-124523827
5	130954015	130954757	circular_RNA/5	1	-	130954015	130954015	0,0,0	1	742	0	5	circRNA	ENSRNOT00000111259	ENSRNOT00000111259	2	5:130776317-130954015|5:130954757-130961124
5	134720601	134747003	circular_RNA/1	0	-	134720601	134720601	0,0,0	6	142,137,203,133,82,155	0,3818,12612,19495,24370,26247	1	circRNA	ENSRNOT00000046906	ENSRNOT00000046906	7,6,5,4,3,2	5:134716735-134720601|5:134747003-134767004
5	138661024	138691489	circular_RNA/1	1	-	138661024	138661024	0,0,0	8	123,120,148,88,135,89,137,209	0,1320,2637,2899,7816,18936,29227,30256	1	circRNA	ENSRNOT00000119040	ENSRNOT00000119040	11,10,9,8,7,6,5,4	5:138660343-138661024|5:138691489-138693349
5	141523972	141528970	circular_RNA/5	1	-	141523972	141523972	0,0,0	4	92,83,791,117	0,1523,3116,4881	5	circRNA	ENSRNOT00000009436	ENSRNOT00000009436	5,4,3,2	5:141501466-141523972|5:141528970-141535354
5	142181099	142187945	circular_RNA/4	1	+	142181099	142181099	0,0,0	3	694,93,131	0,3525,6715	4	circRNA	ENSRNOT00000074415	ENSRNOT00000074415	3,4,5	5:142166147-142181099|5:142187945-142189230
5	144869886	144892305	circular_RNA/1	1	+	144869886	144869886	0,0,0	6	102,44,80,67,137,138	0,4731,8642,11797,14983,22281	1	circRNA	ENSRNOT00000097388	ENSRNOT00000097388	2,3,4,5,6,7	5:144853358-144869886|5:144892305-144899810
5	144869886	144885006	circular_RNA/2	1	+	144869886	144869886	0,0,0	5	102,44,80,67,137	0,4731,8642,11797,14983	2	circRNA	ENSRNOT00000099304	ENSRNOT00000099304	2,3,4,5,6	5:144806651-144869886|5:144885006-144899810
5	145948263	145951212	circular_RNA/13	0	-	145948263	145948263	0,0,0	3	117,456,213	0,1378,2736	13	circRNA	ENSRNOT00000009173	ENSRNOT00000009173	5,4,3	5:145925474-145948263|5:145951212-145980053
5	145949641	145950097	circular_RNA/1	0	-	145949641	145949641	0,0,0	1	456	0	1	circRNA	ENSRNOT00000009173	ENSRNOT00000009173	4	5:145948380-145949641|5:145950097-145950999
5	155446548	155455980	circular_RNA/1	1	-	155446548	155446548	0,0,0	2	4381,111	0,9321	1	circRNA	ENSRNOT00000041175	ENSRNOT00000041175	8,7	5:155425380-155446548|5:155455980-155474843
5	160952060	161048554	circular_RNA/2	0	+	160952060	160952060	0,0,0	7	97,105,49,125,100,99,81	0,7370,28832,38162,39290,61836,96413	2	circRNA	ENSRNOT00000024443	ENSRNOT00000024443	6,7,8,9,10,11,12	5:160949944-160952060|5:161048554-161086847
4	9304508	9316748	circular_RNA/2	1	-	9304508	9304508	0,0,0	3	111,125,56	0,1515,12184	2	circRNA	ENSRNOT00000041876	ENSRNOT00000041876	4,3,2	4:9290756-9304508|4:9316748-9317510
4	9703414	9727204	circular_RNA/1	0	+	9703414	9703414	0,0,0	6	198,149,110,163,172,115	0,3728,4858,16594,21782,23675	1	circRNA	ENSRNOT00000101551	ENSRNOT00000101551	7,8,9,10,11,12	4:9697934-9703414|4:9727204-9737039
4	9759664	9762395	circular_RNA/1	1	+	9759664	9759664	0,0,0	2	129,120	0,2611	1	circRNA	ENSRNOT00000101551	ENSRNOT00000101551	27,28	4:9758638-9759664|4:9762395-9764847
4	11632184	11636271	circular_RNA/1	0	+	11632184	11632184	0,0,0	4	166,26,247,468	0,1254,2484,3619	1	circRNA	ENSRNOT00000106508	ENSRNOT00000106508	7,8,9,10	4:11619632-11632184|4:11636271-11642104
4	11633438	11636271	circular_RNA/1	0	+	11633438	11633438	0,0,0	3	26,247,468	0,1230,2365	1	circRNA	ENSRNOT00000106508	ENSRNOT00000106508	8,9,10	4:11632350-11633438|4:11636271-11642104
4	14483195	14531734	circular_RNA/1	1	-	14483195	14483195	0,0,0	7	144,196,178,186,249,193,92	0,1657,7679,9806,35075,42587,48447	1	circRNA	ENSRNOT00000094238	ENSRNOT00000094238	19,18,17,16,15,14,13	4:14439362-14483195|4:14531734-14546512
4	19833487	19845159	circular_RNA/1	0	-	19833487	19833487	0,0,0	3	91,137,2188	0,4892,9484	1	circRNA	ENSRNOT00000008637	ENSRNOT00000008637	9,8,7	4:19811552-19833487|4:19845159-19883922
4	20023118	20024576	circular_RNA/2	0	-	20023118	20023118	0,0,0	1	1458	0	2	circRNA	ENSRNOT00000008637	ENSRNOT00000008637	3	4:19904248-20023118|4:20024576-20042982
4	30370086	30385840	circular_RNA/1	1	+	30370086	30370086	0,0,0	3	273,301,183	0,3425,15571	1	circRNA	ENSRNOT00000067954	ENSRNOT00000067954	2,3,4	4:30333907-30370086|4:30385840-30398755
4	30370086	30398873	circular_RNA/1	1	+	30370086	30370086	0,0,0	4	273,301,183,118	0,3425,15571,28669	1	circRNA	ENSRNOT00000067954	ENSRNOT00000067954	2,3,4,5	4:30333907-30370086|4:30398873-30399323
4	30370086	30418641	circular_RNA/5	1	+	30370086	30370086	0,0,0	8	273,301,183,118,209,89,145,167	0,3425,15571,28669,40043,41487,44749,48388	5	circRNA	ENSRNOT00000007940	ENSRNOT00000007940	2,3,4,5,6,7,8,9	4:30333907-30370086|4:30418641-30424554
4	30370086	30424643	circular_RNA/2	0	+	30370086	30370086	0,0,0	9	273,301,183,118,209,89,145,171,85	0,3425,15571,28669,40043,41487,44749,48388,54472	2	circRNA	ENSRNOT00000079571	ENSRNOT00000079571	2,3,4,5,6,7,8,9,10	4:30333907-30370086|4:30424643-30434547
4	31500702	31538301	circular_RNA/1	1	+	31500702	31500702	0,0,0	12	123,72,54,71,118,36,83,43,99,141,95,99	0,1217,3787,4734,6569,8046,9449,17098,18277,21160,37110,37500	1	circRNA	ENSRNOT00000064866	ENSRNOT00000064866	3,4,5,6,7,8,9,10,11,12,13,14	4:31490842-31500702|4:31538301-31544733
4	31544733	31554735	circular_RNA/3	1	+	31544733	31544733	0,0,0	4	91,177,119,107	0,3095,6125,9895	3	circRNA	ENSRNOT00000064866	ENSRNOT00000064866	15,16,17,18	4:31538301-31544733|4:31554735-31567080
4	36608070	36623887	circular_RNA/2	1	+	36608070	36608070	0,0,0	4	87,117,153,211	0,8918,12722,15606	2	circRNA	ENSRNOT00000086735	ENSRNOT00000086735	5,6,7,8	4:36589582-36608070|4:36623887-36631348
4	40031781	40032545	circular_RNA/1	1	+	40031781	40031781	0,0,0	1	764	0	1	circRNA	ENSRNOT00000099466	ENSRNOT00000099466	6	4:40024674-40031781|4:40032545-40040078
4	60023820	60057875	circular_RNA/2	1	+	60023820	60023820	0,0,0	8	70,143,89,110,193,78,66,113	0,5047,6428,9029,10576,22938,24948,33942	2	circRNA	ENSRNOT00000081707	ENSRNOT00000081707	2,3,4,5,6,7,8,9	4:60002595-60023820|4:60057875-60074204
4	67173055	67197894	circular_RNA/2	0	+	67173055	67173055	0,0,0	6	93,102,138,104,490,71	0,9382,17932,19437,19991,24768	2	circRNA	ENSRNOT00000096491	ENSRNOT00000096491	2,3,4,5,6,7	4:67167015-67173055|4:67197894-67204749
4	67211803	67216538	circular_RNA/2	1	+	67211803	67211803	0,0,0	3	43,51,1545	0,2104,3190	2	circRNA	ENSRNOT00000064175	ENSRNOT00000064175	13,14,15	4:67209356-67211803|4:67216538-67223448
4	69493033	69515336	circular_RNA/1	1	+	69493033	69493033	0,0,0	23	155,169,97,113,126,129,111,63,135,88,139,134,35,117,149,85,57,125,89,50,168,153,201	0,1196,1710,2560,3790,4974,5348,5735,6435,7019,8096,8881,9131,9257,9764,10479,11463,14433,16104,18680,19129,21619,22102	1	circRNA	ENSRNOT00000016912	ENSRNOT00000016912	27,28,29,30,31,32,33,34,35,36,37,38,39,40,41,42,43,44,45,46,47,48,49	4:69491227-69493033|4:69515336-69517116
4	90292779	90296029	circular_RNA/1	1	+	90292779	90292779	0,0,0	2	1365,182	0,3068	1	circRNA	ENSRNOT00000043827	ENSRNOT00000043827	1,2	None|4:90296029-90365068
4	109398781	109596944	circular_RNA/2	0	-	109398781	109398781	0,0,0	5	201,157,93,153,81	0,11012,12114,166405,198082	2	circRNA	ENSRNOT00000080999	ENSRNOT00000080999	13,12,11,10,9	4:109374024-109398781|4:109596944-110060281
4	116426088	116432791	circular_RNA/1	1	+	116426088	116426088	0,0,0	5	39,308,275,147,123	0,1405,3108,4878,6580	1	circRNA	ENSRNOT00000116644	ENSRNOT00000116644	4,5,6,7,8	4:116420785-116426088|4:116432791-116438544
4	116427493	116440075	circular_RNA/1	1	+	116427493	116427493	0,0,0	7	308,275,147,123,56,53,51	0,1703,3473,5175,11051,11277,12531	1	circRNA	ENSRNOT00000116644	ENSRNOT00000116644	5,6,7,8,9,10,11	4:116426127-116427493|4:116440075-116441856
4	116427493	116442793	circular_RNA/1	1	+	116427493	116427493	0,0,0	9	308,275,147,123,56,53,51,69,84	0,1703,3473,5175,11051,11277,12531,14363,15216	1	circRNA	ENSRNOT00000116644	ENSRNOT00000116644	5,6,7,8,9,10,11,12,13	4:116426127-116427493|4:116442793-116443404
4	118176754	118201013	circular_RNA/3	1	+	118176754	118176754	0,0,0	6	230,126,147,135,90,1151	0,2403,8538,13498,20270,23108	3	circRNA	ENSRNOT00000109581	ENSRNOT00000109581	11,12,13,14,15,16	4:118166483-118176754|4:118201013-118218247
4	131638251	131651656	circular_RNA/3	1	-	131638251	131638251	0,0,0	4	205,160,87,138	0,6608,12122,13267	3	circRNA	ENSRNOT00000103186	ENSRNOT00000103186	5,4,3,2	4:131614133-131638251|4:131651656-131663585
4	136439604	136456515	circular_RNA/1	0	+	136439604	136439604	0,0,0	5	123,171,121,185,132	0,1154,4339,10394,16779	1	circRNA	ENSRNOT00000116427	ENSRNOT00000116427	6,7,8,9,10	4:136427695-136439604|4:136456515-136466393
4	144031768	144177409	circular_RNA/1	1	+	144031768	144031768	0,0,0	3	217,142,155	0,137218,145486	1	circRNA	ENSRNOT00000056996	ENSRNOT00000056996	2,3,4	4:143731777-144031768|4:144177409-144296419
4	146255038	146259488	circular_RNA/1	0	+	146255038	146255038	0,0,0	4	59,179,243,149	0,366,3600,4301	1	circRNA	ENSRNOT00000110888	ENSRNOT00000110888	7,8,9,10	4:146254701-146255038|4:146259488-146259816
4	149197666	149202423	circular_RNA/1	0	-	149197666	149197666	0,0,0	2	687,60	0,4697	1	circRNA	ENSRNOT00000042418	ENSRNOT00000042418	3,2	4:149097761-149197666|4:149202423-149239455
4	173429594	173450003	circular_RNA/1	1	+	173429594	173429594	0,0,0	7	84,121,105,73,101,116,468	0,1182,1793,3782,9861,13214,19941	1	circRNA	ENSRNOT00000095631	ENSRNOT00000095631	4,5,6,7,8,9,10	4:173336642-173429594|4:173450003-173456835
4	180469216	180513458	circular_RNA/1	1	+	180469216	180469216	0,0,0	5	161,204,105,78,108	0,1596,3501,33217,44134	1	circRNA	ENSRNOT00000002527	ENSRNOT00000002527	4,5,6,7,8	4:180442699-180469216|4:180513458-180527873
4	181171744	181212196	circular_RNA/1	0	-	181171744	181171744	0,0,0	4	109,144,114,168	0,19335,30611,40284	1	circRNA	ENSRNOT00000064320	ENSRNOT00000064320	13,12,11,10	4:181159186-181171744|4:181212196-181223920
7	11233513	11236648	circular_RNA/1	1	-	11233513	11233513	0,0,0	4	111,296,200,210	0,1067,1884,2925	1	circRNA	ENSRNOT00000008963	ENSRNOT00000008963	10,9,8,7	7:11224878-11233513|7:11236648-11241152
7	24516409	24537144	circular_RNA/4	0	+	24516409	24516409	0,0,0	5	297,76,102,117,167	0,13037,14223,17160,20568	4	circRNA	ENSRNOT00000102313	ENSRNOT00000102313	4,5,6,7,8	7:24509432-24516409|7:24537144-24628334
7	29316303	29325600	circular_RNA/6	1	+	29316303	29316303	0,0,0	4	267,151,93,132	0,718,6561,9165	6	circRNA	ENSRNOT00000034639	ENSRNOT00000034639	2,3,4,5	7:29280687-29316303|7:29325600-29335577
7	44240042	44240143	circular_RNA/1	1	-	44240042	44240042	0,0,0	1	101	0	1	circRNA	ENSRNOT00000048880	ENSRNOT00000048880	2	7:44158900-44240042|7:44240143-44357641
7	45139276	45139765	circular_RNA/2	1	-	45139276	45139276	0,0,0	1	489	0	2	circRNA	ENSRNOT00000114741	ENSRNOT00000114741	8	7:45133764-45139276|7:45139765-45141592
7	50033965	50067300	circular_RNA/1	1	-	50033965	50033965	0,0,0	6	56,134,89,188,66,66	0,167,10232,14058,15220,33269	1	circRNA	ENSRNOT00000007461	ENSRNOT00000007461	13,12,11,10,9,8	7:49991321-50033965|7:50067300-50105935
7	52968475	52979727	circular_RNA/2	1	-	52968475	52968475	0,0,0	8	190,154,116,505,174,146,104,210	0,2959,4210,4623,5792,6753,9436,11042	2	circRNA	ENSRNOT00000008193	ENSRNOT00000008193	9,8,7,6,5,4,3,2	7:52962060-52968475|7:52979727-52988002
7	70511021	70539453	circular_RNA/1	0	+	70511021	70511021	0,0,0	9	68,120,100,124,47,113,131,172,154	0,1956,3923,4998,7393,10184,19309,25912,28278	1	circRNA	ENSRNOT00000106052	ENSRNOT00000106052	7,8,9,10,11,12,13,14,15	7:70497490-70511021|7:70539453-70568806
7	70511021	70598646	circular_RNA/1	0	+	70511021	70511021	0,0,0	13	68,120,100,124,47,113,131,172,154,69,157,111,110	0,1956,3923,4998,7393,10184,19309,25912,28278,57785,67572,68889,87515	1	circRNA	ENSRNOT00000106052	ENSRNOT00000106052	7,8,9,10,11,12,13,14,15,16,17,18,19	7:70497490-70511021|7:70598646-70626522
7	75886695	75913605	circular_RNA/2	1	-	75886695	75886695	0,0,0	3	198,214,78	0,24748,26832	2	circRNA	ENSRNOT00000005584	ENSRNOT00000005584	5,4,3	7:75857933-75886695|7:75913605-75917390
7	79555470	79584058	circular_RNA/3	1	-	79555470	79555470	0,0,0	3	88,78,300	0,5406,28288	3	circRNA	ENSRNOT00000093026	ENSRNOT00000093026	9,8,7	7:79511023-79555470|7:79584058-79632568
7	105183011	105193900	circular_RNA/1	0	-	105183011	105183011	0,0,0	5	101,85,98,21,57	0,2894,8516,9668,10832	1	circRNA	ENSRNOT00000079599	ENSRNOT00000079599	18,17,16,15,14	7:105181274-105183011|7:105193900-105210535
7	107654756	107683659	circular_RNA/1	1	+	107654756	107654756	0,0,0	3	111,663,130	0,1236,28773	1	circRNA	ENSRNOT00000085758	ENSRNOT00000085758	3,4,5	7:107654446-107654756|7:107683659-107683970
7	107655992	107684081	circular_RNA/1	1	+	107655992	107655992	0,0,0	3	663,130,111	0,27537,27978	1	circRNA	ENSRNOT00000085758	ENSRNOT00000085758	4,5,6	7:107654867-107655992|7:107684081-107685230
7	115117881	115195173	circular_RNA/1	0	-	115117881	115117881	0,0,0	7	119,113,137,97,202,146,107	0,10087,15477,36443,58409,67949,77185	1	circRNA	ENSRNOT00000015447	ENSRNOT00000015447	9,8,7,6,5,4,3	7:115110235-115117881|7:115195173-115199985
6	3630857	3634467	circular_RNA/1	1	+	3630857	3630857	0,0,0	2	302,162	0,3448	1	circRNA	ENSRNOT00000095577	ENSRNOT00000095577	6,7	6:3289865-3630857|6:3634467-3703675
6	3752346	4157231	circular_RNA/2	1	+	3752346	3752346	0,0,0	7	123,382,191,174,120,182,172	0,8163,9672,32377,39683,248093,404713	2	circRNA	ENSRNOT00000095577	ENSRNOT00000095577	12,13,14,15,16,17,18	6:3729847-3752346|6:4157231-4187844
6	3752346	3784897	circular_RNA/2	1	+	3752346	3752346	0,0,0	4	123,382,191,174	0,8163,9672,32377	2	circRNA	ENSRNOT00000095577	ENSRNOT00000095577	12,13,14,15	6:3729847-3752346|6:3784897-3792029
6	3752346	3792149	circular_RNA/5	0	+	3752346	3752346	0,0,0	5	123,382,191,174,120	0,8163,9672,32377,39683	5	circRNA	ENSRNOT00000095577	ENSRNOT00000095577	12,13,14,15,16	6:3729847-3752346|6:3792149-4000439
6	3752346	4000621	circular_RNA/2	0	+	3752346	3752346	0,0,0	6	123,382,191,174,120,182	0,8163,9672,32377,39683,248093	2	circRNA	ENSRNOT00000095577	ENSRNOT00000095577	12,13,14,15,16,17	6:3729847-3752346|6:4000621-4157059
6	13271223	13273053	circular_RNA/1	0	+	13271223	13271223	0,0,0	1	1830	0	1	circRNA	ENSRNOT00000070918	ENSRNOT00000070918	2	6:13194801-13271223|6:13273053-13475674
6	14586712	14600237	circular_RNA/1	0	+	14586712	14586712	0,0,0	7	104,223,120,163,118,173,117	0,1320,2612,6963,8349,13032,13408	1	circRNA	ENSRNOT00000116736	ENSRNOT00000116736	14,15,16,17,18,19,20	6:14586400-14586712|6:14600237-14601694
6	26597103	26638250	circular_RNA/2	1	+	26597103	26597103	0,0,0	5	214,86,155,106,167	0,18437,31205,38154,40980	2	circRNA	ENSRNOT00000060810	ENSRNOT00000060810	4,5,6,7,8	6:26591661-26597103|6:26638250-26670126
6	26615540	26714429	circular_RNA/1	1	+	26615540	26615540	0,0,0	8	86,155,106,167,125,78,90,88	0,12768,19717,22543,54586,82926,96695,98801	1	circRNA	ENSRNOT00000060810	ENSRNOT00000060810	5,6,7,8,9,10,11,12	6:26597317-26615540|6:26714429-26727266
6	27946774	27952914	circular_RNA/4	1	+	27946774	27946774	0,0,0	6	152,50,154,103,109,117	0,1798,2239,3702,4912,6023	4	circRNA	ENSRNOT00000085612	ENSRNOT00000085612	3,4,5,6,7,8	6:27914654-27946774|6:27952914-27958359
6	39742090	39753667	circular_RNA/2	0	+	39742090	39742090	0,0,0	12	61,12,80,49,136,92,247,107,160,161,185,70	0,837,2840,3058,3703,3924,4223,4982,6820,10133,10624,11507	2	circRNA	ENSRNOT00000109820	ENSRNOT00000109820	8,9,10,11,12,13,14,15,16,17,18,19	6:39740556-39742090|6:39753667-39755305
6	73079016	73083022	circular_RNA/5	0	-	73079016	73079016	0,0,0	2	72,862	0,3144	5	circRNA	ENSRNOT00000083857	ENSRNOT00000083857	33,32	6:73051219-73079016|6:73083022-73091478
6	73188339	73215580	circular_RNA/2	0	-	73188339	73188339	0,0,0	9	240,209,139,116,178,44,58,50,111	0,8128,9767,14590,17936,19204,21936,26485,27130	2	circRNA	ENSRNOT00000083857	ENSRNOT00000083857	10,9,8,7,6,5,4,3,2	6:73182537-73188339|6:73215580-73252261
6	73196467	73215580	circular_RNA/1	0	-	73196467	73196467	0,0,0	8	209,139,116,178,44,58,50,111	0,1639,6462,9808,11076,13808,18357,19002	1	circRNA	ENSRNOT00000083857	ENSRNOT00000083857	9,8,7,6,5,4,3,2	6:73188579-73196467|6:73215580-73252261
6	74867919	74938317	circular_RNA/2	1	+	74867919	74867919	0,0,0	4	130,34,171,108	0,12062,12355,70290	2	circRNA	ENSRNOT00000095109	ENSRNOT00000095109	7,8,9,10	6:74847450-74867919|6:74938317-74997042
6	88092640	88120756	circular_RNA/1	1	-	88092640	88092640	0,0,0	7	99,111,144,207,165,132,126	0,4751,8428,12002,20406,21829,27990	1	circRNA	ENSRNOT00000006425	ENSRNOT00000006425	8,7,6,5,4,3,2	6:88078472-88092640|6:88120756-88155904
6	118012210	118018292	circular_RNA/2	1	+	118012210	118012210	0,0,0	4	115,41,196,430	0,3250,4188,5652	2	circRNA	ENSRNOT00000100630	ENSRNOT00000100630	3,4,5,6	6:118006926-118012210|6:118018292-118018973
6	122125680	122155184	circular_RNA/9	1	+	122125680	122125680	0,0,0	6	121,305,171,93,56,130	0,6385,9892,19368,28646,29374	9	circRNA	ENSRNOT00000107056	ENSRNOT00000107056	2,3,4,5,6,7	6:122083295-122125680|6:122155184-122177001
6	122251499	122252705	circular_RNA/1	1	+	122251499	122251499	0,0,0	1	1206	0	1	circRNA	ENSRNOT00000107056	ENSRNOT00000107056	32	6:122250868-122251499|6:122252705-122261713
6	137397880	137402767	circular_RNA/2	1	+	137397880	137397880	0,0,0	3	104,101,100	0,2941,4787	2	circRNA	ENSRNOT00000035255	ENSRNOT00000035255	25,26,27	6:137394544-137397880|6:137402767-137415059
9	3396029	3398516	circular_RNA/3	1	+	3396029	3396029	0,0,0	1	2487	0	3	circRNA	ENSRNOT00000018146	ENSRNOT00000018146	3	9:3293666-3396029|9:3398516-3400812
9	3396029	3401016	circular_RNA/8	1	+	3396029	3396029	0,0,0	2	2487,204	0,4783	8	circRNA	ENSRNOT00000018146	ENSRNOT00000018146	3,4	9:3293666-3396029|9:3401016-3441749
9	15938193	15953655	circular_RNA/2	0	-	15938193	15938193	0,0,0	5	111,171,108,113,76	0,7407,10717,11922,15386	2	circRNA	ENSRNOT00000097089	ENSRNOT00000097089	10,9,8,7,6	9:15879557-15938193|9:15953655-15979974
9	17929656	17932204	circular_RNA/1	0	-	17929656	17929656	0,0,0	2	495,652	0,1896	1	circRNA	ENSRNOT00000015918	ENSRNOT00000015918	3,2	9:17901508-17929656|9:17932204-17953542
9	27762138	27828069	circular_RNA/5	0	-	27762138	27762138	0,0,0	6	103,76,150,109,69,195	0,11182,12143,36928,40351,65736	5	circRNA	ENSRNOT00000016194	ENSRNOT00000016194	15,14,13,12,11,10	9:27746132-27762138|9:27828069-27842420
9	33091050	33109889	circular_RNA/1	0	-	33091050	33091050	0,0,0	5	305,184,316,1720,162	0,2644,5829,11440,18677	1	circRNA	ENSRNOT00000115258	ENSRNOT00000115258	6,5,4,3,2	9:33078988-33091050|9:33109889-33126300
9	36508796	36521024	circular_RNA/1	1	+	36508796	36508796	0,0,0	11	195,129,144,189,130,164,163,155,75,18,118	0,697,2286,3053,4467,5730,6758,7452,7763,8967,12110	1	circRNA	ENSRNOT00000096417	ENSRNOT00000096417	88,89,90,91,92,93,94,95,96,97,98	9:36505569-36508796|9:36521024-36523171
9	39725408	39762443	circular_RNA/2	0	-	39725408	39725408	0,0,0	3	141,168,346	0,2636,36689	2	circRNA	ENSRNOT00000024701	ENSRNOT00000024701	4,3,2	9:39719873-39725408|9:39762443-39766838
9	40023779	40040605	circular_RNA/1	0	-	40023779	40023779	0,0,0	6	186,111,169,56,155,116	0,2486,4894,8360,12803,16710	1	circRNA	ENSRNOT00000083747	ENSRNOT00000083747	15,14,13,12,11,10	9:40009113-40023779|9:40040605-40057263
9	46276381	46284450	circular_RNA/1	1	+	46276381	46276381	0,0,0	5	594,127,84,105,95	0,5977,7079,7651,7974	1	circRNA	ENSRNOT00000033133	ENSRNOT00000033133	2,3,4,5,6	9:46270033-46276381|9:46284450-46289213
9	48793272	48794864	circular_RNA/5	1	+	48793272	48793272	0,0,0	1	1592	0	5	circRNA	ENSRNOT00000112559	ENSRNOT00000112559	2	9:48773600-48793272|9:48794864-48824449
9	48793272	48824547	circular_RNA/1	1	+	48793272	48793272	0,0,0	2	1592,98	0,31177	1	circRNA	ENSRNOT00000112559	ENSRNOT00000112559	2,3	9:48773600-48793272|9:48824547-48851515
9	61242779	61244711	circular_RNA/3	0	+	61242779	61242779	0,0,0	2	171,171	0,1761	3	circRNA	ENSRNOT00000100349	ENSRNOT00000100349	3,4	9:61229124-61242779|9:61244711-61271406
9	61856347	61901553	circular_RNA/2	1	+	61856347	61856347	0,0,0	10	168,177,18,98,147,125,183,159,174,93	0,7467,9326,13988,17270,18023,19833,22810,40341,45113	2	circRNA	ENSRNOT00000050179	ENSRNOT00000050179	2,3,4,5,6,7,8,9,10,11	9:61827478-61856347|9:61901553-61902718
9	64480621	64494945	circular_RNA/2	0	-	64480621	64480621	0,0,0	4	109,731,247,92	0,5782,13880,14232	2	circRNA	ENSRNOT00000035879	ENSRNOT00000035879	6,5,4,3	9:64475686-64480621|9:64494945-64505149
9	88039920	88050585	circular_RNA/4	1	+	88039920	88039920	0,0,0	3	130,96,115	0,1057,10550	4	circRNA	ENSRNOT00000064965	ENSRNOT00000064965	4,5,6	9:88029904-88039920|9:88050585-88055907
9	90188024	90192897	circular_RNA/2	1	+	90188024	90188024	0,0,0	2	59,88	0,4785	2	circRNA	ENSRNOT00000088192	ENSRNOT00000088192	2,3	9:90040451-90188024|9:90192897-90193589
9	93018944	93020542	circular_RNA/2	1	-	93018944	93018944	0,0,0	2	49,109	0,1489	2	circRNA	ENSRNOT00000112649	ENSRNOT00000112649	11,10	9:93016438-93018944|9:93020542-93028549
9	105629567	105660854	circular_RNA/23	0	-	105629567	105629567	0,0,0	7	148,143,201,147,69,148,138	0,2730,5402,9716,14031,20470,31149	23	circRNA	ENSRNOT00000017613	ENSRNOT00000017613	8,7,6,5,4,3,2	9:105604468-105629567|9:105660854-105687824
9	106872524	106902192	circular_RNA/1	0	-	106872524	106872524	0,0,0	4	133,75,37,274	0,21659,28388,29394	1	circRNA	ENSRNOT00000056366	ENSRNOT00000056366	15,14,13,12	9:106791556-106872524|9:106902192-106920877
9	110488091	110558498	circular_RNA/3	1	+	110488091	110488091	0,0,0	3	215,178,241	0,65390,70166	3	circRNA	ENSRNOT00000022351	ENSRNOT00000022351	4,5,6	9:110412499-110488091|9:110558498-110672070
9	110672070	110677134	circular_RNA/1	1	+	110672070	110672070	0,0,0	2	371,92	0,4972	1	circRNA	ENSRNOT00000022351	ENSRNOT00000022351	7,8	9:110558498-110672070|9:110677134-110693803
9	111280041	111284857	circular_RNA/1	0	-	111280041	111280041	0,0,0	5	65,116,158,80,126	0,948,2319,2680,4690	1	circRNA	ENSRNOT00000103751	ENSRNOT00000103751	20,19,18,17,16	9:111273843-111280041|9:111284857-111288123
8	6798767	6877397	circular_RNA/1	0	-	6798767	6798767	0,0,0	5	150,159,121,176,128	0,4757,31872,76588,78502	1	circRNA	ENSRNOT00000103707	ENSRNOT00000103707	12,11,10,9,8	8:6784458-6798767|8:6877397-7012667
8	13024994	13025309	circular_RNA/1	1	-	13024994	13024994	0,0,0	1	315	0	1	circRNA	ENSRNOT00000109404	ENSRNOT00000109404	3	8:12859202-13024994|8:13025309-13154301
8	13154301	13157607	circular_RNA/2	1	-	13154301	13154301	0,0,0	1	3306	0	2	circRNA	ENSRNOT00000109404	ENSRNOT00000109404	2	8:13025309-13154301|8:13157607-13272869
8	20191423	20191701	circular_RNA/1	0	+	20191423	20191423	0,0,0	1	278	0	1	ciRNA	ENSRNOT00000097065	ENSRNOT00000097065	8	8:20191423-20193363
8	21223256	21255514	circular_RNA/2	1	+	21223256	21223256	0,0,0	6	103,105,141,96,173,153	0,1960,12160,15960,25819,32105	2	circRNA	ENSRNOT00000092845	ENSRNOT00000092845	17,18,19,20,21,22	8:21218300-21223256|8:21255514-21356322
8	30567378	30624734	circular_RNA/13	1	+	30567378	30567378	0,0,0	7	85,87,138,93,123,78,82	0,17836,34245,36802,38043,39562,57274	13	circRNA	ENSRNOT00000099034	ENSRNOT00000099034	5,6,7,8,9,10,11	8:30567047-30567378|8:30624734-30658097
8	45757217	45760233	circular_RNA/1	1	+	45757217	45757217	0,0,0	2	318,147	0,2869	1	circRNA	ENSRNOT00000022476	ENSRNOT00000022476	2,3	8:45740557-45757217|8:45760233-45967134
8	53604742	53613947	circular_RNA/1	1	-	53604742	53604742	0,0,0	4	469,89,88,102	0,3261,5637,9103	1	circRNA	ENSRNOT00000017683	ENSRNOT00000017683	13,12,11,10	8:53540173-53604742|8:53613947-53624360
8	54777266	54779274	circular_RNA/1	0	-	54777266	54777266	0,0,0	2	192,1070	0,938	1	circRNA	ENSRNOT00000066197	ENSRNOT00000066197	25,24	8:54775632-54777266|8:54779274-54781533
8	55544129	55562105	circular_RNA/1	1	+	55544129	55544129	0,0,0	8	57,141,85,61,91,59,49,96	0,4155,6756,8614,9359,14438,17474,17880	1	circRNA	ENSRNOT00000019539	ENSRNOT00000019539	4,5,6,7,8,9,10,11	8:55536743-55544129|8:55562105-55574425
8	56301497	56312542	circular_RNA/1	0	-	56301497	56301497	0,0,0	5	195,71,118,64,73	0,2947,4212,7583,10972	1	circRNA	ENSRNOT00000009169	ENSRNOT00000009169	6,5,4,3,2	8:56259056-56301497|8:56312542-56332081
8	60022460	60023122	circular_RNA/3	1	+	60022460	60022460	0,0,0	1	662	0	3	ciRNA	ENSRNOT00000119643	ENSRNOT00000119643	5	8:60022460-60023122
8	63371941	63382035	circular_RNA/1	0	-	63371941	63371941	0,0,0	5	106,135,91,48,85	0,6815,7734,9751,10009	1	circRNA	ENSRNOT00000105202	ENSRNOT00000105202	6,5,4,3,2	8:63361400-63371941|8:63382035-63411120
8	63371941	63411565	circular_RNA/1	0	-	63371941	63371941	0,0,0	6	106,135,91,48,85,445	0,6815,7734,9751,10009,39179	1	circRNA	ENSRNOT00000100439	ENSRNOT00000100439	7,6,5,4,3,2	8:63361400-63371941|8:63411565-63438858
8	65347107	65354418	circular_RNA/4	1	+	65347107	65347107	0,0,0	4	74,131,332,250	0,691,3699,7061	4	circRNA	ENSRNOT00000016260	ENSRNOT00000016260	2,3,4,5	8:65343020-65347107|8:65354418-65360619
8	65368573	65396915	circular_RNA/2	1	+	65368573	65368573	0,0,0	12	67,59,145,176,101,219,146,134,136,207,129,142	0,1388,3644,4070,7854,12665,13769,25602,27127,27529,27824,28200	2	circRNA	ENSRNOT00000016260	ENSRNOT00000016260	9,10,11,12,13,14,15,16,17,18,19,20	8:65363966-65368573|8:65396915-65400981
8	65553181	65576888	circular_RNA/2	0	+	65553181	65553181	0,0,0	11	134,273,113,174,169,111,129,62,101,178,160	0,2108,7573,9106,12019,17099,18813,19553,22220,22632,23547	2	circRNA	ENSRNOT00000025873	ENSRNOT00000025873	2,3,4,5,6,7,8,9,10,11,12	8:65550835-65553181|8:65576888-65581000
8	67010678	67020529	circular_RNA/1	1	+	67010678	67010678	0,0,0	2	161,117	0,9734	1	circRNA	ENSRNOT00000089336	ENSRNOT00000089336	44,45	8:67007914-67010678|8:67020529-67021022
8	67103515	67130529	circular_RNA/1	0	-	67103515	67103515	0,0,0	7	114,114,83,82,84,132,61	0,2485,4002,5662,7318,21701,26953	1	circRNA	ENSRNOT00000100745	ENSRNOT00000100745	8,7,6,5,4,3,2	8:67096684-67103515|8:67130529-67133086
8	73010456	73056399	circular_RNA/2	0	+	73010456	73010456	0,0,0	16	147,66,140,118,171,110,224,158,101,147,135,308,141,63,119,37	0,2596,2757,9574,13517,14085,18596,20953,21596,22667,29315,31150,31576,41854,45640,45906	2	circRNA	ENSRNOT00000095837	ENSRNOT00000095837	6,7,8,9,10,11,12,13,14,15,16,17,18,19,20,21	8:73006733-73010456|8:73056399-73056951
8	75931256	75943783	circular_RNA/1	1	+	75931256	75931256	0,0,0	8	144,54,228,9,101,199,75,94	0,359,1445,3135,4758,8690,10981,12433	1	circRNA	ENSRNOT00000091789	ENSRNOT00000091789	26,27,28,29,30,31,32,33	8:75924728-75931256|8:75943783-75957761
8	78001078	78062852	circular_RNA/2	0	-	78001078	78001078	0,0,0	8	129,45,45,60,84,66,72,1542	0,8812,18977,26825,27009,27174,48316,60232	2	circRNA	ENSRNOT00000105297	ENSRNOT00000105297	11,10,9,8,7,6,5,4	8:77976046-78001078|8:78062852-78072695
8	78009890	78028318	circular_RNA/1	1	-	78009890	78009890	0,0,0	5	45,45,60,84,66	0,10165,18013,18197,18362	1	circRNA	ENSRNOT00000101165	ENSRNOT00000101165	9,8,7,6,5	8:78001207-78009890|8:78028318-78061310
8	78027903	78062777	circular_RNA/1	0	-	78027903	78027903	0,0,0	4	60,84,66,1467	0,184,349,33407	1	circRNA	ENSRNOT00000101165	ENSRNOT00000101165	7,6,5,4	8:78020100-78027903|8:78062777-78072695
8	81007234	81035151	circular_RNA/3	1	+	81007234	81007234	0,0,0	9	94,58,146,105,21,71,143,388,230	0,2256,6699,7737,12466,17320,21780,25117,27687	3	circRNA	ENSRNOT00000015741	ENSRNOT00000015741	2,3,4,5,6,7,8,9,10	8:80989322-81007234|8:81035151-81041026
8	96537690	96544075	circular_RNA/1	1	+	96537690	96537690	0,0,0	5	233,98,110,111,83	0,1422,4440,4647,6302	1	circRNA	ENSRNOT00000014481	ENSRNOT00000014481	2,3,4,5,6	8:96528406-96537690|8:96544075-96546802
8	96563376	96572082	circular_RNA/3	1	+	96563376	96563376	0,0,0	5	121,99,104,132,163	0,213,4307,7271,8543	3	circRNA	ENSRNOT00000014481	ENSRNOT00000014481	17,18,19,20,21	8:96561274-96563376|8:96572082-96574379
8	96795768	96868746	circular_RNA/2	1	+	96795768	96795768	0,0,0	5	106,67,104,122,48	0,9042,52937,69905,72930	2	circRNA	ENSRNOT00000081204	ENSRNOT00000081204	3,4,5,6,7	8:96766167-96795768|8:96868746-96872571
8	103806856	103807571	circular_RNA/2	0	-	103806856	103806856	0,0,0	1	715	0	2	ciRNA	ENSRNOT00000012725	ENSRNOT00000012725	7	8:103806813-103807571
8	109228348	109244319	circular_RNA/1	1	+	109228348	109228348	0,0,0	5	330,1032,178,155,115	0,5377,13595,14330,15856	1	circRNA	ENSRNOT00000080778	ENSRNOT00000080778	3,4,5,6,7	8:109218564-109228348|8:109244319-109252986
8	110181086	110184925	circular_RNA/1	1	+	110181086	110181086	0,0,0	3	56,115,155	0,2084,3684	1	circRNA	ENSRNOT00000064140	ENSRNOT00000064140	22,23,24	8:110173160-110181086|8:110184925-110192141
Y	986946	994637	circular_RNA/6	1	-	986946	986946	0,0,0	4	206,106,130,734	0,912,2730,6957	6	circRNA	ENSRNOT00000119067	ENSRNOT00000119067	19,18,17,16	Y:969197-986946|Y:994637-1005660
Y	989676	1007863	circular_RNA/1	0	-	989676	989676	0,0,0	5	130,734,96,135,220	0,4227,15984,17149,17967	1	circRNA	ENSRNOT00000119067	ENSRNOT00000119067	17,16,15,14,13	Y:987964-989676|Y:1007863-1008497
11	33160346	33173155	circular_RNA/1	1	+	33160346	33160346	0,0,0	8	73,133,196,167,148,129,120,98	0,2689,3648,5468,7318,10284,11021,12711	1	circRNA	ENSRNOT00000076473	ENSRNOT00000076473	2,3,4,5,6,7,8,9	11:33159795-33160346|11:33173155-33178437
11	33703456	33721965	circular_RNA/3	1	+	33703456	33703456	0,0,0	10	155,43,151,88,54,121,86,95,63,55	0,433,872,1425,3475,4203,6236,7754,8814,18454	3	circRNA	ENSRNOT00000065600	ENSRNOT00000065600	2,3,4,5,6,7,8,9,10,11	11:33689355-33703456|11:33721965-33726976
11	36376143	36391700	circular_RNA/2	0	-	36376143	36376143	0,0,0	2	147,318	0,15239	2	circRNA	ENSRNOT00000109924	ENSRNOT00000109924	3,2	11:36174065-36376143|11:36391700-36506581
11	43993708	44003250	circular_RNA/1	0	-	43993708	43993708	0,0,0	6	75,75,75,63,64,38	0,975,1597,2671,9398,9504	1	circRNA	ENSRNOT00000002223	ENSRNOT00000002223	16,15,14,13,12,11	11:43989046-43993708|11:44003250-44004219
11	57117611	57125656	circular_RNA/2	0	-	57117611	57117611	0,0,0	4	188,164,49,100	0,553,5943,7945	2	circRNA	ENSRNOT00000081443	ENSRNOT00000081443	7,6,5,4	11:57085780-57117611|11:57125656-57230332
11	63499594	63546267	circular_RNA/1	1	+	63499594	63499594	0,0,0	7	79,155,73,148,68,41,218	0,5713,10847,40169,41436,44320,46455	1	circRNA	ENSRNOT00000041715	ENSRNOT00000041715	9,10,11,12,13,14,15	11:63492552-63499594|11:63546267-63549350
11	68741132	68747200	circular_RNA/1	0	+	68741132	68741132	0,0,0	5	101,148,32,108,133	0,2403,3451,4475,5935	1	circRNA	ENSRNOT00000049862	ENSRNOT00000049862	4,5,6,7,8	11:68730422-68741132|11:68747200-68749719
11	80853509	80867986	circular_RNA/1	0	-	80853509	80853509	0,0,0	5	189,189,119,185,981	0,1795,3732,4787,13496	1	circRNA	ENSRNOT00000052120	ENSRNOT00000052120	7,6,5,4,3	11:80849613-80853509|11:80867986-80872191
11	83370462	83380003	circular_RNA/1	0	-	83370462	83370462	0,0,0	7	87,72,130,152,53,109,76	0,3364,6316,8511,8774,8931,9465	1	circRNA	ENSRNOT00000110966	ENSRNOT00000110966	10,9,8,7,6,5,4	11:83367698-83370462|11:83380003-83380084
10	9066617	9066665	circular_RNA/1	1	-	9066617	9066617	0,0,0	1	48	0	1	circRNA	ENSRNOT00000100843	ENSRNOT00000100843	3	10:8756139-9066617|10:9066665-9382960
10	15324549	15337878	circular_RNA/2	1	-	15324549	15324549	0,0,0	2	44,91	0,13238	2	circRNA	ENSRNOT00000052292	ENSRNOT00000052292	3,2	10:15324434-15324549|10:15337878-15337993
10	16433873	16434963	circular_RNA/2	1	-	16433873	16433873	0,0,0	1	1090	0	2	circRNA	ENSRNOT00000079462	ENSRNOT00000079462	4	10:16421874-16433873|10:16434963-16437547
10	16433873	16439952	circular_RNA/7	0	-	16433873	16433873	0,0,0	3	1090,126,195	0,3674,5884	7	circRNA	ENSRNOT00000079462	ENSRNOT00000079462	4,3,2	10:16421874-16433873|10:16439952-16461948
10	18019570	18094312	circular_RNA/1	0	-	18019570	18019570	0,0,0	13	136,106,194,173,147,120,74,166,105,66,167,91,147	0,11678,36556,39609,40567,42547,45396,47939,49780,55132,64053,70150,74595	1	circRNA	ENSRNOT00000059895	ENSRNOT00000059895	14,13,12,11,10,9,8,7,6,5,4,3,2	10:17911119-18019570|10:18094312-18102787
10	28178627	28179571	circular_RNA/10	1	+	28178627	28178627	0,0,0	1	944	0	10	circRNA	ENSRNOT00000067013	ENSRNOT00000067013	2	10:28156138-28178627|10:28179571-28190155
10	30326083	30338951	circular_RNA/1	1	+	30326083	30326083	0,0,0	7	105,97,109,165,178,247,70	0,621,2795,3728,8021,11503,12798	1	circRNA	ENSRNOT00000079437	ENSRNOT00000079437	2,3,4,5,6,7,8	10:30298840-30326083|10:30338951-30345813
10	30326083	30334282	circular_RNA/1	1	+	30326083	30326083	0,0,0	5	105,97,109,165,178	0,621,2795,3728,8021	1	circRNA	ENSRNOT00000079437	ENSRNOT00000079437	2,3,4,5,6	10:30298840-30326083|10:30334282-30337586
10	35972540	35986679	circular_RNA/1	0	-	35972540	35972540	0,0,0	7	159,121,207,56,119,113,110	0,1858,3191,4459,8446,11248,14029	1	circRNA	ENSRNOT00000090475	ENSRNOT00000090475	15,14,13,12,11,10,9	10:35971552-35972540|10:35986679-35989272
10	36571128	36571634	circular_RNA/3	1	+	36571128	36571128	0,0,0	1	506	0	3	circRNA	ENSRNOT00000008119	ENSRNOT00000008119	2	10:36564131-36571128|10:36571634-36574860
10	37519628	37531861	circular_RNA/1	1	+	37519628	37519628	0,0,0	4	127,780,45,87	0,3848,7196,12146	1	circRNA	ENSRNOT00000009440	ENSRNOT00000009440	2,3,4,5	10:37499133-37519628|10:37531861-37546897
10	38509324	38541772	circular_RNA/3	1	+	38509324	38509324	0,0,0	9	85,61,132,120,40,65,77,156,81	0,1801,11319,14799,16094,19063,23074,29152,32367	3	circRNA	ENSRNOT00000036822	ENSRNOT00000036822	3,4,5,6,7,8,9,10,11	10:38508543-38509324|10:38541772-38543597
10	38750361	38766967	circular_RNA/1	1	+	38750361	38750361	0,0,0	7	159,153,165,108,204,109,241	0,731,5200,8588,9786,13701,16365	1	circRNA	ENSRNOT00000102938	ENSRNOT00000102938	10,11,12,13,14,15,16	10:38746940-38750361|10:38766967-38773455
10	47048818	47075366	circular_RNA/1	1	-	47048818	47048818	0,0,0	9	196,130,547,127,95,215,125,102,55	0,1907,4987,10062,15284,16600,20558,25054,26493	1	circRNA	ENSRNOT00000081409	ENSRNOT00000081409	21,20,19,18,17,16,15,14,13	10:47041614-47048818|10:47075366-47076722
10	49705270	49730403	circular_RNA/1	1	-	49705270	49705270	0,0,0	6	118,77,112,77,105,40	0,7013,9392,18201,24363,25093	1	circRNA	ENSRNOT00000004829	ENSRNOT00000004829	7,6,5,4,3,2	10:49695854-49705270|10:49730403-49822508
10	55595058	55613744	circular_RNA/1	1	+	55595058	55595058	0,0,0	4	129,204,161,120	0,8696,11048,18566	1	circRNA	ENSRNOT00000109255	ENSRNOT00000109255	2,3,4,5	10:55566411-55595058|10:55613744-55621364
10	69725658	69732410	circular_RNA/1	0	-	69725658	69725658	0,0,0	3	114,99,254	0,4106,6498	1	circRNA	ENSRNOT00000042506	ENSRNOT00000042506	5,4,3	10:69718693-69725658|10:69732410-69733594
10	70187738	70201895	circular_RNA/1	1	+	70187738	70187738	0,0,0	4	229,125,191,243	0,6626,11028,13914	1	circRNA	ENSRNOT00000004540	ENSRNOT00000004540	2,3,4,5	10:70173271-70187738|10:70201895-70207155
10	71099817	71101153	circular_RNA/1	1	-	71099817	71099817	0,0,0	3	186,159,143	0,292,1193	1	circRNA	ENSRNOT00000035280	ENSRNOT00000035280	26,25,24	10:71097366-71099817|10:71101153-71104292
10	71841685	71867271	circular_RNA/3	0	-	71841685	71841685	0,0,0	8	174,52,60,134,90,119,46,136	0,491,2636,6814,9962,10539,22749,25450	3	circRNA	ENSRNOT00000088182	ENSRNOT00000088182	10,9,8,7,6,5,4,3	10:71840850-71841685|10:71867271-71874780
10	83209675	83239234	circular_RNA/1	1	+	83209675	83209675	0,0,0	8	876,177,140,171,190,57,102,78	0,10275,12648,14182,18607,23205,24207,29481	1	circRNA	ENSRNOT00000114817	ENSRNOT00000114817	2,3,4,5,6,7,8,9	10:83202834-83209675|10:83239234-83243500
10	83219950	83228472	circular_RNA/1	1	+	83219950	83219950	0,0,0	4	177,140,171,190	0,2373,3907,8332	1	circRNA	ENSRNOT00000008256	ENSRNOT00000008256	3,4,5,6	10:83210551-83219950|10:83228472-83232880
10	83266505	83271000	circular_RNA/1	1	+	83266505	83266505	0,0,0	3	103,112,94	0,742,4401	1	circRNA	ENSRNOT00000082668	ENSRNOT00000082668	15,16,17	10:83253382-83266505|10:83271000-83276799
10	88752030	88766662	circular_RNA/1	1	-	88752030	88752030	0,0,0	5	80,67,134,157,96	0,1630,10542,13702,14536	1	circRNA	ENSRNOT00000099576	ENSRNOT00000099576	17,16,15,14,13	10:88734082-88752030|10:88766662-88774746
10	89261430	89325932	circular_RNA/2	0	-	89261430	89261430	0,0,0	5	196,116,99,142,1372	0,702,12542,20464,63130	2	circRNA	ENSRNOT00000089029	ENSRNOT00000089029	6,5,4,3,2	10:89256141-89261430|10:89325932-89366833
10	89324560	89325932	circular_RNA/1	0	-	89324560	89324560	0,0,0	1	1372	0	1	circRNA	ENSRNOT00000089029	ENSRNOT00000089029	2	10:89282036-89324560|10:89325932-89366833
10	90192828	90212586	circular_RNA/1	0	+	90192828	90192828	0,0,0	5	168,96,93,111,137	0,12686,13920,18928,19621	1	circRNA	ENSRNOT00000066484	ENSRNOT00000066484	7,8,9,10,11	10:90182863-90192828|10:90212586-90214323
10	90192828	90224602	circular_RNA/2	0	+	90192828	90192828	0,0,0	10	168,96,93,111,137,153,67,98,82,92	0,12686,13920,18928,19621,21495,24559,26147,28068,31682	2	circRNA	ENSRNOT00000066484	ENSRNOT00000066484	7,8,9,10,11,12,13,14,15,16	10:90182863-90192828|10:90224602-90233797
10	91497391	91499042	circular_RNA/1	0	-	91497391	91497391	0,0,0	1	1651	0	1	circRNA	ENSRNOT00000055114	ENSRNOT00000055114	2	10:91480181-91497391|10:91499042-91546089
10	91997818	92001047	circular_RNA/1	1	-	91997818	91997818	0,0,0	4	226,83,887,229	0,404,1623,3000	1	circRNA	ENSRNOT00000098328	ENSRNOT00000098328	24,23,22,21	10:91994497-91997818|10:92001047-92007130
10	94461942	94464766	circular_RNA/2	1	+	94461942	94461942	0,0,0	2	143,894	0,1930	2	circRNA	ENSRNOT00000113597	ENSRNOT00000113597	4,5	10:94460446-94461942|10:94464766-94490922
10	106568790	106582063	circular_RNA/3	1	+	106568790	106568790	0,0,0	6	195,148,147,194,176,294	0,2246,4880,10690,11582,12979	3	circRNA	ENSRNOT00000095855	ENSRNOT00000095855	2,3,4,5,6,7	10:106543167-106568790|10:106582063-106582806
13	30807339	30877644	circular_RNA/3	1	-	30807339	30807339	0,0,0	14	157,57,84,160,159,126,69,173,64,89,88,121,53,45	0,4518,4663,6155,14876,16692,22762,34814,38471,55725,59804,69328,69723,70260	3	circRNA	ENSRNOT00000003568	ENSRNOT00000003568	19,18,17,16,15,14,13,12,11,10,9,8,7,6	13:30804786-30807339|13:30877644-30882785
13	30824031	30877644	circular_RNA/1	1	-	30824031	30824031	0,0,0	9	126,69,173,64,89,88,121,53,45	0,6070,18122,21779,39033,43112,52636,53031,53568	1	circRNA	ENSRNOT00000003568	ENSRNOT00000003568	14,13,12,11,10,9,8,7,6	13:30822374-30824031|13:30877644-30882785
13	34981697	35254310	circular_RNA/4	1	-	34981697	34981697	0,0,0	4	75,95,96,115	0,41288,234430,272498	4	circRNA	ENSRNOT00000103258	ENSRNOT00000103258	5,4,3,2	13:34782145-34981697|13:35254310-35412557
13	39681735	39713397	circular_RNA/1	1	+	39681735	39681735	0,0,0	7	255,152,102,291,124,155,152	0,2296,6199,8993,12446,26666,31510	1	circRNA	ENSRNOT00000005372	ENSRNOT00000005372	15,16,17,18,19,20,21	13:39679503-39681735|13:39713397-39718069
13	63476390	63487272	circular_RNA/2	1	-	63476390	63476390	0,0,0	5	139,164,146,94,189	0,2077,4409,8886,10693	2	circRNA	ENSRNOT00000044255	ENSRNOT00000044255	14,13,12,11,10	13:63474012-63476390|13:63487272-63488278
13	68141432	68148567	circular_RNA/3	1	-	68141432	68141432	0,0,0	5	617,160,112,47,86	0,2905,4257,5454,7049	3	circRNA	ENSRNOT00000005195	ENSRNOT00000005195	6,5,4,3,2	13:68114212-68141432|13:68148567-68164086
13	68991858	69025416	circular_RNA/3	1	-	68991858	68991858	0,0,0	6	127,93,90,84,51,140	0,5204,6479,7113,25272,33418	3	circRNA	ENSRNOT00000116366	ENSRNOT00000116366	7,6,5,4,3,2	13:68957536-68991858|13:69025416-69056465
13	73226107	73227262	circular_RNA/1	0	+	73226107	73226107	0,0,0	2	368,165	0,990	1	circRNA	ENSRNOT00000003689	ENSRNOT00000003689	13,14	13:73223540-73226107|13:73227262-73230058
13	86554120	86557951	circular_RNA/3	0	+	86554120	86554120	0,0,0	2	1580,145	0,3686	3	circRNA	ENSRNOT00000102800	ENSRNOT00000102800	5,6	13:86537502-86554120|13:86557951-86599643
13	88764706	88880455	circular_RNA/3	1	+	88764706	88764706	0,0,0	15	153,83,114,126,141,65,189,139,153,135,117,143,128,109,132	0,1490,4187,6399,12425,16167,16517,24480,33643,39697,42951,78659,106118,108270,115617	3	circRNA	ENSRNOT00000101789	ENSRNOT00000101789	2,3,4,5,6,7,8,9,10,11,12,13,14,15,16	13:88754818-88764706|13:88880455-88943745
13	89034612	89215907	circular_RNA/1	1	-	89034612	89034612	0,0,0	7	69,66,132,145,112,126,163	0,1413,24883,28132,40095,62524,181132	1	circRNA	ENSRNOT00000057879	ENSRNOT00000057879	8,7,6,5,4,3,2	13:88997029-89034612|13:89215907-89225449
13	91728702	91853047	circular_RNA/1	1	+	91728702	91728702	0,0,0	19	92,84,96,149,94,201,249,80,167,123,134,243,111,248,106,125,106,149,92	0,36232,40239,47689,65299,68740,70870,73240,75917,78191,89452,98880,99334,110748,116014,118929,121324,121785,124253	1	circRNA	ENSRNOT00000003837	ENSRNOT00000003837	2,3,4,5,6,7,8,9,10,11,12,13,14,15,16,17,18,19,20	13:91684712-91728702|13:91853047-91856250
13	96957148	96963273	circular_RNA/1	1	+	96957148	96957148	0,0,0	4	156,198,174,161	0,1382,3817,5964	1	circRNA	ENSRNOT00000085214	ENSRNOT00000085214	26,27,28,29	13:96956461-96957148|13:96963273-96967282
13	98799587	98802371	circular_RNA/1	1	+	98799587	98799587	0,0,0	3	62,183,80	0,2122,2704	1	circRNA	ENSRNOT00000105333	ENSRNOT00000105333	3,4,5	13:98794822-98799587|13:98802371-98802497
13	102447663	102478001	circular_RNA/3	0	-	102447663	102447663	0,0,0	4	360,94,116,121	0,15994,18577,30217	3	circRNA	ENSRNOT00000087305	ENSRNOT00000087305	6,5,4,3	13:102423042-102447663|13:102478001-102483393
13	102463657	102478001	circular_RNA/2	0	-	102463657	102463657	0,0,0	3	94,116,121	0,2583,14223	2	circRNA	ENSRNOT00000087305	ENSRNOT00000087305	5,4,3	13:102448023-102463657|13:102478001-102483393
12	137364	182980	circular_RNA/1	0	-	137364	137364	0,0,0	5	94,1688,147,77,89	0,2526,41629,45078,45527	1	circRNA	ENSRNOT00000118063	ENSRNOT00000118063	7,6,5,4,3	12:108577-137364|12:182980-186185
12	7164171	7172878	circular_RNA/1	0	-	7164171	7164171	0,0,0	4	94,102,61,98	0,3750,4456,8609	1	circRNA	ENSRNOT00000073155	ENSRNOT00000073155	5,4,3,2	12:7162255-7164171|12:7172878-7174263
12	8770105	8777232	circular_RNA/7	1	-	8770105	8770105	0,0,0	3	141,111,76	0,3378,7051	7	circRNA	ENSRNOT00000092276	ENSRNOT00000092276	4,3,2	12:8758118-8770105|12:8777232-8804035
12	22354009	22356072	circular_RNA/1	1	+	22354009	22354009	0,0,0	3	193,38,78	0,869,1985	1	circRNA	ENSRNOT00000085696	ENSRNOT00000085696	25,26,27	12:22353478-22354009|12:22356072-22356584
12	34145832	34154732	circular_RNA/4	0	-	34145832	34145832	0,0,0	3	154,112,120	0,668,8780	4	circRNA	ENSRNOT00000094793	ENSRNOT00000094793	4,3,2	12:34143836-34145832|12:34154732-34155391
12	45903528	45904898	circular_RNA/1	1	+	45903528	45903528	0,0,0	1	1370	0	1	circRNA	ENSRNOT00000056735	ENSRNOT00000056735	2	12:45892024-45903528|12:45904898-45918634
12	45903528	45942168	circular_RNA/3	1	+	45903528	45903528	0,0,0	14	1370,91,108,386,297,186,141,79,50,58,90,108,191,178	0,15106,16828,17436,21236,22212,25387,26001,28519,29076,31553,36907,38108,38462	3	circRNA	ENSRNOT00000056735	ENSRNOT00000056735	2,3,4,5,6,7,8,9,10,11,12,13,14,15	12:45892024-45903528|12:45942168-45950716
15	18355717	18365573	circular_RNA/2	0	-	18355717	18355717	0,0,0	5	191,161,139,85,137	0,1469,4319,6624,9719	2	circRNA	ENSRNOT00000008372	ENSRNOT00000008372	20,19,18,17,16	15:18352922-18355717|15:18365573-18365994
15	20262456	20262975	circular_RNA/1	0	+	20262456	20262456	0,0,0	1	519	0	1	circRNA	ENSRNOT00000089226	ENSRNOT00000089226	3	15:20136623-20262456|15:20262975-20299039
15	31050608	31061382	circular_RNA/5	1	+	31050608	31050608	0,0,0	4	857,283,166,213	0,7491,9608,10561	5	circRNA	ENSRNOT00000011684	ENSRNOT00000011684	3,4,5,6	15:31037075-31050608|15:31061382-31070225
15	31058099	31061382	circular_RNA/2	1	+	31058099	31058099	0,0,0	3	283,166,213	0,2117,3070	2	circRNA	ENSRNOT00000011684	ENSRNOT00000011684	4,5,6	15:31051465-31058099|15:31061382-31070225
15	33574370	33587165	circular_RNA/3	0	-	33574370	33574370	0,0,0	8	83,89,341,94,100,199,170,117	0,2755,5241,7991,8719,9606,10902,12678	3	circRNA	ENSRNOT00000094078	ENSRNOT00000094078	14,13,12,11,10,9,8,7	15:33566589-33574370|15:33587165-33589099
15	48441210	48468798	circular_RNA/1	1	-	48441210	48441210	0,0,0	13	197,77,32,57,117,88,78,110,78,143,111,68,39	0,1761,1919,2040,2751,8566,12235,13222,14974,16870,21318,26485,27549	1	circRNA	ENSRNOT00000021752	ENSRNOT00000021752	17,16,15,14,13,12,11,10,9,8,7,6,5	15:48393920-48441210|15:48468798-48475191
14	9146113	9154541	circular_RNA/8	1	+	9146113	9146113	0,0,0	3	716,124,143	0,5606,8285	8	circRNA	ENSRNOT00000106801	ENSRNOT00000106801	2,3,4	14:9130627-9146113|14:9154541-9170715
14	19448590	19455465	circular_RNA/2	1	-	19448590	19448590	0,0,0	4	84,93,70,66	0,2114,4246,6809	2	circRNA	ENSRNOT00000109188	ENSRNOT00000109188	10,9,8,7	14:19446531-19448590|14:19455465-19456459
14	23854594	23940034	circular_RNA/1	1	+	23854594	23854594	0,0,0	4	156,125,160,106	0,67380,73205,85334	1	circRNA	ENSRNOT00000067439	ENSRNOT00000067439	4,5,6,7	14:23736153-23854594|14:23940034-23962642
14	34680462	34703758	circular_RNA/1	0	-	34680462	34680462	0,0,0	6	92,71,92,115,40,71	0,3105,12498,15099,23014,23225	1	circRNA	ENSRNOT00000065458	ENSRNOT00000065458	7,6,5,4,3,2	14:34670696-34680462|14:34703758-34723120
14	37433082	37452994	circular_RNA/2	1	+	37433082	37433082	0,0,0	6	68,221,83,138,153,212	0,10607,12421,16719,16980,19700	2	circRNA	ENSRNOT00000003240	ENSRNOT00000003240	3,4,5,6,7,8	14:37418023-37433082|14:37452994-37467144
14	42450098	42453470	circular_RNA/1	0	-	42450098	42450098	0,0,0	2	125,1162	0,2210	1	circRNA	ENSRNOT00000112523	ENSRNOT00000112523	9,8	14:42447308-42450098|14:42453470-42456917
14	44005862	44016844	circular_RNA/1	0	-	44005862	44005862	0,0,0	5	140,281,87,129,111	0,4122,7069,8440,10871	1	circRNA	ENSRNOT00000029209	ENSRNOT00000029209	11,10,9,8,7	14:43981456-44005862|14:44016844-44020693
14	59474658	59482320	circular_RNA/1	1	+	59474658	59474658	0,0,0	5	195,123,205,46,74	0,2339,3333,7433,7588	1	circRNA	ENSRNOT00000116869	ENSRNOT00000116869	4,5,6,7,8	14:59426863-59474658|14:59482320-59495686
14	65306295	65325295	circular_RNA/1	1	+	65306295	65306295	0,0,0	3	66,80,130	0,17863,18870	1	circRNA	ENSRNOT00000101649	ENSRNOT00000101649	2,3,4	14:65271689-65306295|14:65325295-65357748
14	74188517	74189259	circular_RNA/4	1	+	74188517	74188517	0,0,0	1	742	0	4	circRNA	ENSRNOT00000085534	ENSRNOT00000085534	3	14:74174052-74188517|14:74189259-74220748
14	74240893	74255253	circular_RNA/1	0	+	74240893	74240893	0,0,0	6	119,83,118,107,81,95	0,2154,4751,5991,12520,14265	1	circRNA	ENSRNOT00000085534	ENSRNOT00000085534	5,6,7,8,9,10	14:74220869-74240893|14:74255253-74259102
14	79506787	79524928	circular_RNA/1	1	+	79506787	79506787	0,0,0	9	98,101,148,159,171,130,68,111,113	0,3551,3769,5976,6498,9479,14527,16874,18028	1	circRNA	ENSRNOT00000117747	ENSRNOT00000117747	2,3,4,5,6,7,8,9,10	14:79503588-79506787|14:79524928-79529843
14	96138137	96147381	circular_RNA/1	0	-	96138137	96138137	0,0,0	5	124,98,139,125,108	0,2791,3044,5481,9136	1	circRNA	ENSRNOT00000012131	ENSRNOT00000012131	21,20,19,18,17	14:96102069-96138137|14:96147381-96152725
14	96143618	96229682	circular_RNA/2	0	-	96143618	96143618	0,0,0	10	125,108,148,144,885,49,179,205,238,123	0,3655,9107,30082,35766,40605,41234,72486,81335,85941	2	circRNA	ENSRNOT00000012131	ENSRNOT00000012131	18,17,16,15,14,13,12,11,10,9	14:96141320-96143618|14:96229682-96230257
14	97239160	97246514	circular_RNA/1	1	+	97239160	97239160	0,0,0	3	132,102,73	0,3870,7281	1	circRNA	ENSRNOT00000114310	ENSRNOT00000114310	2,3,4	14:97234058-97239160|14:97246514-97253646
14	97369849	97401529	circular_RNA/3	1	+	97369849	97369849	0,0,0	14	83,155,114,100,160,127,148,101,210,126,123,84,87,201	0,2995,4562,6471,7063,10108,10348,15637,15928,19251,21195,21444,23429,31479	3	circRNA	ENSRNOT00000094041	ENSRNOT00000094041	20,21,22,23,24,25,26,27,28,29,30,31,32,33	14:97365845-97369849|14:97401529-97403646
14	103135144	103210121	circular_RNA/2	0	+	103135144	103135144	0,0,0	15	109,70,59,84,141,173,82,159,147,145,185,138,1071,128,142	0,17946,20224,24304,25422,37653,42966,50840,52932,53928,63475,70044,71675,73481,74835	2	circRNA	ENSRNOT00000095959	ENSRNOT00000095959	3,4,5,6,7,8,9,10,11,12,13,14,15,16,17	14:103104714-103135144|14:103210121-103221752
14	103205188	103210121	circular_RNA/1	0	+	103205188	103205188	0,0,0	4	138,1071,128,142	0,1631,3437,4791	1	circRNA	ENSRNOT00000095959	ENSRNOT00000095959	14,15,16,17	14:103198804-103205188|14:103210121-103221752
17	2507045	2551444	circular_RNA/1	1	+	2507045	2507045	0,0,0	5	1976,146,1903,124,61	0,8352,18488,44019,44338	1	circRNA	ENSRNOT00000118981	ENSRNOT00000118981	4,5,6,7,8	17:2505815-2507045|17:2551444-2552675
17	2551064	2554649	circular_RNA/1	0	+	2551064	2551064	0,0,0	3	124,61,1974	0,319,1611	1	circRNA	ENSRNOT00000099977	ENSRNOT00000099977	3,4,5	17:2525646-2551064|17:2554649-2556795
17	5052710	5059219	circular_RNA/1	0	-	5052710	5052710	0,0,0	3	107,60,179	0,2683,6330	1	circRNA	ENSRNOT00000108214	ENSRNOT00000108214	13,12,11	17:5044754-5052710|17:5059219-5062042
17	5159033	5185816	circular_RNA/2	1	+	5159033	5159033	0,0,0	7	94,38,209,178,98,117,692	0,5603,8960,10575,18044,22210,26091	2	circRNA	ENSRNOT00000091370	ENSRNOT00000091370	10,11,12,13,14,15,16	17:5154458-5159033|17:5185816-5191170
17	5167993	5229534	circular_RNA/1	1	+	5167993	5167993	0,0,0	16	209,178,98,117,692,84,87,149,88,145,154,181,130,132,177,161	0,1615,9084,13250,17131,23177,24489,24657,36543,41513,43153,44200,45148,52738,59136,61380	1	circRNA	ENSRNOT00000091370	ENSRNOT00000091370	12,13,14,15,16,17,18,19,20,21,22,23,24,25,26,27	17:5164674-5167993|17:5229534-5233721
17	5177077	5192799	circular_RNA/1	1	+	5177077	5177077	0,0,0	6	98,117,692,84,87,149	0,4166,8047,14093,15405,15573	1	circRNA	ENSRNOT00000091370	ENSRNOT00000091370	14,15,16,17,18,19	17:5169786-5177077|17:5192799-5204536
17	5204536	5220863	circular_RNA/1	1	+	5204536	5204536	0,0,0	6	88,145,154,181,130,132	0,4970,6610,7657,8605,16195	1	circRNA	ENSRNOT00000091370	ENSRNOT00000091370	20,21,22,23,24,25	17:5192799-5204536|17:5220863-5227129
17	9084124	9085717	circular_RNA/1	1	+	9084124	9084124	0,0,0	2	232,388	0,1205	1	circRNA	ENSRNOT00000116388	ENSRNOT00000116388	3,4	17:9082606-9084124|17:9085717-9088422
17	14969693	14982422	circular_RNA/1	0	-	14969693	14969693	0,0,0	12	99,92,123,96,61,88,148,118,83,120,157,126	0,1478,2073,3514,4269,4926,6827,8176,9711,11571,11911,12603	1	circRNA	ENSRNOT00000019862	ENSRNOT00000019862	13,12,11,10,9,8,7,6,5,4,3,2	17:14968773-14969693|17:14982422-14987014
17	21282037	21299192	circular_RNA/3	1	+	21282037	21282037	0,0,0	6	109,191,145,122,152,112	0,1580,4752,7472,9022,17043	3	circRNA	ENSRNOT00000116992	ENSRNOT00000116992	8,9,10,11,12,13	17:21280717-21282037|17:21299192-21302017
17	29039522	29040180	circular_RNA/4	1	-	29039522	29039522	0,0,0	1	658	0	4	circRNA	ENSRNOT00000100703	ENSRNOT00000100703	2	17:28998882-29039522|17:29040180-29118197
17	49522267	49695790	circular_RNA/3	1	-	49522267	49522267	0,0,0	6	202,147,206,106,243,165	0,4063,7305,31845,98423,173358	3	circRNA	ENSRNOT00000019396	ENSRNOT00000019396	7,6,5,4,3,2	17:49510536-49522267|17:49695790-49709537
17	51606403	51609444	circular_RNA/3	1	+	51606403	51606403	0,0,0	2	37,755	0,2286	3	circRNA	ENSRNOT00000024022	ENSRNOT00000024022	2,3	17:51588980-51606403|17:51609444-51661893
17	60746196	60766369	circular_RNA/3	0	-	60746196	60746196	0,0,0	9	65,103,110,124,111,92,198,120,135	0,2123,2519,2953,8008,10376,16776,18337,20038	3	circRNA	ENSRNOT00000020634	ENSRNOT00000020634	15,14,13,12,11,10,9,8,7	17:60742479-60746196|17:60766369-60778473
17	72470234	72493571	circular_RNA/1	1	+	72470234	72470234	0,0,0	7	76,96,107,49,76,123,29	0,6956,9847,17311,20606,22306,23308	1	circRNA	ENSRNOT00000024016	ENSRNOT00000024016	3,4,5,6,7,8,9	17:72462407-72470234|17:72493571-72499953
17	83382110	83384004	circular_RNA/4	1	-	83382110	83382110	0,0,0	1	1894	0	4	circRNA	ENSRNOT00000068156	ENSRNOT00000068156	8	17:83373428-83382110|17:83384004-83385283
16	2616142	2619942	circular_RNA/2	1	+	2616142	2616142	0,0,0	5	146,93,73,92,162	0,1475,2587,3037,3638	2	circRNA	ENSRNOT00000104649	ENSRNOT00000104649	2,3,4,5,6	16:2607407-2616142|16:2619942-2623451
16	2616142	2628072	circular_RNA/3	0	+	2616142	2616142	0,0,0	10	146,93,73,92,162,122,32,106,104,104	0,1475,2587,3037,3638,7309,9399,10031,11636,11826	3	circRNA	ENSRNOT00000104649	ENSRNOT00000104649	2,3,4,5,6,7,8,9,10,11	16:2607407-2616142|16:2628072-2639296
16	3244649	3344031	circular_RNA/3	0	+	3244649	3244649	0,0,0	3	194,136,161	0,40226,99221	3	circRNA	ENSRNOT00000081999	ENSRNOT00000081999	10,11,12	16:3230106-3244649|16:3344031-3466186
16	6230610	6242413	circular_RNA/4	1	+	6230610	6230610	0,0,0	6	117,69,99,86,96,92	0,4192,5976,9987,10698,11711	4	circRNA	ENSRNOT00000096494	ENSRNOT00000096494	8,9,10,11,12,13	16:6227775-6230610|16:6242413-6245945
16	6574330	6579527	circular_RNA/1	1	+	6574330	6574330	0,0,0	6	100,136,76,146,63,131	0,1010,1763,3612,4615,5066	1	circRNA	ENSRNOT00000026323	ENSRNOT00000026323	14,15,16,17,18,19	16:6573492-6574330|16:6579527-6580640
16	21812248	21845411	circular_RNA/3	0	+	21812248	21812248	0,0,0	5	207,81,113,59,90	0,306,2674,5447,33073	3	circRNA	ENSRNOT00000093876	ENSRNOT00000093876	8,9,10,11,12	16:21747660-21812248|16:21845411-21934457
16	43783409	43831950	circular_RNA/2	1	+	43783409	43783409	0,0,0	3	235,239,123	0,23822,48418	2	circRNA	ENSRNOT00000094358	ENSRNOT00000094358	13,14,15	16:43558081-43783409|16:43831950-43850033
16	46103990	46116822	circular_RNA/1	0	-	46103990	46103990	0,0,0	2	269,1097	0,11735	1	circRNA	ENSRNOT00000096068	ENSRNOT00000096068	4,3	16:46090154-46103990|16:46116822-46124405
16	51668615	51680165	circular_RNA/2	0	+	51668615	51668615	0,0,0	3	123,163,158	0,1834,11392	2	circRNA	ENSRNOT00000105685	ENSRNOT00000105685	2,3,4	16:51641376-51668615|16:51680165-51690874
16	51828345	51852266	circular_RNA/1	0	-	51828345	51828345	0,0,0	9	93,127,133,121,33,70,121,95,27	0,444,4898,7020,12848,13655,15160,22649,23894	1	circRNA	ENSRNOT00000119635	ENSRNOT00000119635	10,9,8,7,6,5,4,3,2	16:51816978-51828345|16:51852266-51877712
16	63311979	63338446	circular_RNA/2	1	+	63311979	63311979	0,0,0	4	33,186,378,85	0,17536,22132,26382	2	circRNA	ENSRNOT00000085659	ENSRNOT00000085659	8,9,10,11	16:63294492-63311979|16:63338446-63357397
16	66326501	66334345	circular_RNA/2	1	+	66326501	66326501	0,0,0	5	136,182,68,123,96	0,4500,4926,6717,7748	2	circRNA	ENSRNOT00000020832	ENSRNOT00000020832	7,8,9,10,11	16:66324827-66326501|16:66334345-66335728
19	504243	508122	circular_RNA/1	1	+	504243	504243	0,0,0	3	350,65,93	0,3459,3786	1	circRNA	ENSRNOT00000087469	ENSRNOT00000087469	13,14,15	19:496645-504243|19:508122-522227
19	16041208	16068663	circular_RNA/2	1	-	16041208	16041208	0,0,0	2	332,1613	0,25842	2	circRNA	ENSRNOT00000075991	ENSRNOT00000075991	3,2	19:16025932-16041208|19:16068663-16092059
19	16067050	16068663	circular_RNA/4	1	-	16067050	16067050	0,0,0	1	1613	0	4	circRNA	ENSRNOT00000075991	ENSRNOT00000075991	2	19:16041540-16067050|19:16068663-16092059
19	19284608	19294406	circular_RNA/1	1	+	19284608	19284608	0,0,0	2	3215,85	0,9713	1	circRNA	ENSRNOT00000101491	ENSRNOT00000101491	4,5	19:19208278-19284608|19:19294406-19381732
19	20250588	20252273	circular_RNA/1	0	+	20250588	20250588	0,0,0	1	1685	0	1	circRNA	ENSRNOT00000049285	ENSRNOT00000049285	2	19:20223251-20250588|19:20252273-20261538
19	21139699	21175450	circular_RNA/2	1	-	21139699	21139699	0,0,0	6	116,81,108,100,134,90	0,14940,18864,29101,33167,35661	2	circRNA	ENSRNOT00000110468	ENSRNOT00000110468	8,7,6,5,4,3	19:21122757-21139699|19:21175450-21208362
19	28539519	28566333	circular_RNA/2	1	+	28539519	28539519	0,0,0	5	577,258,171,222,257	0,15033,17913,21542,26557	2	circRNA	ENSRNOT00000025079	ENSRNOT00000025079	2,3,4,5,6	19:28513396-28539519|19:28566333-28572279
19	33551333	33555410	circular_RNA/1	0	+	33551333	33551333	0,0,0	3	790,171,134	0,1097,3943	1	circRNA	ENSRNOT00000023853	ENSRNOT00000023853	2,3,4	19:33529437-33551333|19:33555410-33558811
19	33978683	33983320	circular_RNA/2	1	+	33978683	33978683	0,0,0	2	1138,163	0,4474	2	circRNA	ENSRNOT00000087491	ENSRNOT00000087491	2,3	19:33961035-33978683|19:33983320-33998559
19	34634886	34640454	circular_RNA/2	1	+	34634886	34634886	0,0,0	2	480,58	0,5510	2	circRNA	ENSRNOT00000030768	ENSRNOT00000030768	13,14	19:34628374-34634886|19:34640454-34674622
18	1148436	1166425	circular_RNA/2	0	-	1148436	1148436	0,0,0	7	247,92,136,49,89,61,160	0,335,2054,7427,11434,14614,17829	2	circRNA	ENSRNOT00000061777	ENSRNOT00000061777	14,13,12,11,10,9,8	18:1143840-1148436|18:1166425-1182904
18	1182904	1191815	circular_RNA/1	0	-	1182904	1182904	0,0,0	6	92,139,145,85,176,743	0,2162,2997,5117,6682,8168	1	circRNA	ENSRNOT00000061777	ENSRNOT00000061777	7,6,5,4,3,2	18:1166425-1182904|18:1191815-1200073
18	1644812	1660636	circular_RNA/2	1	-	1644812	1644812	0,0,0	5	144,90,132,115,64	0,2484,9693,12815,15760	2	circRNA	ENSRNOT00000096461	ENSRNOT00000096461	6,5,4,3,2	18:1638516-1644812|18:1660636-1670216
18	4941788	5037933	circular_RNA/1	0	-	4941788	4941788	0,0,0	2	3356,180	0,95965	1	circRNA	ENSRNOT00000022637	ENSRNOT00000022637	4,3	18:4913807-4941788|18:5037933-5067178
18	15546824	15551751	circular_RNA/1	1	+	15546824	15546824	0,0,0	3	208,171,118	0,2951,4809	1	circRNA	ENSRNOT00000022117	ENSRNOT00000022117	6,7,8	18:15541828-15546824|18:15551751-15553908
18	16496760	16722296	circular_RNA/1	1	+	16496760	16496760	0,0,0	8	143,95,116,128,674,84,182,109	0,5184,23497,93592,148743,155578,212473,225427	1	circRNA	ENSRNOT00000103230	ENSRNOT00000103230	3,4,5,6,7,8,9,10	18:16496124-16496760|18:16722296-16772712
18	23317948	23324955	circular_RNA/3	0	+	23317948	23317948	0,0,0	1	7007	0	3	ciRNA	ENSRNOT00000022761	ENSRNOT00000022761	15	18:23317948-23324956
18	26831787	26853142	circular_RNA/1	1	+	26831787	26831787	0,0,0	6	81,153,93,157,201,152	0,1197,12242,15948,20435,21203	1	circRNA	ENSRNOT00000008041	ENSRNOT00000008041	8,9,10,11,12,13	18:26789721-26831787|18:26853142-26856470
18	26954629	27029098	circular_RNA/2	0	-	26954629	26954629	0,0,0	3	100,121,139	0,7330,74330	2	circRNA	ENSRNOT00000102716	ENSRNOT00000102716	4,3,2	18:26938270-26954629|18:27029098-27033228
18	27386812	27400055	circular_RNA/1	0	+	27386812	27386812	0,0,0	5	64,32,78,106,94	0,10494,10606,10764,13149	1	circRNA	ENSRNOT00000095794	ENSRNOT00000095794	3,4,5,6,7	18:27364752-27386812|18:27400055-27404671
18	30952173	31054439	circular_RNA/2	0	+	30952173	30952173	0,0,0	11	96,62,72,102,111,105,130,101,95,79,37	0,1862,5340,13962,15458,21365,22807,24586,29678,46334,102229	2	circRNA	ENSRNOT00000090882	ENSRNOT00000090882	2,3,4,5,6,7,8,9,10,11,12	18:30839144-30952173|18:31054439-31076743
18	30973538	30998586	circular_RNA/1	0	+	30973538	30973538	0,0,0	5	105,130,101,95,79	0,1442,3221,8313,24969	1	circRNA	ENSRNOT00000090882	ENSRNOT00000090882	7,8,9,10,11	18:30967742-30973538|18:30998586-31054402
18	34285570	34303585	circular_RNA/1	0	+	34285570	34285570	0,0,0	7	119,125,92,194,261,294,135	0,4000,10556,11267,12308,13807,17880	1	circRNA	ENSRNOT00000036613	ENSRNOT00000036613	2,3,4,5,6,7,8	18:34273791-34285570|18:34303585-34311054
18	34317556	34322626	circular_RNA/5	1	+	34317556	34317556	0,0,0	4	154,297,144,120	0,1163,3189,4950	5	circRNA	ENSRNOT00000036613	ENSRNOT00000036613	12,13,14,15	18:34316868-34317556|18:34322626-34323771
18	34546056	34558660	circular_RNA/1	1	+	34546056	34546056	0,0,0	4	90,119,151,165	0,5660,8880,12439	1	circRNA	ENSRNOT00000106966	ENSRNOT00000106966	14,15,16,17	18:34545281-34546056|18:34558660-34559073
18	37268052	37275787	circular_RNA/2	1	+	37268052	37268052	0,0,0	4	91,197,200,167	0,2810,4336,7568	2	circRNA	ENSRNOT00000060098	ENSRNOT00000060098	2,3,4,5	18:37266787-37268052|18:37275787-37277370
18	57228741	57336021	circular_RNA/1	0	+	57228741	57228741	0,0,0	7	215,770,89,119,124,114,222	0,17176,19472,34629,36853,68573,107058	1	circRNA	ENSRNOT00000105714	ENSRNOT00000105714	14,15,16,17,18,19,20	18:57223610-57228741|18:57336021-57373393
18	57245917	57248302	circular_RNA/1	1	+	57245917	57245917	0,0,0	2	770,89	0,2296	1	circRNA	ENSRNOT00000105714	ENSRNOT00000105714	15,16	18:57228956-57245917|18:57248302-57263370
18	78343513	78348143	circular_RNA/1	1	+	78343513	78343513	0,0,0	3	127,83,143	0,3056,4487	1	circRNA	ENSRNOT00000058199	ENSRNOT00000058199	6,7,8	18:78338130-78343513|18:78348143-78385309
