X	98766725	98767035	circular_RNA/1	1	+	98766725	98766725	0,0,0	2	72,77	0,233	1	circRNA	ENSRNOT00000102872	ENSRNOT00000102872	8,9	X:98766579-98766725|X:98767035-98767192
20	30699652	30705995	circular_RNA/9	0	-	30699652	30699652	0,0,0	6	186,84,211,167,114,226	0,2822,3705,4639,5303,6117	9	circRNA	ENSRNOT00000067004	ENSRNOT00000067004	16,15,14,13,12,11	20:30696344-30699652|20:30705995-30709245
20	30827016	30850382	circular_RNA/2	1	+	30827016	30827016	0,0,0	7	134,102,100,95,132,89,100	0,1635,1851,5640,8269,10241,23266	2	circRNA	ENSRNOT00000046268	ENSRNOT00000046268	2,3,4,5,6,7,8	20:30823096-30827016|20:30850382-30870855
1	41712831	41736254	circular_RNA/9	0	-	41712831	41712831	0,0,0	13	168,153,327,171,156,318,165,144,154,173,165,156,144	0,511,2305,3503,3823,4918,9770,15575,17583,19223,20838,22802,23279	9	circRNA	ENSRNOT00000081637	ENSRNOT00000081637	71,70,69,68,67,66,65,64,63,62,61,60,59	1:41710435-41712831|1:41736254-41741600
1	58275504	58284920	circular_RNA/17	0	-	58275504	58275504	0,0,0	4	162,185,157,184	0,1647,7926,9232	17	circRNA	ENSRNOT00000080325	ENSRNOT00000080325	15,14,13,12	1:58268286-58275504|1:58284920-58292696
1	70177174	70184913	circular_RNA/2	1	+	70177174	70177174	0,0,0	5	327,117,43,38,50	0,7156,7367,7495,7689	2	circRNA	ENSRNOT00000036413	ENSRNOT00000036413	3,4,5,6,7	1:70159547-70177174|1:70184913-70185335
1	99173033	99202822	circular_RNA/10	1	+	99173033	99173033	0,0,0	4	113,106,390,123	0,1086,2988,29666	10	circRNA	ENSRNOT00000111190	ENSRNOT00000111190	9,10,11,12	1:99167888-99173033|1:99202822-99252013
1	110464942	110465132	circular_RNA/2	1	-	110464942	110464942	0,0,0	1	190	0	2	circRNA	ENSRNOT00000111921	ENSRNOT00000111921	4	1:110458572-110464942|1:110465132-110467521
1	110464942	110477824	circular_RNA/1	1	-	110464942	110464942	0,0,0	3	190,96,147	0,2579,12735	1	circRNA	ENSRNOT00000111921	ENSRNOT00000111921	4,3,2	1:110458572-110464942|1:110477824-110480299
1	110467521	110477824	circular_RNA/1	1	-	110467521	110467521	0,0,0	2	96,147	0,10156	1	circRNA	ENSRNOT00000111921	ENSRNOT00000111921	3,2	1:110465132-110467521|1:110477824-110480299
1	170596717	170597852	circular_RNA/10	1	-	170596717	170596717	0,0,0	2	93,105	0,1030	10	circRNA	ENSRNOT00000055120	ENSRNOT00000055120	22,21	1:170593964-170596717|1:170597852-170599756
1	170659832	170660961	circular_RNA/5	1	-	170659832	170659832	0,0,0	1	1129	0	5	circRNA	ENSRNOT00000055120	ENSRNOT00000055120	3	1:170641800-170659832|1:170660961-170682623
1	177523167	177525785	circular_RNA/3	0	+	177523167	177523167	0,0,0	5	104,338,97,79,55	0,229,2166,2392,2563	3	circRNA	ENSRNOT00000035770	ENSRNOT00000035770	9,10,11,12,13	1:177522146-177523167|1:177525785-177528193
1	187740266	187742785	circular_RNA/9	1	+	187740266	187740266	0,0,0	2	165,851	0,1668	9	circRNA	ENSRNOT00000023257	ENSRNOT00000023257	3,4	1:187739783-187740266|1:187742785-187761031
1	187740266	187769529	circular_RNA/4	1	+	187740266	187740266	0,0,0	6	165,851,188,154,72,199	0,1668,20765,25401,27522,29064	4	circRNA	ENSRNOT00000023257	ENSRNOT00000023257	3,4,5,6,7,8	1:187739783-187740266|1:187769529-187776479
3	7643668	7650602	circular_RNA/6	0	-	7643668	7643668	0,0,0	3	121,189,158	0,6139,6776	6	circRNA	ENSRNOT00000104449	ENSRNOT00000104449	6,5,4	3:7638923-7643668|3:7650602-7663942
3	17741316	17753437	circular_RNA/3	1	+	17741316	17741316	0,0,0	3	328,90,149	0,2878,11972	3	circRNA	ENSRNOT00000023889	ENSRNOT00000023889	2,3,4	3:17716250-17741316|3:17753437-17802412
3	17744194	17833114	circular_RNA/7	1	+	17744194	17744194	0,0,0	5	90,149,173,177,110	0,9094,58218,74495,88810	7	circRNA	ENSRNOT00000023889	ENSRNOT00000023889	3,4,5,6,7	3:17741644-17744194|3:17833114-17861764
3	53010069	53064144	circular_RNA/7	1	-	53010069	53010069	0,0,0	6	68,63,30,123,66,49	0,1928,7219,7342,53844,54026	7	circRNA	ENSRNOT00000037133	ENSRNOT00000037133	14,13,12,11,10,9	3:52968249-53010069|3:53064144-53070948
3	54746649	54758383	circular_RNA/9	1	+	54746649	54746649	0,0,0	4	89,150,134,111	0,1782,5930,11623	9	circRNA	ENSRNOT00000011380	ENSRNOT00000011380	24,25,26,27	3:54739038-54746649|3:54758383-54762958
3	54758272	54775338	circular_RNA/8	0	+	54758272	54758272	0,0,0	5	111,213,137,86,106	0,4686,7046,13669,16960	8	circRNA	ENSRNOT00000011380	ENSRNOT00000011380	27,28,29,30,31	3:54752713-54758272|3:54775338-54782782
3	57821406	57847776	circular_RNA/4	0	-	57821406	57821406	0,0,0	2	193,1360	0,25010	4	circRNA	ENSRNOT00000103163	ENSRNOT00000103163	5,4	3:57816188-57821406|3:57847776-57854981
3	93186875	93234125	circular_RNA/13	1	+	93186875	93186875	0,0,0	2	248,182	0,47068	13	circRNA	ENSRNOT00000065168	ENSRNOT00000065168	2,3	3:93181279-93186875|3:93234125-93272180
3	113364044	113373585	circular_RNA/1	1	-	113364044	113364044	0,0,0	6	102,99,102,36,68,232	0,3165,6648,7226,7650,9309	1	circRNA	ENSRNOT00000117450	ENSRNOT00000117450	8,7,6,5,4,3	3:113357434-113364044|3:113373585-113385993
2	6481150	6532799	circular_RNA/6	1	+	6481150	6481150	0,0,0	9	171,131,187,94,103,103,102,75,120	0,12003,25423,30374,46793,48597,49027,49595,51529	6	circRNA	ENSRNOT00000017828	ENSRNOT00000017828	6,7,8,9,10,11,12,13,14	2:6452564-6481150|2:6532799-6619757
2	6815803	6846198	circular_RNA/1	0	-	6815803	6815803	0,0,0	10	166,129,164,159,54,135,144,144,141,163	0,934,9924,10827,11972,12900,15149,16047,16580,30232	1	circRNA	ENSRNOT00000018457	ENSRNOT00000018457	13,12,11,10,9,8,7,6,5,4	2:6788548-6815803|2:6846198-6864928
2	24583887	24598599	circular_RNA/16	1	+	24583887	24583887	0,0,0	4	157,132,93,140	0,4702,7334,14572	16	circRNA	ENSRNOT00000104734	ENSRNOT00000104734	2,3,4,5	2:24544298-24583887|2:24598599-24608968
2	39254126	39275943	circular_RNA/7	1	-	39254126	39254126	0,0,0	3	151,149,357	0,7820,21460	7	circRNA	ENSRNOT00000064292	ENSRNOT00000064292	4,3,2	2:39235196-39254126|2:39275943-39378102
2	45571388	45628853	circular_RNA/6	1	+	45571388	45571388	0,0,0	2	145,209	0,57256	6	circRNA	ENSRNOT00000107146	ENSRNOT00000107146	2,3	2:45438384-45571388|2:45628853-45819809
2	87049962	87054299	circular_RNA/9	1	-	87049962	87049962	0,0,0	5	149,148,197,201,176	0,841,2518,3862,4161	9	circRNA	ENSRNOT00000097272	ENSRNOT00000097272	9,8,7,6,5	2:87045988-87049962|2:87054299-87056656
2	110378811	110436153	circular_RNA/2	1	-	110378811	110378811	0,0,0	7	54,139,60,152,59,291,244	0,2812,12278,14979,20460,53326,57098	2	circRNA	ENSRNOT00000034096	ENSRNOT00000034096	10,9,8,7,6,5,4	2:110362530-110378811|2:110436153-110450338
2	115743197	115774378	circular_RNA/1	1	-	115743197	115743197	0,0,0	6	96,97,124,195,112,105	0,11269,12542,13760,21537,31076	1	circRNA	ENSRNOT00000097356	ENSRNOT00000097356	8,7,6,5,4,3	2:115708450-115743197|2:115774378-115848726
2	124647887	124695228	circular_RNA/2	1	-	124647887	124647887	0,0,0	9	197,193,146,75,72,99,178,92,91	0,6453,11770,14338,17605,22533,27673,43411,47250	2	circRNA	ENSRNOT00000100161	ENSRNOT00000100161	18,17,16,15,14,13,12,11,10	2:124641232-124647887|2:124695228-124711754
2	140166965	140252257	circular_RNA/10	0	-	140166965	140166965	0,0,0	20	193,124,82,109,93,98,63,80,169,153,109,134,198,147,120,127,122,96,101,232	0,904,1241,15610,20515,22145,22438,23261,30711,31979,38832,58241,58928,74499,76681,79417,80349,81145,81478,85060	10	circRNA	ENSRNOT00000106419	ENSRNOT00000106419	21,20,19,18,17,16,15,14,13,12,11,10,9,8,7,6,5,4,3,2	2:140162605-140166965|2:140252257-140338303
2	146806445	146835941	circular_RNA/9	0	+	146806445	146806445	0,0,0	6	153,130,75,90,155,210	0,2348,5396,7665,11211,29286	9	circRNA	ENSRNOT00000019553	ENSRNOT00000019553	6,7,8,9,10,11	2:146771286-146806445|2:146835941-146847010
2	167367743	167385846	circular_RNA/4	0	-	167367743	167367743	0,0,0	6	134,117,231,198,119,101	0,908,2063,3235,15118,18002	4	circRNA	ENSRNOT00000064930	ENSRNOT00000064930	8,7,6,5,4,3	2:167357059-167367743|2:167385846-167398270
2	175816020	175818695	circular_RNA/10	1	+	175816020	175816020	0,0,0	3	132,171,316	0,1466,2359	10	circRNA	ENSRNOT00000021502	ENSRNOT00000021502	5,6,7	2:175815066-175816020|2:175818695-175821289
5	6280414	6325304	circular_RNA/3	1	+	6280414	6280414	0,0,0	4	133,212,165,199	0,2789,18194,44691	3	circRNA	ENSRNOT00000111917	ENSRNOT00000111917	2,3,4,5	5:6232168-6280414|5:6325304-6338505
5	102326742	102327450	circular_RNA/17	1	-	102326742	102326742	0,0,0	1	708	0	17	circRNA	ENSRNOT00000094349	ENSRNOT00000094349	5	5:102281146-102326742|5:102327450-102357684
5	102326742	102357828	circular_RNA/21	1	-	102326742	102326742	0,0,0	2	708,144	0,30942	21	circRNA	ENSRNOT00000094349	ENSRNOT00000094349	5,4	5:102281146-102326742|5:102357828-102363858
5	141527088	141528970	circular_RNA/8	1	-	141527088	141527088	0,0,0	2	791,117	0,1765	8	circRNA	ENSRNOT00000009436	ENSRNOT00000009436	3,2	5:141525578-141527088|5:141528970-141535354
5	144869886	144892305	circular_RNA/9	1	+	144869886	144869886	0,0,0	6	102,44,80,67,137,138	0,4731,8642,11797,14983,22281	9	circRNA	ENSRNOT00000097388	ENSRNOT00000097388	2,3,4,5,6,7	5:144853358-144869886|5:144892305-144899810
5	145948263	145951212	circular_RNA/28	0	-	145948263	145948263	0,0,0	3	117,456,213	0,1378,2736	28	circRNA	ENSRNOT00000009173	ENSRNOT00000009173	5,4,3	5:145925474-145948263|5:145951212-145980053
4	20023118	20024576	circular_RNA/1	0	-	20023118	20023118	0,0,0	1	1458	0	1	circRNA	ENSRNOT00000008637	ENSRNOT00000008637	3	4:19904248-20023118|4:20024576-20042982
4	30370086	30424643	circular_RNA/20	0	+	30370086	30370086	0,0,0	9	273,301,183,118,209,89,145,171,85	0,3425,15571,28669,40043,41487,44749,48388,54472	20	circRNA	ENSRNOT00000079571	ENSRNOT00000079571	2,3,4,5,6,7,8,9,10	4:30333907-30370086|4:30424643-30434547
4	33227377	33243858	circular_RNA/4	1	+	33227377	33227377	0,0,0	5	156,54,230,97,172	0,12004,14593,16119,16309	4	circRNA	ENSRNOT00000011756	ENSRNOT00000011756	6,7,8,9,10	4:33204820-33227377|4:33243858-33260865
4	66617525	66646151	circular_RNA/12	1	+	66617525	66617525	0,0,0	6	119,148,133,117,115,147	0,5042,12796,16997,25332,28479	12	circRNA	ENSRNOT00000113281	ENSRNOT00000113281	2,3,4,5,6,7	4:66568008-66617525|4:66646151-66667627
4	66630321	66646151	circular_RNA/1	1	+	66630321	66630321	0,0,0	4	133,117,115,147	0,4201,12536,15683	1	circRNA	ENSRNOT00000113281	ENSRNOT00000113281	4,5,6,7	4:66622715-66630321|4:66646151-66667627
4	95149590	95205604	circular_RNA/4	1	+	95149590	95149590	0,0,0	10	175,175,122,80,85,158,94,161,94,86	0,1688,3399,6896,11238,12382,31047,33010,35600,55928	4	circRNA	ENSRNOT00000113591	ENSRNOT00000113591	4,5,6,7,8,9,10,11,12,13	4:95132960-95149590|4:95205604-95228287
4	126274544	126302187	circular_RNA/8	0	-	126274544	126274544	0,0,0	8	621,183,93,29,81,58,36,83	0,1749,9506,11783,11833,15130,23500,27560	8	circRNA	ENSRNOT00000096892	ENSRNOT00000096892	13,12,11,10,9,8,7,6	4:126246928-126274544|4:126302187-126313356
4	144296419	144330408	circular_RNA/10	0	+	144296419	144296419	0,0,0	3	141,201,140	0,24465,33849	10	circRNA	ENSRNOT00000056996	ENSRNOT00000056996	5,6,7	4:144177409-144296419|4:144330408-144431703
7	24161278	24167176	circular_RNA/8	1	-	24161278	24161278	0,0,0	7	79,95,35,108,124,69,118	0,163,1170,1238,2321,4163,5780	8	circRNA	ENSRNOT00000010414	ENSRNOT00000010414	8,7,6,5,4,3,2	7:24155556-24161278|7:24167176-24170920
7	24516409	24537144	circular_RNA/3	0	+	24516409	24516409	0,0,0	5	297,76,102,117,167	0,13037,14223,17160,20568	3	circRNA	ENSRNOT00000102313	ENSRNOT00000102313	4,5,6,7,8	7:24509432-24516409|7:24537144-24628334
7	44158838	44240143	circular_RNA/4	1	-	44158838	44158838	0,0,0	2	62,101	0,81204	4	circRNA	ENSRNOT00000048880	ENSRNOT00000048880	3,2	7:44008010-44158838|7:44240143-44357641
7	45217859	45263053	circular_RNA/9	0	-	45217859	45217859	0,0,0	5	116,1030,122,184,73	0,13622,27650,42088,45121	9	circRNA	ENSRNOT00000082100	ENSRNOT00000082100	8,7,6,5,4	7:45200880-45217859|7:45263053-45286759
7	69142529	69144806	circular_RNA/8	0	-	69142529	69142529	0,0,0	3	132,112,124	0,1478,2153	8	circRNA	ENSRNOT00000009115	ENSRNOT00000009115	28,27,26	7:69142220-69142529|7:69144806-69146367
7	70511021	70539453	circular_RNA/3	0	+	70511021	70511021	0,0,0	9	68,120,100,124,47,113,131,172,154	0,1956,3923,4998,7393,10184,19309,25912,28278	3	circRNA	ENSRNOT00000106052	ENSRNOT00000106052	7,8,9,10,11,12,13,14,15	7:70497490-70511021|7:70539453-70568806
7	73578067	73629068	circular_RNA/10	1	-	73578067	73578067	0,0,0	5	167,102,128,233,122	0,8393,16834,35721,50879	10	circRNA	ENSRNOT00000007979	ENSRNOT00000007979	7,6,5,4,3	7:73552028-73578067|7:73629068-73640196
7	105177229	105185990	circular_RNA/5	1	-	105177229	105177229	0,0,0	5	90,101,116,101,85	0,2458,3929,5782,8676	5	circRNA	ENSRNOT00000079599	ENSRNOT00000079599	21,20,19,18,17	7:105174872-105177229|7:105185990-105191527
7	127007963	127035022	circular_RNA/8	1	+	127007963	127007963	0,0,0	2	83,129	0,26930	8	circRNA	ENSRNOT00000098487	ENSRNOT00000098487	2,3	7:126934167-127007963|7:127035022-127052721
6	3752346	3762209	circular_RNA/6	0	+	3752346	3752346	0,0,0	3	123,382,191	0,8163,9672	6	circRNA	ENSRNOT00000095577	ENSRNOT00000095577	12,13,14	6:3729847-3752346|6:3762209-3784723
6	48631467	48631503	circular_RNA/1	0	-	48631467	48631467	0,0,0	1	36	0	1	circRNA	ENSRNOT00000012415	ENSRNOT00000012415	2	6:48594754-48631467|6:48631503-48653627
6	61356972	61361923	circular_RNA/11	1	+	61356972	61356972	0,0,0	3	1126,150,152	0,1213,4799	11	circRNA	ENSRNOT00000047296	ENSRNOT00000047296	2,3,4	6:61329954-61356972|6:61361923-61367860
6	88097391	88120756	circular_RNA/2	1	-	88097391	88097391	0,0,0	6	111,144,207,165,132,126	0,3677,7251,15655,17078,23239	2	circRNA	ENSRNOT00000006425	ENSRNOT00000006425	7,6,5,4,3,2	6:88092739-88097391|6:88120756-88155904
6	105501478	105521515	circular_RNA/19	1	+	105501478	105501478	0,0,0	6	83,107,131,83,70,85	0,1445,5262,12720,18962,19952	19	circRNA	ENSRNOT00000115883	ENSRNOT00000115883	4,5,6,7,8,9	6:105489035-105501478|6:105521515-105533071
6	122125680	122145141	circular_RNA/10	1	+	122125680	122125680	0,0,0	4	121,305,171,93	0,6385,9892,19368	10	circRNA	ENSRNOT00000107056	ENSRNOT00000107056	2,3,4,5	6:122083295-122125680|6:122145141-122154326
9	105629567	105660854	circular_RNA/12	0	-	105629567	105629567	0,0,0	7	148,143,201,147,69,148,138	0,2730,5402,9716,14031,20470,31149	12	circRNA	ENSRNOT00000017613	ENSRNOT00000017613	8,7,6,5,4,3,2	9:105604468-105629567|9:105660854-105687824
8	17610054	17614609	circular_RNA/1	1	+	17610054	17610054	0,0,0	5	205,140,127,96,83	0,895,1544,2596,4472	1	circRNA	ENSRNOT00000034254	ENSRNOT00000034254	5,6,7,8,9	8:17601036-17610054|8:17614609-17626036
8	30567378	30624734	circular_RNA/1	1	+	30567378	30567378	0,0,0	7	85,87,138,93,123,78,82	0,17836,34245,36802,38043,39562,57274	1	circRNA	ENSRNOT00000099034	ENSRNOT00000099034	5,6,7,8,9,10,11	8:30567047-30567378|8:30624734-30658097
8	55536638	55548425	circular_RNA/3	0	+	55536638	55536638	0,0,0	3	105,57,141	0,7491,11646	3	circRNA	ENSRNOT00000019539	ENSRNOT00000019539	3,4,5	8:55532037-55536638|8:55548425-55550885
8	62559508	62561172	circular_RNA/10	1	-	62559508	62559508	0,0,0	2	246,599	0,1065	10	circRNA	ENSRNOT00000038641	ENSRNOT00000038641	4,3	8:62549894-62559508|8:62561172-62579414
8	67010678	67020529	circular_RNA/6	1	+	67010678	67010678	0,0,0	2	161,117	0,9734	6	circRNA	ENSRNOT00000089336	ENSRNOT00000089336	44,45	8:67007914-67010678|8:67020529-67021022
8	67028068	67028969	circular_RNA/2	0	+	67028068	67028068	0,0,0	1	901	0	2	ciRNA	ENSRNOT00000089336	ENSRNOT00000089336	51	8:67028068-67028970
8	96563376	96572082	circular_RNA/12	1	+	96563376	96563376	0,0,0	5	121,99,104,132,163	0,213,4307,7271,8543	12	circRNA	ENSRNOT00000014481	ENSRNOT00000014481	17,18,19,20,21	8:96561274-96563376|8:96572082-96574379
8	108467216	108468527	circular_RNA/7	0	-	108467216	108467216	0,0,0	4	147,86,82,43	0,571,901,1268	7	circRNA	ENSRNOT00000103192	ENSRNOT00000103192	14,13,12,11	8:108463979-108467216|8:108468527-108469705
10	15324549	15337878	circular_RNA/4	1	-	15324549	15324549	0,0,0	2	44,91	0,13238	4	circRNA	ENSRNOT00000052292	ENSRNOT00000052292	3,2	10:15324434-15324549|10:15337878-15337993
10	16433873	16439952	circular_RNA/17	0	-	16433873	16433873	0,0,0	3	1090,126,195	0,3674,5884	17	circRNA	ENSRNOT00000079462	ENSRNOT00000079462	4,3,2	10:16421874-16433873|10:16439952-16461948
10	28178627	28190275	circular_RNA/6	1	+	28178627	28178627	0,0,0	2	944,120	0,11528	6	circRNA	ENSRNOT00000067013	ENSRNOT00000067013	2,3	10:28156138-28178627|10:28190275-28193042
10	30326083	30338951	circular_RNA/1	1	+	30326083	30326083	0,0,0	7	105,97,109,165,178,247,70	0,621,2795,3728,8021,11503,12798	1	circRNA	ENSRNOT00000079437	ENSRNOT00000079437	2,3,4,5,6,7,8	10:30298840-30326083|10:30338951-30345813
10	71092849	71095823	circular_RNA/8	1	-	71092849	71092849	0,0,0	2	101,174	0,2800	8	circRNA	ENSRNOT00000035280	ENSRNOT00000035280	29,28	10:71091225-71092849|10:71095823-71097217
10	89273972	89325932	circular_RNA/6	0	-	89273972	89273972	0,0,0	3	99,142,1372	0,7922,50588	6	circRNA	ENSRNOT00000089029	ENSRNOT00000089029	4,3,2	10:89262248-89273972|10:89325932-89366833
10	92617654	92624672	circular_RNA/12	1	+	92617654	92617654	0,0,0	4	80,634,235,517	0,3900,5119,6501	12	circRNA	ENSRNOT00000102772	ENSRNOT00000102772	26,27,28,29	10:92615727-92617654|10:92624672-92627701
10	102913573	102914704	circular_RNA/1	1	+	102913573	102913573	0,0,0	2	100,22	0,1109	1	circRNA	ENSRNOT00000040629	ENSRNOT00000040629	3,4	10:102889128-102913573|10:102914704-102927427
13	26682884	26800812	circular_RNA/7	1	+	26682884	26682884	0,0,0	10	406,295,120,168,188,254,137,122,118,252	0,49291,53240,61610,71785,95105,112614,113569,114356,117676	7	circRNA	ENSRNOT00000041413	ENSRNOT00000041413	2,3,4,5,6,7,8,9,10,11	13:26673188-26682884|13:26800812-26819349
13	30842153	30877644	circular_RNA/11	1	-	30842153	30842153	0,0,0	7	173,64,89,88,121,53,45	0,3657,20911,24990,34514,34909,35446	11	circRNA	ENSRNOT00000003568	ENSRNOT00000003568	12,11,10,9,8,7,6	13:30830170-30842153|13:30877644-30882785
13	62470758	62473126	circular_RNA/8	1	+	62470758	62470758	0,0,0	2	209,273	0,2095	8	circRNA	ENSRNOT00000063833	ENSRNOT00000063833	37,38	13:62469971-62470758|13:62473126-62473970
13	68141432	68148567	circular_RNA/1	1	-	68141432	68141432	0,0,0	5	617,160,112,47,86	0,2905,4257,5454,7049	1	circRNA	ENSRNOT00000005195	ENSRNOT00000005195	6,5,4,3,2	13:68114212-68141432|13:68148567-68164086
13	77648402	77654285	circular_RNA/9	0	-	77648402	77648402	0,0,0	4	322,69,116,118	0,537,1031,5765	9	circRNA	ENSRNOT00000117589	ENSRNOT00000117589	14,13,12,11	13:77642344-77648402|13:77654285-77681931
13	86554120	86557951	circular_RNA/11	0	+	86554120	86554120	0,0,0	2	1580,145	0,3686	11	circRNA	ENSRNOT00000102800	ENSRNOT00000102800	5,6	13:86537502-86554120|13:86557951-86599643
12	22354009	22356072	circular_RNA/1	1	+	22354009	22354009	0,0,0	3	193,38,78	0,869,1985	1	circRNA	ENSRNOT00000085696	ENSRNOT00000085696	25,26,27	12:22353478-22354009|12:22356072-22356584
12	34757492	34758369	circular_RNA/1	0	-	34757492	34757492	0,0,0	2	228,146	0,731	1	circRNA	ENSRNOT00000115112	ENSRNOT00000115112	21,20	12:34755713-34757492|12:34758369-34763309
15	2677288	2695587	circular_RNA/10	1	-	2677288	2677288	0,0,0	9	94,162,142,116,122,929,133,82,116	0,3075,6140,8451,10394,11423,15119,17889,18183	10	circRNA	ENSRNOT00000107992	ENSRNOT00000107992	12,11,10,9,8,7,6,5,4	15:2650806-2677288|15:2695587-2704648
15	48441210	48475311	circular_RNA/3	0	-	48441210	48441210	0,0,0	14	197,77,32,57,117,88,78,110,78,143,111,68,39,120	0,1761,1919,2040,2751,8566,12235,13222,14974,16870,21318,26485,27549,33981	3	circRNA	ENSRNOT00000021752	ENSRNOT00000021752	17,16,15,14,13,12,11,10,9,8,7,6,5,4	15:48393920-48441210|15:48475311-48478279
15	80103222	80119603	circular_RNA/1	0	-	80103222	80103222	0,0,0	9	102,146,205,159,165,205,77,139,74	0,592,6486,9138,11502,12815,13760,15201,16307	1	circRNA	ENSRNOT00000014583	ENSRNOT00000014583	14,13,12,11,10,9,8,7,6	15:80096772-80103222|15:80119603-80123494
14	41687373	41727996	circular_RNA/5	1	+	41687373	41687373	0,0,0	3	115,69,816	0,29714,39807	5	circRNA	ENSRNOT00000119030	ENSRNOT00000119030	3,4,5	14:41633407-41687373|14:41727996-41773113
14	41773113	41783064	circular_RNA/5	1	+	41773113	41773113	0,0,0	4	209,63,86,61	0,9263,9719,9890	5	circRNA	ENSRNOT00000119030	ENSRNOT00000119030	6,7,8,9	14:41727996-41773113|14:41783064-41811008
14	65306295	65325295	circular_RNA/1	1	+	65306295	65306295	0,0,0	3	66,80,130	0,17863,18870	1	circRNA	ENSRNOT00000101649	ENSRNOT00000101649	2,3,4	14:65271689-65306295|14:65325295-65357748
14	103221752	103230161	circular_RNA/15	1	+	103221752	103221752	0,0,0	5	165,162,278,144,187	0,2645,4681,5173,8222	15	circRNA	ENSRNOT00000095959	ENSRNOT00000095959	18,19,20,21,22	14:103210121-103221752|14:103230161-103234452
17	33627499	33638715	circular_RNA/9	1	+	33627499	33627499	0,0,0	3	67,117,142	0,3072,11074	9	circRNA	ENSRNOT00000089613	ENSRNOT00000089613	22,23,24	17:33624950-33627499|17:33638715-33666196
17	49554112	49695790	circular_RNA/9	1	-	49554112	49554112	0,0,0	3	106,243,165	0,66578,141513	9	circRNA	ENSRNOT00000019396	ENSRNOT00000019396	4,3,2	17:49529778-49554112|17:49695790-49709537
17	66615930	66630020	circular_RNA/3	1	+	66615930	66615930	0,0,0	7	101,104,73,63,714,243,877	0,905,2318,2491,5766,7936,13213	3	circRNA	ENSRNOT00000118354	ENSRNOT00000118354	5,6,7,8,9,10,11	17:66613115-66615930|17:66630020-66631663
16	43783409	43807470	circular_RNA/6	1	+	43783409	43783409	0,0,0	2	235,239	0,23822	6	circRNA	ENSRNOT00000094358	ENSRNOT00000094358	13,14	16:43558081-43783409|16:43807470-43831827
16	51047858	51060599	circular_RNA/3	0	-	51047858	51047858	0,0,0	8	359,172,191,146,220,198,191,141	0,2855,6130,6812,7064,8871,11388,12600	3	circRNA	ENSRNOT00000014202	ENSRNOT00000014202	22,21,20,19,18,17,16,15	16:51034735-51047858|16:51060599-51062994
16	66431063	66431803	circular_RNA/1	1	-	66431063	66431063	0,0,0	1	740	0	1	circRNA	ENSRNOT00000113020	ENSRNOT00000113020	2	16:66422473-66431063|16:66431803-66464267
19	16067050	16068663	circular_RNA/7	1	-	16067050	16067050	0,0,0	1	1613	0	7	circRNA	ENSRNOT00000075991	ENSRNOT00000075991	2	19:16041540-16067050|19:16068663-16092059
18	67561043	67562415	circular_RNA/2	1	-	67561043	67561043	0,0,0	1	1372	0	2	circRNA	ENSRNOT00000047271	ENSRNOT00000047271	2	18:67524683-67561043|18:67562415-67660524
18	68723701	68736953	circular_RNA/3	1	+	68723701	68723701	0,0,0	5	180,179,126,114,95	0,5346,9379,11736,13157	3	circRNA	ENSRNOT00000066336	ENSRNOT00000066336	9,10,11,12,13	18:68692084-68723701|18:68736953-68808771
18	74215351	74310479	circular_RNA/12	0	-	74215351	74215351	0,0,0	9	249,113,143,161,77,76,81,95,52	0,2038,19909,31468,58741,65537,68277,84045,95076	12	circRNA	ENSRNOT00000041380	ENSRNOT00000041380	15,14,13,12,11,10,9,8,7	18:74205742-74215351|18:74310479-74317607
