X	12980381	12982893	circular_RNA/1	0	-	12980381	12980381	0,0,0	2	108,86	0,2426	1	circRNA	ENSRNOT00000113935	ENSRNOT00000113935	4,3	X:12971317-12980381|X:12982893-12984788
X	28034925	28041616	circular_RNA/1	1	+	28034925	28034925	0,0,0	6	120,74,92,190,131,112	0,1399,2759,4624,5848,6579	1	circRNA	ENSRNOT00000120152	ENSRNOT00000120152	10,11,12,13,14,15	X:28032387-28034925|X:28041616-28044580
X	28034925	28050576	circular_RNA/2	0	+	28034925	28034925	0,0,0	10	120,74,92,190,131,112,612,172,101,114	0,1399,2759,4624,5848,6579,9655,10590,12646,15537	2	circRNA	ENSRNOT00000120152	ENSRNOT00000120152	10,11,12,13,14,15,16,17,18,19	X:28032387-28034925|X:28050576-28053940
X	32201718	32249661	circular_RNA/1	1	+	32201718	32201718	0,0,0	4	70,46,137,62	0,6170,9617,47881	1	circRNA	ENSRNOT00000095937	ENSRNOT00000095937	10,11,12,13	X:32195298-32201718|X:32249661-32293665
X	33890158	33934478	circular_RNA/2	1	+	33890158	33890158	0,0,0	11	137,121,60,91,190,81,152,967,102,106,124	0,4882,7049,9670,13738,22191,28012,33688,38445,38818,44196	2	circRNA	ENSRNOT00000095927	ENSRNOT00000095927	4,5,6,7,8,9,10,11,12,13,14	X:33880069-33890158|X:33934478-33941265
X	37057192	37082153	circular_RNA/1	0	+	37057192	37057192	0,0,0	4	134,212,90,215	0,3310,23195,24746	1	circRNA	ENSRNOT00000009802	ENSRNOT00000009802	10,11,12,13	X:37047337-37057192|X:37082153-37104373
X	48119837	48309482	circular_RNA/1	1	+	48119837	48119837	0,0,0	17	135,150,162,111,174,156,171,180,129,171,123,138,153,183,195,173,148	0,2384,24644,37426,37854,40997,46813,60579,61400,63566,77726,80289,83244,84266,110020,128630,189497	1	circRNA	ENSRNOT00000035692	ENSRNOT00000035692	28,29,30,31,32,33,34,35,36,37,38,39,40,41,42,43,44	X:48107946-48119837|X:48309482-48566723
X	58826412	58830611	circular_RNA/1	1	-	58826412	58826412	0,0,0	2	570,90	0,4109	1	circRNA	ENSRNOT00000076175	ENSRNOT00000076175	3,2	X:58812083-58826412|X:58830611-58852419
X	70903339	70913035	circular_RNA/1	0	-	70903339	70903339	0,0,0	6	142,222,103,94,174,137	0,4028,4942,6327,8982,9559	1	circRNA	ENSRNOT00000087977	ENSRNOT00000087977	16,15,14,13,12,11	X:70902558-70903339|X:70913035-70923602
X	70907367	70913035	circular_RNA/2	0	-	70907367	70907367	0,0,0	5	222,103,94,174,137	0,914,2299,4954,5531	2	circRNA	ENSRNOT00000087977	ENSRNOT00000087977	15,14,13,12,11	X:70903481-70907367|X:70913035-70923602
X	96810285	96865918	circular_RNA/2	0	-	96810285	96810285	0,0,0	3	173,59,328	0,7633,55305	2	circRNA	ENSRNOT00000064458	ENSRNOT00000064458	4,3,2	X:96773395-96810285|X:96865918-96869621
X	98819431	98819502	circular_RNA/1	1	+	98819431	98819431	0,0,0	1	71	0	1	circRNA	ENSRNOT00000111785	ENSRNOT00000111785	5	X:98819285-98819431|X:98819502-98819663
X	116340232	116342891	circular_RNA/2	0	-	116340232	116340232	0,0,0	2	161,183	0,2476	2	circRNA	ENSRNOT00000032618	ENSRNOT00000032618	8,7	X:116339413-116340232|X:116342891-116343295
X	127726886	127774676	circular_RNA/2	0	-	127726886	127726886	0,0,0	12	132,147,101,158,221,110,165,106,134,66,159,47	0,8267,9298,9739,13788,17768,18009,25565,30309,30982,38618,47743	2	circRNA	ENSRNOT00000044435	ENSRNOT00000044435	13,12,11,10,9,8,7,6,5,4,3,2	X:127723300-127726886|X:127774676-127779772
X	138643743	138667339	circular_RNA/2	0	-	138643743	138643743	0,0,0	5	129,108,81,90,120	0,7720,11257,13561,23476	2	circRNA	ENSRNOT00000116612	ENSRNOT00000116612	6,5,4,3,2	X:138632681-138643743|X:138667339-138667397
X	148094777	148106617	circular_RNA/4	0	+	148094777	148094777	0,0,0	2	133,861	0,10979	4	circRNA	ENSRNOT00000087990	ENSRNOT00000087990	2,3	X:147928487-148094777|X:148106617-148243251
X	148105756	148106617	circular_RNA/4	0	+	148105756	148105756	0,0,0	1	861	0	4	circRNA	ENSRNOT00000087990	ENSRNOT00000087990	3	X:148094910-148105756|X:148106617-148243251
20	25337529	25363348	circular_RNA/2	0	-	25337529	25337529	0,0,0	11	67,167,144,168,99,24,120,173,190,112,60	0,286,3232,3835,5105,7686,12465,22900,24449,25316,25759	2	circRNA	ENSRNOT00000083017	ENSRNOT00000083017	22,21,20,19,18,17,16,15,14,13,12	20:25332786-25337529|20:25363348-25364573
1	4223983	4244276	circular_RNA/1	1	-	4223983	4223983	0,0,0	9	152,126,179,221,41,68,148,73,155	0,2064,8233,8849,14487,14759,15046,18901,20138	1	circRNA	ENSRNOT00000040559	ENSRNOT00000040559	18,17,16,15,14,13,12,11,10	1:4214509-4223983|1:4244276-4256006
1	19013783	19038941	circular_RNA/1	1	+	19013783	19013783	0,0,0	11	117,112,75,160,130,85,92,105,136,92,152	0,8006,8480,10035,11486,13282,14843,16930,20862,22570,25006	1	circRNA	ENSRNOT00000118212	ENSRNOT00000118212	4,5,6,7,8,9,10,11,12,13,14	1:19007679-19013783|1:19038941-19050542
1	23761420	23829759	circular_RNA/1	1	+	23761420	23761420	0,0,0	3	175,111,221	0,58470,68118	1	circRNA	ENSRNOT00000092830	ENSRNOT00000092830	3,4,5	1:23737148-23761420|1:23829759-23841604
1	34692939	34784923	circular_RNA/2	1	+	34692939	34692939	0,0,0	15	159,133,177,44,81,70,98,85,138,120,170,85,159,147,108	0,1110,2835,5885,9406,16144,18936,39590,57218,63471,66706,77664,83285,90026,91876	2	circRNA	ENSRNOT00000047627	ENSRNOT00000047627	8,9,10,11,12,13,14,15,16,17,18,19,20,21,22	1:34691524-34692939|1:34784923-34811481
1	34709083	34759815	circular_RNA/1	1	+	34709083	34709083	0,0,0	6	70,98,85,138,120,170	0,2792,23446,41074,47327,50562	1	circRNA	ENSRNOT00000047627	ENSRNOT00000047627	13,14,15,16,17,18	1:34702426-34709083|1:34759815-34770603
1	67510662	67518475	circular_RNA/1	1	-	67510662	67510662	0,0,0	4	1800,96,127,90	0,4267,6478,7723	1	circRNA	ENSRNOT00000035217	ENSRNOT00000035217	6,5,4,3	1:67500780-67510662|1:67518475-67523957
1	72474410	72525092	circular_RNA/1	1	-	72474410	72474410	0,0,0	3	139,169,79	0,9072,50603	1	circRNA	ENSRNOT00000046111	ENSRNOT00000046111	3,2,1	1:72455907-72474410|None
1	77122582	77123204	circular_RNA/1	0	+	77122582	77122582	0,0,0	2	220,111	0,511	1	circRNA	ENSRNOT00000103346	ENSRNOT00000103346	5,6	1:77109272-77122582|1:77123204-77125797
1	108637609	108663001	circular_RNA/2	1	+	108637609	108637609	0,0,0	3	221,83,138	0,21954,25254	2	circRNA	ENSRNOT00000077877	ENSRNOT00000077877	5,6,7	1:108468372-108637609|1:108663001-108685585
1	111208422	111237460	circular_RNA/2	1	-	111208422	111208422	0,0,0	2	91,91	0,28947	2	circRNA	ENSRNOT00000096548	ENSRNOT00000096548	3,2	1:111197865-111208422|1:111237460-111241719
1	116771955	116782547	circular_RNA/2	1	-	116771955	116771955	0,0,0	2	110,45	0,10547	2	circRNA	ENSRNOT00000100474	ENSRNOT00000100474	3,2	1:116728498-116771955|1:116782547-116786039
1	134981268	134983501	circular_RNA/2	0	+	134981268	134981268	0,0,0	1	2233	0	2	circRNA	ENSRNOT00000091569	ENSRNOT00000091569	2	1:134967894-134981268|1:134983501-134987511
1	136209717	136224271	circular_RNA/1	0	+	136209717	136209717	0,0,0	5	69,73,144,134,159	0,7002,9288,11752,14395	1	circRNA	ENSRNOT00000026870	ENSRNOT00000026870	2,3,4,5,6	1:136124894-136209717|1:136224271-136231583
1	146699563	146719499	circular_RNA/7	1	-	146699563	146699563	0,0,0	15	36,93,156,184,106,120,100,976,538,91,181,1118,195,189,126	0,475,981,1950,3177,3692,8001,11466,12481,13986,14174,15136,17560,18059,19810	7	circRNA	ENSRNOT00000094339	ENSRNOT00000094339	16,15,14,13,12,11,10,9,8,7,6,5,4,3,2	1:146698347-146699563|1:146719499-146723053
1	151047333	151059691	circular_RNA/1	1	+	151047333	151047333	0,0,0	3	256,99,236	0,10812,12122	1	circRNA	ENSRNOT00000015181	ENSRNOT00000015181	5,6,7	1:150902682-151047333|1:151059691-151084171
1	156537151	156552321	circular_RNA/1	0	-	156537151	156537151	0,0,0	4	117,188,134,141	0,5766,9284,15029	1	circRNA	ENSRNOT00000027575	ENSRNOT00000027575	15,14,13,12	1:156534058-156537151|1:156552321-156559014
1	164016362	164020340	circular_RNA/1	1	-	164016362	164016362	0,0,0	4	139,105,94,129	0,966,1749,3849	1	circRNA	ENSRNOT00000016224	ENSRNOT00000016224	6,5,4,3	1:164014125-164016362|1:164020340-164022082
1	166194172	166217529	circular_RNA/1	1	+	166194172	166194172	0,0,0	12	80,150,96,153,168,132,77,56,113,105,208,116	0,2318,8351,8532,11667,16385,17006,17768,19943,20739,21492,23241	1	circRNA	ENSRNOT00000065712	ENSRNOT00000065712	7,8,9,10,11,12,13,14,15,16,17,18	1:166193167-166194172|1:166217529-166219109
1	168732046	168751459	circular_RNA/1	1	+	168732046	168732046	0,0,0	7	211,74,140,138,112,114,200	0,880,8637,9825,11930,13680,19213	1	circRNA	ENSRNOT00000015498	ENSRNOT00000015498	6,7,8,9,10,11,12	1:168707406-168732046|1:168751459-168762769
1	170600688	170629470	circular_RNA/1	0	-	170600688	170600688	0,0,0	13	94,189,146,112,168,123,211,46,144,64,80,112,121	0,1209,5105,5931,7927,8956,11854,12144,13975,25145,25336,27723,28661	1	circRNA	ENSRNOT00000055120	ENSRNOT00000055120	18,17,16,15,14,13,12,11,10,9,8,7,6	1:170600371-170600688|1:170629470-170632120
1	177509289	177519158	circular_RNA/1	0	+	177509289	177509289	0,0,0	6	100,37,45,89,100,140	0,2765,7115,9082,9286,9729	1	circRNA	ENSRNOT00000035770	ENSRNOT00000035770	2,3,4,5,6,7	1:177504565-177509289|1:177519158-177521973
1	177523167	177523734	circular_RNA/2	1	+	177523167	177523167	0,0,0	2	104,338	0,229	2	circRNA	ENSRNOT00000035770	ENSRNOT00000035770	9,10	1:177522146-177523167|1:177523734-177525333
1	177523167	177525785	circular_RNA/1	0	+	177523167	177523167	0,0,0	5	104,338,97,79,55	0,229,2166,2392,2563	1	circRNA	ENSRNOT00000035770	ENSRNOT00000035770	9,10,11,12,13	1:177522146-177523167|1:177525785-177528193
1	182133365	182137430	circular_RNA/1	1	+	182133365	182133365	0,0,0	3	141,223,275	0,3452,3790	1	circRNA	ENSRNOT00000072389	ENSRNOT00000072389	6,7,8	1:182132913-182133365|1:182137430-182139904
1	187740266	187742785	circular_RNA/1	1	+	187740266	187740266	0,0,0	2	165,851	0,1668	1	circRNA	ENSRNOT00000023257	ENSRNOT00000023257	3,4	1:187739783-187740266|1:187742785-187761031
1	196680996	196699758	circular_RNA/1	0	+	196680996	196680996	0,0,0	5	69,143,194,130,102	0,11508,12831,16151,18660	1	circRNA	ENSRNOT00000064254	ENSRNOT00000064254	2,3,4,5,6	1:196652526-196680996|1:196699758-196704352
1	227313396	227342341	circular_RNA/2	1	+	227313396	227313396	0,0,0	5	108,80,108,143,137	0,7531,24500,28543,28808	2	circRNA	ENSRNOT00000021783	ENSRNOT00000021783	2,3,4,5,6	1:227285689-227313396|1:227342341-227344112
1	227535668	227537086	circular_RNA/2	1	-	227535668	227535668	0,0,0	1	1418	0	2	circRNA	ENSRNOT00000039428	ENSRNOT00000039428	3	1:227522829-227535668|1:227537086-227551776
1	227535668	227551977	circular_RNA/1	1	-	227535668	227535668	0,0,0	2	1418,201	0,16108	1	circRNA	ENSRNOT00000039428	ENSRNOT00000039428	3,2	1:227522829-227535668|1:227551977-227569270
1	234725859	234726502	circular_RNA/1	1	+	234725859	234725859	0,0,0	2	78,130	0,513	1	circRNA	ENSRNOT00000111452	ENSRNOT00000111452	28,29	1:234724484-234725859|1:234726502-234728969
1	235365686	235387765	circular_RNA/1	0	+	235365686	235365686	0,0,0	6	98,106,110,112,135,180	0,5197,7677,9422,10457,21899	1	circRNA	ENSRNOT00000094089	ENSRNOT00000094089	13,14,15,16,17,18	1:235363308-235365686|1:235387765-235412611
1	239182420	239193514	circular_RNA/1	1	-	239182420	239182420	0,0,0	3	64,173,142	0,2224,10952	1	circRNA	ENSRNOT00000099566	ENSRNOT00000099566	6,5,4	1:239171438-239182420|1:239193514-239203109
1	240364261	240367244	circular_RNA/1	1	+	240364261	240364261	0,0,0	2	288,94	0,2889	1	circRNA	ENSRNOT00000114892	ENSRNOT00000114892	6,7	1:240357962-240364261|1:240367244-240391052
1	243786004	243814497	circular_RNA/2	1	+	243786004	243786004	0,0,0	10	44,734,55,968,19,71,123,168,103,76	0,683,3883,8329,9795,10289,14777,15673,18326,28417	2	circRNA	ENSRNOT00000082412	ENSRNOT00000082412	2,3,4,5,6,7,8,9,10,11	1:243783149-243786004|1:243814497-243820587
1	249187052	249207844	circular_RNA/1	0	-	249187052	249187052	0,0,0	4	147,180,90,119	0,11865,18406,20673	1	circRNA	ENSRNOT00000099121	ENSRNOT00000099121	10,9,8,7	1:249171404-249187052|1:249207844-249233897
1	259677444	259709265	circular_RNA/1	0	-	259677444	259677444	0,0,0	5	139,103,96,103,127	0,8810,11113,30782,31694	1	circRNA	ENSRNOT00000050617	ENSRNOT00000050617	6,5,4,3,2	1:259671063-259677444|1:259709265-259725438
1	259953659	259965050	circular_RNA/1	1	+	259953659	259953659	0,0,0	4	168,227,112,101	0,6206,7175,11290	1	circRNA	ENSRNOT00000108463	ENSRNOT00000108463	2,3,4,5	1:259953027-259953659|1:259965050-259969632
3	17741316	17744284	circular_RNA/1	1	+	17741316	17741316	0,0,0	2	328,90	0,2878	1	circRNA	ENSRNOT00000023889	ENSRNOT00000023889	2,3	3:17716250-17741316|3:17744284-17753288
3	17741316	17753437	circular_RNA/8	1	+	17741316	17741316	0,0,0	3	328,90,149	0,2878,11972	8	circRNA	ENSRNOT00000023889	ENSRNOT00000023889	2,3,4	3:17716250-17741316|3:17753437-17802412
3	17741316	17833114	circular_RNA/1	1	+	17741316	17741316	0,0,0	6	328,90,149,173,177,110	0,2878,11972,61096,77373,91688	1	circRNA	ENSRNOT00000023889	ENSRNOT00000023889	2,3,4,5,6,7	3:17716250-17741316|3:17833114-17861764
3	17741316	17802585	circular_RNA/3	0	+	17741316	17741316	0,0,0	4	328,90,149,173	0,2878,11972,61096	3	circRNA	ENSRNOT00000023889	ENSRNOT00000023889	2,3,4,5	3:17716250-17741316|3:17802585-17818689
3	22630031	22641950	circular_RNA/1	1	-	22630031	22630031	0,0,0	2	45,42	0,11877	1	circRNA	ENSRNOT00000110680	ENSRNOT00000110680	3,2	3:22529982-22630031|3:22641950-22682823
3	53010069	53073730	circular_RNA/3	0	-	53010069	53010069	0,0,0	9	68,63,30,123,66,49,134,102,110	0,1928,7219,7342,53844,54026,60879,63121,63551	3	circRNA	ENSRNOT00000037133	ENSRNOT00000037133	14,13,12,11,10,9,8,7,6	3:52968249-53010069|3:53073730-53101142
3	53063913	53073730	circular_RNA/1	0	-	53063913	53063913	0,0,0	5	66,49,134,102,110	0,182,7035,9277,9707	1	circRNA	ENSRNOT00000037133	ENSRNOT00000037133	10,9,8,7,6	3:53017534-53063913|3:53073730-53101142
3	53101142	53120229	circular_RNA/2	1	-	53101142	53101142	0,0,0	4	56,142,109,113	0,1171,7141,18974	2	circRNA	ENSRNOT00000087122	ENSRNOT00000087122	5,4,3,2	3:53073730-53101142|3:53120229-53146924
3	57821406	57847776	circular_RNA/4	0	-	57821406	57821406	0,0,0	2	193,1360	0,25010	4	circRNA	ENSRNOT00000103163	ENSRNOT00000103163	5,4	3:57816188-57821406|3:57847776-57854981
3	57846416	57847776	circular_RNA/1	0	-	57846416	57846416	0,0,0	1	1360	0	1	circRNA	ENSRNOT00000103163	ENSRNOT00000103163	4	3:57821599-57846416|3:57847776-57854981
3	61775025	61778714	circular_RNA/1	0	-	61775025	61775025	0,0,0	17	84,84,84,84,84,84,66,81,81,81,81,66,81,81,84,87,84	0,193,386,580,760,1168,1354,1535,1726,1919,2097,2289,2481,2672,2865,3294,3605	1	circRNA	ENSRNOT00000114553	ENSRNOT00000114553	188,187,186,185,184,183,182,181,180,179,178,177,176,175,174,173,172	3:61774941-61775025|3:61778714-61778798
3	77512378	77516588	circular_RNA/2	1	+	77512378	77512378	0,0,0	3	93,194,207	0,2111,4003	2	circRNA	ENSRNOT00000021837	ENSRNOT00000021837	2,3,4	3:77491336-77512378|3:77516588-77520608
3	77736591	77743786	circular_RNA/2	1	+	77736591	77736591	0,0,0	6	254,59,184,173,67,1457	0,628,1205,2502,4393,5738	2	circRNA	ENSRNOT00000045644	ENSRNOT00000045644	2,3,4,5,6,7	3:77701181-77736591|3:77743786-77773441
3	100299615	100303441	circular_RNA/1	1	+	100299615	100299615	0,0,0	2	785,151	0,3675	1	circRNA	ENSRNOT00000042103	ENSRNOT00000042103	5,6	3:100255303-100299615|3:100303441-100335849
3	106893763	106903376	circular_RNA/1	0	+	106893763	106893763	0,0,0	7	940,79,96,132,105,668,346	0,2852,3033,4825,5187,6656,9267	1	circRNA	ENSRNOT00000008528	ENSRNOT00000008528	3,4,5,6,7,8,9	3:106881440-106893763|3:106903376-106908785
3	108207137	108243062	circular_RNA/1	0	-	108207137	108207137	0,0,0	12	1318,203,95,127,167,127,168,125,85,91,185,190	0,7041,10785,11616,15331,17009,23078,26161,34329,34628,34987,35735	1	circRNA	ENSRNOT00000019025	ENSRNOT00000019025	13,12,11,10,9,8,7,6,5,4,3,2	3:108201845-108207137|3:108243062-108269774
3	108862990	108870499	circular_RNA/1	0	+	108862990	108862990	0,0,0	4	142,81,99,171	0,765,6037,7338	1	circRNA	ENSRNOT00000112915	ENSRNOT00000112915	5,6,7,8	3:108859562-108862990|3:108870499-108885637
3	124122615	124123298	circular_RNA/1	1	+	124122615	124122615	0,0,0	1	683	0	1	ciRNA	ENSRNOT00000080581	ENSRNOT00000080581	8	3:124122615-124123338
3	153745225	153758333	circular_RNA/1	0	-	153745225	153745225	0,0,0	4	127,137,324,67	0,1172,3001,13041	1	circRNA	ENSRNOT00000024214	ENSRNOT00000024214	5,4,3,2	3:153740265-153745225|3:153758333-153769312
3	158661901	158664835	circular_RNA/1	0	+	158661901	158661901	0,0,0	1	2934	0	1	circRNA	ENSRNOT00000073788	ENSRNOT00000073788	2	3:158406516-158661901|3:158664835-158849925
2	6481150	6649608	circular_RNA/1	1	+	6481150	6481150	0,0,0	11	171,131,187,94,103,103,102,75,120,120,54	0,12003,25423,30374,46793,48597,49027,49595,51529,138607,168404	1	circRNA	ENSRNOT00000017828	ENSRNOT00000017828	6,7,8,9,10,11,12,13,14,15,16	2:6452564-6481150|2:6649608-6753029
2	6481150	6511618	circular_RNA/2	1	+	6481150	6481150	0,0,0	4	171,131,187,94	0,12003,25423,30374	2	circRNA	ENSRNOT00000017828	ENSRNOT00000017828	6,7,8,9	2:6452564-6481150|2:6511618-6527943
2	6481150	6532799	circular_RNA/1	1	+	6481150	6481150	0,0,0	9	171,131,187,94,103,103,102,75,120	0,12003,25423,30374,46793,48597,49027,49595,51529	1	circRNA	ENSRNOT00000017828	ENSRNOT00000017828	6,7,8,9,10,11,12,13,14	2:6452564-6481150|2:6532799-6619757
2	15841505	15850579	circular_RNA/2	0	+	15841505	15841505	0,0,0	4	74,211,164,71	0,1155,6003,9003	2	circRNA	ENSRNOT00000049423	ENSRNOT00000049423	4,5,6,7	2:15836518-15841505|2:15850579-15854090
2	22740676	22753465	circular_RNA/1	1	+	22740676	22740676	0,0,0	2	73,62	0,12727	1	circRNA	ENSRNOT00000109181	ENSRNOT00000109181	2,3	2:22651418-22740676|2:22753465-22765833
2	22740676	22765918	circular_RNA/3	0	+	22740676	22740676	0,0,0	3	73,62,85	0,12727,25157	3	circRNA	ENSRNOT00000109181	ENSRNOT00000109181	2,3,4	2:22651418-22740676|2:22765918-22857323
2	24583887	24598599	circular_RNA/6	1	+	24583887	24583887	0,0,0	4	157,132,93,140	0,4702,7334,14572	6	circRNA	ENSRNOT00000104734	ENSRNOT00000104734	2,3,4,5	2:24544298-24583887|2:24598599-24608968
2	25016894	25027790	circular_RNA/1	1	+	25016894	25016894	0,0,0	3	187,191,208	0,3769,10688	1	circRNA	ENSRNOT00000014860	ENSRNOT00000014860	2,3,4	2:25002723-25016894|2:25027790-25075638
2	25016894	25075882	circular_RNA/1	1	+	25016894	25016894	0,0,0	4	187,191,208,244	0,3769,10688,58744	1	circRNA	ENSRNOT00000014860	ENSRNOT00000014860	2,3,4,5	2:25002723-25016894|2:25075882-25101085
2	25440010	25456945	circular_RNA/2	1	-	25440010	25440010	0,0,0	7	118,15,38,34,15,160,129	0,779,2081,9101,10373,12674,16806	2	circRNA	ENSRNOT00000111881	ENSRNOT00000111881	10,9,8,7,6,5,4	2:25436619-25440010|2:25456945-25459601
2	26296725	26302649	circular_RNA/2	0	-	26296725	26296725	0,0,0	5	199,136,46,165,77	0,1052,1578,4430,5847	2	circRNA	ENSRNOT00000116670	ENSRNOT00000116670	16,15,14,13,12	2:26284667-26296725|2:26302649-26305217
2	30121101	30122518	circular_RNA/1	1	-	30121101	30121101	0,0,0	3	25,73,45	0,632,1372	1	circRNA	ENSRNOT00000100868	ENSRNOT00000100868	11,10,9	2:30114220-30121101|2:30122518-30138813
2	57406694	57417451	circular_RNA/2	1	-	57406694	57406694	0,0,0	7	147,201,108,191,174,91,155	0,4470,5091,6915,7423,9603,10602	2	circRNA	ENSRNOT00000110737	ENSRNOT00000110737	41,40,39,38,37,36,35	2:57405043-57406694|2:57417451-57417949
2	115743197	115774378	circular_RNA/1	1	-	115743197	115743197	0,0,0	6	96,97,124,195,112,105	0,11269,12542,13760,21537,31076	1	circRNA	ENSRNOT00000097356	ENSRNOT00000097356	8,7,6,5,4,3	2:115708450-115743197|2:115774378-115848726
2	115743197	115848798	circular_RNA/1	0	-	115743197	115743197	0,0,0	7	96,97,124,195,112,105,72	0,11269,12542,13760,21537,31076,105529	1	circRNA	ENSRNOT00000097356	ENSRNOT00000097356	8,7,6,5,4,3,2	2:115708450-115743197|2:115848798-115850226
2	119729105	119742976	circular_RNA/1	1	+	119729105	119729105	0,0,0	6	187,82,194,80,151,157	0,5715,6296,8423,10109,13714	1	circRNA	ENSRNOT00000118559	ENSRNOT00000118559	7,8,9,10,11,12	2:119721803-119729105|2:119742976-119749709
2	119854486	119857003	circular_RNA/1	0	+	119854486	119854486	0,0,0	2	239,245	0,2272	1	circRNA	ENSRNOT00000058552	ENSRNOT00000058552	51,52	2:119852971-119854486|2:119857003-119860337
2	124717289	124756758	circular_RNA/1	0	-	124717289	124717289	0,0,0	7	66,123,136,56,73,59,68	0,1760,10784,17057,24578,25139,39401	1	circRNA	ENSRNOT00000100161	ENSRNOT00000100161	8,7,6,5,4,3,2	2:124711825-124717289|2:124756758-124763824
2	140017411	140162605	circular_RNA/2	1	-	140017411	140017411	0,0,0	17	167,109,65,62,128,127,155,439,96,169,108,131,181,9,154,218,1017	0,3142,26774,38083,72249,91188,93701,103803,122714,124595,127529,130552,131939,133862,140204,142375,144177	2	circRNA	ENSRNOT00000106419	ENSRNOT00000106419	38,37,36,35,34,33,32,31,30,29,28,27,26,25,24,23,22	2:139980243-140017411|2:140162605-140166965
2	174362747	174379854	circular_RNA/2	1	+	174362747	174362747	0,0,0	2	516,4558	0,12549	2	circRNA	ENSRNOT00000115989	ENSRNOT00000115989	3,4	2:174356215-174362747|2:174379854-174394767
2	175816020	175821492	circular_RNA/2	1	+	175816020	175816020	0,0,0	4	132,171,316,203	0,1466,2359,5269	2	circRNA	ENSRNOT00000021502	ENSRNOT00000021502	5,6,7,8	2:175815066-175816020|2:175821492-175822765
2	175816020	175818695	circular_RNA/1	1	+	175816020	175816020	0,0,0	3	132,171,316	0,1466,2359	1	circRNA	ENSRNOT00000021502	ENSRNOT00000021502	5,6,7	2:175815066-175816020|2:175818695-175821289
2	188044850	188056752	circular_RNA/1	1	-	188044850	188044850	0,0,0	4	81,119,97,256	0,2314,8183,11646	1	circRNA	ENSRNOT00000067000	ENSRNOT00000067000	5,4,3,2	2:188030052-188044850|2:188056752-188095667
2	190854316	190867810	circular_RNA/1	1	+	190854316	190854316	0,0,0	7	117,115,147,118,275,165,198	0,3461,5916,6599,8713,9764,13296	1	circRNA	ENSRNOT00000025600	ENSRNOT00000025600	5,6,7,8,9,10,11	2:190845077-190854316|2:190867810-190873495
2	194317596	194320508	circular_RNA/1	1	+	194317596	194317596	0,0,0	2	1471,270	0,2642	1	circRNA	ENSRNOT00000024036	ENSRNOT00000024036	2,3	2:194307686-194317596|2:194320508-194321268
2	207843148	207855272	circular_RNA/6	0	-	207843148	207843148	0,0,0	5	111,165,144,173,76	0,198,3744,4612,12048	6	circRNA	ENSRNOT00000104266	ENSRNOT00000104266	7,6,5,4,3	2:207836309-207843148|2:207855272-207871797
2	223928465	223944436	circular_RNA/1	1	+	223928465	223928465	0,0,0	6	95,106,171,124,176,111	0,2758,3589,9981,14248,15860	1	circRNA	ENSRNOT00000087371	ENSRNOT00000087371	2,3,4,5,6,7	2:223910623-223928465|2:223944436-223967225
5	2849034	2987484	circular_RNA/5	1	+	2849034	2849034	0,0,0	10	67,160,136,160,108,213,138,132,61,311	0,39531,50324,87015,90596,93029,99808,104549,109248,138139	5	circRNA	ENSRNOT00000100311	ENSRNOT00000100311	2,3,4,5,6,7,8,9,10,11	5:2840892-2849034|5:2987484-3082617
5	2849034	2899494	circular_RNA/1	1	+	2849034	2849034	0,0,0	5	67,302,131,160,136	0,16911,18594,39531,50324	1	circRNA	ENSRNOT00000066590	ENSRNOT00000066590	2,3,4,5,6	5:2840892-2849034|5:2899494-2936049
5	21873869	21910931	circular_RNA/1	1	+	21873869	21873869	0,0,0	2	1814,422	0,36640	1	circRNA	ENSRNOT00000008901	ENSRNOT00000008901	2,3	5:21812357-21873869|5:21910931-21927067
5	60752802	60764544	circular_RNA/1	1	+	60752802	60752802	0,0,0	5	150,123,229,125,70	0,3622,8329,10014,11672	1	circRNA	ENSRNOT00000012478	ENSRNOT00000012478	2,3,4,5,6	5:60743511-60752802|5:60764544-60765281
5	97929047	97944520	circular_RNA/3	1	+	97929047	97929047	0,0,0	5	144,136,175,191,132	0,4684,7845,12238,15341	3	circRNA	ENSRNOT00000036233	ENSRNOT00000036233	2,3,4,5,6	5:97920223-97929047|5:97944520-97964582
5	99379077	99558464	circular_RNA/1	1	+	99379077	99379077	0,0,0	18	138,159,195,153,126,122,120,101,92,533,175,76,224,189,98,127,186,186	0,2234,12716,30887,32639,39925,41409,93297,98606,101932,122967,127353,127511,156257,160359,161995,163572,179201	1	circRNA	ENSRNOT00000098986	ENSRNOT00000098986	6,7,8,9,10,11,12,13,14,15,16,17,18,19,20,21,22,23	5:99363342-99379077|5:99558464-99561874
5	101315206	101316561	circular_RNA/1	1	+	101315206	101315206	0,0,0	2	101,219	0,1136	1	circRNA	ENSRNOT00000082596	ENSRNOT00000082596	11,12	5:101312291-101315206|5:101316561-101319989
5	102269271	102281146	circular_RNA/3	0	-	102269271	102269271	0,0,0	5	72,72,100,130,76	0,1364,7210,9771,11799	3	circRNA	ENSRNOT00000094349	ENSRNOT00000094349	10,9,8,7,6	5:102263385-102269271|5:102281146-102326742
5	102326742	102327450	circular_RNA/3	1	-	102326742	102326742	0,0,0	1	708	0	3	circRNA	ENSRNOT00000094349	ENSRNOT00000094349	5	5:102281146-102326742|5:102327450-102357684
5	117805149	117827572	circular_RNA/1	0	-	117805149	117805149	0,0,0	6	122,158,152,87,224,195	0,645,10488,12379,14729,22228	1	circRNA	ENSRNOT00000101086	ENSRNOT00000101086	12,11,10,9,8,7	5:117796625-117805149|5:117827572-117846609
5	117815637	117855279	circular_RNA/3	1	-	117815637	117815637	0,0,0	9	152,87,224,191,133,140,157,116,185	0,1891,4241,11740,24133,30972,33428,38545,39457	3	circRNA	ENSRNOT00000046691	ENSRNOT00000046691	11,10,9,8,7,6,5,4,3	5:117805952-117815637|5:117855279-117860848
5	123222131	123223006	circular_RNA/4	0	+	123222131	123222131	0,0,0	1	875	0	4	circRNA	ENSRNOT00000079161	ENSRNOT00000079161	2	5:123203171-123222131|5:123223006-123230790
5	123839169	123858623	circular_RNA/2	1	-	123839169	123839169	0,0,0	8	160,105,91,39,51,30,48,96	0,3234,4298,9086,15731,16971,18152,19358	2	circRNA	ENSRNOT00000105729	ENSRNOT00000105729	9,8,7,6,5,4,3,2	5:123830250-123839169|5:123858623-123874521
5	129800476	129821616	circular_RNA/1	0	-	129800476	129800476	0,0,0	3	79,76,92	0,6759,21048	1	circRNA	ENSRNOT00000104664	ENSRNOT00000104664	7,6,5	5:129797521-129800476|5:129821616-129861029
5	133468121	133470339	circular_RNA/1	1	+	133468121	133468121	0,0,0	2	230,1610	0,608	1	circRNA	ENSRNOT00000107388	ENSRNOT00000107388	3,4	5:133412734-133468121|5:133470339-133517367
5	138644977	138658523	circular_RNA/1	0	-	138644977	138644977	0,0,0	6	102,135,195,91,160,185	0,1949,2796,5692,7326,13361	1	circRNA	ENSRNOT00000119040	ENSRNOT00000119040	18,17,16,15,14,13	5:138643341-138644977|5:138658523-138660209
5	145948263	145951212	circular_RNA/10	0	-	145948263	145948263	0,0,0	3	117,456,213	0,1378,2736	10	circRNA	ENSRNOT00000009173	ENSRNOT00000009173	5,4,3	5:145925474-145948263|5:145951212-145980053
5	150251146	150317339	circular_RNA/1	1	+	150251146	150251146	0,0,0	7	76,129,96,180,115,98,123	0,19457,43035,57552,58160,64105,66070	1	circRNA	ENSRNOT00000098443	ENSRNOT00000098443	3,4,5,6,7,8,9	5:150198742-150251146|5:150317339-150332155
5	155446548	155455980	circular_RNA/1	1	-	155446548	155446548	0,0,0	2	4381,111	0,9321	1	circRNA	ENSRNOT00000041175	ENSRNOT00000041175	8,7	5:155425380-155446548|5:155455980-155474843
5	160949838	160980941	circular_RNA/3	1	+	160949838	160949838	0,0,0	4	106,97,105,49	0,2222,9592,31054	3	circRNA	ENSRNOT00000024443	ENSRNOT00000024443	5,6,7,8	5:160919882-160949838|5:160980941-160990222
5	162324127	162329959	circular_RNA/4	0	-	162324127	162324127	0,0,0	2	119,70	0,5762	4	circRNA	ENSRNOT00000092887	ENSRNOT00000092887	3,2	5:162075622-162324127|5:162329959-162356601
4	11695908	11711196	circular_RNA/2	1	-	11695908	11695908	0,0,0	4	81,230,115,185	0,3072,5050,15103	2	circRNA	ENSRNOT00000075902	ENSRNOT00000075902	5,4,3,2	4:11689683-11695908|4:11711196-11727017
4	14270013	14297156	circular_RNA/1	1	+	14270013	14270013	0,0,0	7	57,70,159,166,165,187,156	0,6113,8145,10327,11634,23969,26987	1	circRNA	ENSRNOT00000066739	ENSRNOT00000066739	3,4,5,6,7,8,9	4:14240051-14270013|4:14297156-14304036
4	14483195	14537524	circular_RNA/1	0	-	14483195	14483195	0,0,0	8	144,196,178,186,249,193,92,42	0,1657,7679,9806,35075,42587,48447,54287	1	circRNA	ENSRNOT00000115899	ENSRNOT00000115899	20,19,18,17,16,15,14,13	4:14439362-14483195|4:14537524-14546512
4	20023118	20044441	circular_RNA/1	1	-	20023118	20023118	0,0,0	2	1458,1459	0,19864	1	circRNA	ENSRNOT00000008637	ENSRNOT00000008637	3,2	4:19904248-20023118|4:20044441-20049481
4	20023118	20024576	circular_RNA/9	0	-	20023118	20023118	0,0,0	1	1458	0	9	circRNA	ENSRNOT00000008637	ENSRNOT00000008637	3	4:19904248-20023118|4:20024576-20042982
4	28802359	28861175	circular_RNA/1	1	+	28802359	28802359	0,0,0	3	246,95,80	0,15178,58736	1	circRNA	ENSRNOT00000009417	ENSRNOT00000009417	3,4,5	4:28673671-28802359|4:28861175-28926755
4	30370086	30454414	circular_RNA/1	1	+	30370086	30370086	0,0,0	19	273,301,183,118,209,89,145,171,85,131,135,87,67,146,179,52,115,134,133	0,3425,15571,28669,40043,41487,44749,48388,54472,64461,70379,71762,72078,73748,74803,75789,82827,83790,84195	1	circRNA	ENSRNOT00000079571	ENSRNOT00000079571	2,3,4,5,6,7,8,9,10,11,12,13,14,15,16,17,18,19,20	4:30333907-30370086|4:30454414-30454723
4	30370086	30385840	circular_RNA/2	1	+	30370086	30370086	0,0,0	3	273,301,183	0,3425,15571	2	circRNA	ENSRNOT00000067954	ENSRNOT00000067954	2,3,4	4:30333907-30370086|4:30385840-30398755
4	30370086	30398873	circular_RNA/2	1	+	30370086	30370086	0,0,0	4	273,301,183,118	0,3425,15571,28669	2	circRNA	ENSRNOT00000067954	ENSRNOT00000067954	2,3,4,5	4:30333907-30370086|4:30398873-30399323
4	31517800	31548005	circular_RNA/1	1	+	31517800	31517800	0,0,0	7	43,99,141,95,99,91,177	0,1179,4062,20012,20402,26933,30028	1	circRNA	ENSRNOT00000064866	ENSRNOT00000064866	10,11,12,13,14,15,16	4:31510234-31517800|4:31548005-31550858
4	31537812	31554735	circular_RNA/1	1	+	31537812	31537812	0,0,0	6	95,99,91,177,119,107	0,390,6921,10016,13046,16816	1	circRNA	ENSRNOT00000064866	ENSRNOT00000064866	13,14,15,16,17,18	4:31522003-31537812|4:31554735-31567080
4	40031781	40032545	circular_RNA/5	1	+	40031781	40031781	0,0,0	1	764	0	5	circRNA	ENSRNOT00000099466	ENSRNOT00000099466	6	4:40024674-40031781|4:40032545-40040078
4	43220286	43554612	circular_RNA/1	1	+	43220286	43220286	0,0,0	4	147,94,178,90	0,129048,241679,334236	1	circRNA	ENSRNOT00000087146	ENSRNOT00000087146	2,3,4,5	4:43134294-43220286|4:43554612-43644326
4	60023820	60034589	circular_RNA/6	1	+	60023820	60023820	0,0,0	5	70,143,89,110,193	0,5047,6428,9029,10576	6	circRNA	ENSRNOT00000081707	ENSRNOT00000081707	2,3,4,5,6	4:60002595-60023820|4:60034589-60046758
4	67173055	67216538	circular_RNA/2	1	+	67173055	67173055	0,0,0	12	93,102,138,104,490,71,130,119,114,144,46,1545	0,9382,17932,19437,19991,24768,31694,33900,34609,35208,36250,41938	2	circRNA	ENSRNOT00000096491	ENSRNOT00000096491	2,3,4,5,6,7,8,9,10,11,12,13	4:67167015-67173055|4:67216538-67223448
4	67192492	67204879	circular_RNA/4	1	+	67192492	67192492	0,0,0	4	104,490,71,130	0,554,5331,12257	4	circRNA	ENSRNOT00000096491	ENSRNOT00000096491	5,6,7,8	4:67191125-67192492|4:67204879-67206955
4	67211803	67216538	circular_RNA/3	1	+	67211803	67211803	0,0,0	3	43,51,1545	0,2104,3190	3	circRNA	ENSRNOT00000064175	ENSRNOT00000064175	13,14,15	4:67209356-67211803|4:67216538-67223448
4	81828998	81866505	circular_RNA/3	0	+	81828998	81828998	0,0,0	15	169,103,188,159,149,91,186,225,147,127,104,126,72,175,143	0,5675,10203,14227,17821,18054,20508,23635,24463,26007,28625,32629,33176,36712,37364	3	circRNA	ENSRNOT00000011371	ENSRNOT00000011371	2,3,4,5,6,7,8,9,10,11,12,13,14,15,16	4:81822142-81828998|4:81866505-81876493
4	109331003	109596944	circular_RNA/1	0	-	109331003	109331003	0,0,0	10	135,106,182,114,152,201,157,93,153,81	0,4525,15882,25884,42869,67778,78790,79892,234183,265860	1	circRNA	ENSRNOT00000080999	ENSRNOT00000080999	18,17,16,15,14,13,12,11,10,9	4:109318410-109331003|4:109596944-110060281
4	115910938	115913093	circular_RNA/2	0	-	115910938	115910938	0,0,0	1	2155	0	2	circRNA	ENSRNOT00000015296	ENSRNOT00000015296	4	4:115892136-115910938|4:115913093-115948716
4	116426088	116438600	circular_RNA/2	0	+	116426088	116426088	0,0,0	6	39,308,275,147,123,56	0,1405,3108,4878,6580,12456	2	circRNA	ENSRNOT00000116644	ENSRNOT00000116644	4,5,6,7,8,9	4:116420785-116426088|4:116438600-116438770
4	116427493	116442793	circular_RNA/1	1	+	116427493	116427493	0,0,0	9	308,275,147,123,56,53,51,69,84	0,1703,3473,5175,11051,11277,12531,14363,15216	1	circRNA	ENSRNOT00000116644	ENSRNOT00000116644	5,6,7,8,9,10,11,12,13	4:116426127-116427493|4:116442793-116443404
4	130586055	130598954	circular_RNA/1	0	+	130586055	130586055	0,0,0	5	228,84,96,118,75	0,1251,3188,10711,12824	1	circRNA	ENSRNOT00000051121	ENSRNOT00000051121	3,4,5,6,7	4:130538515-130586055|4:130598954-130610021
4	169438073	169453974	circular_RNA/1	1	+	169438073	169438073	0,0,0	6	66,74,47,654,65,79	0,2450,5634,9259,12484,15822	1	circRNA	ENSRNOT00000113634	ENSRNOT00000113634	6,7,8,9,10,11	4:169434872-169438073|4:169453974-169456627
4	181821865	181827862	circular_RNA/1	1	-	181821865	181821865	0,0,0	4	135,102,65,70	0,1835,4799,5927	1	circRNA	ENSRNOT00000073927	ENSRNOT00000073927	14,13,12,11	4:181815887-181821865|4:181827862-181830114
7	7687635	7691673	circular_RNA/1	1	-	7687635	7687635	0,0,0	2	103,61	0,3977	1	circRNA	ENSRNOT00000094718	ENSRNOT00000094718	4,3	7:7684408-7687635|7:7691673-7702168
7	24516409	24537144	circular_RNA/4	0	+	24516409	24516409	0,0,0	5	297,76,102,117,167	0,13037,14223,17160,20568	4	circRNA	ENSRNOT00000102313	ENSRNOT00000102313	4,5,6,7,8	7:24509432-24516409|7:24537144-24628334
7	24529446	24537144	circular_RNA/1	0	+	24529446	24529446	0,0,0	4	76,102,117,167	0,1186,4123,7531	1	circRNA	ENSRNOT00000102313	ENSRNOT00000102313	5,6,7,8	7:24516706-24529446|7:24537144-24628334
7	24628334	25181239	circular_RNA/1	0	+	24628334	24628334	0,0,0	9	144,166,137,181,587,61,107,99,153	0,107581,167998,210008,372746,374979,444698,518657,552752	1	circRNA	ENSRNOT00000102313	ENSRNOT00000102313	9,10,11,12,13,14,15,16,17	7:24537144-24628334|7:25181239-25401568
7	25401568	25454611	circular_RNA/2	1	+	25401568	25401568	0,0,0	8	108,180,72,129,72,12,87,138	0,2096,19390,25647,27865,44452,45587,52905	2	circRNA	ENSRNOT00000102313	ENSRNOT00000102313	18,19,20,21,22,23,24,25	7:25181239-25401568|7:25454611-25471961
7	27528539	27560134	circular_RNA/1	0	-	27528539	27528539	0,0,0	13	186,93,177,122,87,127,129,77,151,135,83,166,182	0,406,5579,15010,15234,17642,18110,24947,26725,27457,29822,31158,31413	1	circRNA	ENSRNOT00000094647	ENSRNOT00000094647	22,21,20,19,18,17,16,15,14,13,12,11,10	7:27519329-27528539|7:27560134-27562743
7	29316303	29347268	circular_RNA/1	1	+	29316303	29316303	0,0,0	9	267,151,93,132,252,132,115,145,150	0,718,6561,9165,19274,21637,29262,30562,30815	1	circRNA	ENSRNOT00000034639	ENSRNOT00000034639	2,3,4,5,6,7,8,9,10	7:29280687-29316303|7:29347268-29359556
7	30689738	30695356	circular_RNA/1	1	+	30689738	30689738	0,0,0	5	156,140,331,102,195	0,2087,3937,4434,5423	1	circRNA	ENSRNOT00000087297	ENSRNOT00000087297	17,18,19,20,21	7:30687435-30689738|7:30695356-30697615
7	43948006	43961855	circular_RNA/1	0	-	43948006	43948006	0,0,0	4	168,168,123,185	0,3132,7944,13664	1	circRNA	ENSRNOT00000048880	ENSRNOT00000048880	8,7,6,5	7:43902976-43948006|7:43961855-44007830
7	63295328	63308429	circular_RNA/1	1	+	63295328	63295328	0,0,0	9	42,87,127,79,60,141,109,96,32	0,748,2641,5271,6008,6757,7396,10161,13069	1	circRNA	ENSRNOT00000045964	ENSRNOT00000045964	3,4,5,6,7,8,9,10,11	7:63288243-63295328|7:63308429-63308542
7	66119229	66182831	circular_RNA/1	1	-	66119229	66119229	0,0,0	4	176,193,126,138	0,13185,46308,63464	1	circRNA	ENSRNOT00000065722	ENSRNOT00000065722	10,9,8,7	7:66054451-66119229|7:66182831-66247443
7	66822949	66847785	circular_RNA/1	1	+	66822949	66822949	0,0,0	5	204,172,115,67,409	0,19191,19902,21570,24427	1	circRNA	ENSRNOT00000094539	ENSRNOT00000094539	25,26,27,28,29	7:66814197-66822949|7:66847785-66854397
7	70597502	70684102	circular_RNA/3	1	+	70597502	70597502	0,0,0	5	180,110,101,173,242	0,1034,29020,48952,86358	3	circRNA	ENSRNOT00000039984	ENSRNOT00000039984	18,19,20,21,22	7:70586384-70597502|7:70684102-70737606
7	70626522	70684102	circular_RNA/1	1	+	70626522	70626522	0,0,0	4	101,173,78,242	0,19932,49792,57338	1	circRNA	ENSRNOT00000106052	ENSRNOT00000106052	20,21,22,23	7:70598646-70626522|7:70684102-70737606
7	79016712	79068076	circular_RNA/2	0	-	79016712	79016712	0,0,0	4	117,195,188,139	0,25928,47304,51225	2	circRNA	ENSRNOT00000057108	ENSRNOT00000057108	31,30,29,28	7:78940759-79016712|7:79068076-79075448
7	99920940	100020881	circular_RNA/1	0	-	99920940	99920940	0,0,0	11	139,89,174,150,88,233,1439,151,186,249,177	0,29070,46973,49828,51242,55610,56615,61460,63881,87867,99764	1	circRNA	ENSRNOT00000068291	ENSRNOT00000068291	12,11,10,9,8,7,6,5,4,3,2	7:99912278-99920940|7:100020881-100054080
7	113145731	113156421	circular_RNA/4	0	+	113145731	113145731	0,0,0	8	118,175,78,110,138,429,180,145	0,1607,4335,5495,7614,8992,10236,10545	4	circRNA	ENSRNOT00000115202	ENSRNOT00000115202	9,10,11,12,13,14,15,16	7:113142552-113145731|7:113156421-113157647
7	113993372	113999159	circular_RNA/1	1	-	113993372	113993372	0,0,0	1	5787	0	1	circRNA	ENSRNOT00000113856	ENSRNOT00000113856	2	7:113968468-113993372|7:113999159-114051691
6	3630857	3634467	circular_RNA/1	1	+	3630857	3630857	0,0,0	2	302,162	0,3448	1	circRNA	ENSRNOT00000095577	ENSRNOT00000095577	6,7	6:3289865-3630857|6:3634467-3703675
6	3752346	3792149	circular_RNA/14	0	+	3752346	3752346	0,0,0	5	123,382,191,174,120	0,8163,9672,32377,39683	14	circRNA	ENSRNOT00000095577	ENSRNOT00000095577	12,13,14,15,16	6:3729847-3752346|6:3792149-4000439
6	6043754	6044305	circular_RNA/1	0	-	6043754	6043754	0,0,0	1	551	0	1	circRNA	ENSRNOT00000061693	ENSRNOT00000061693	3	6:6035655-6043754|6:6044305-6061993
6	14586712	14600237	circular_RNA/1	0	+	14586712	14586712	0,0,0	7	104,223,120,163,118,173,117	0,1320,2612,6963,8349,13032,13408	1	circRNA	ENSRNOT00000116736	ENSRNOT00000116736	14,15,16,17,18,19,20	6:14586400-14586712|6:14600237-14601694
6	16751855	16752053	circular_RNA/2	0	-	16751855	16751855	0,0,0	1	198	0	2	circRNA	ENSRNOT00000005983	ENSRNOT00000005983	7	6:16732561-16751855|6:16752053-16754265
6	26440353	26480196	circular_RNA/2	0	+	26440353	26440353	0,0,0	6	87,109,149,116,136,144	0,8660,13640,31669,38095,39699	2	circRNA	ENSRNOT00000105980	ENSRNOT00000105980	2,3,4,5,6,7	6:26426280-26440353|6:26480196-26488618
6	26597103	26698544	circular_RNA/1	1	+	26597103	26597103	0,0,0	7	214,86,155,106,167,125,78	0,18437,31205,38154,40980,73023,101363	1	circRNA	ENSRNOT00000060810	ENSRNOT00000060810	4,5,6,7,8,9,10	6:26591661-26597103|6:26698544-26712235
6	27262268	27288373	circular_RNA/1	0	-	27262268	27262268	0,0,0	7	102,315,169,118,181,1330,148	0,3068,3586,5724,20178,23397,25957	1	circRNA	ENSRNOT00000068531	ENSRNOT00000068531	17,16,15,14,13,12,11	6:27253923-27262268|6:27288373-27297630
6	27946774	27952914	circular_RNA/1	1	+	27946774	27946774	0,0,0	6	152,50,154,103,109,117	0,1798,2239,3702,4912,6023	1	circRNA	ENSRNOT00000085612	ENSRNOT00000085612	3,4,5,6,7,8	6:27914654-27946774|6:27952914-27958359
6	36192598	36216030	circular_RNA/1	1	+	36192598	36192598	0,0,0	6	114,158,90,165,114,88	0,1152,2133,19444,22954,23344	1	circRNA	ENSRNOT00000009779	ENSRNOT00000009779	33,34,35,36,37,38	6:36185879-36192598|6:36216030-36226243
6	46877496	46897555	circular_RNA/2	1	-	46877496	46877496	0,0,0	3	128,92,88	0,9867,19971	2	circRNA	ENSRNOT00000066904	ENSRNOT00000066904	5,4,3	6:46862915-46877496|6:46897555-46933869
6	61682983	61692039	circular_RNA/2	1	+	61682983	61682983	0,0,0	3	132,79,155	0,1622,8901	2	circRNA	ENSRNOT00000082793	ENSRNOT00000082793	29,30,31	6:61670275-61682983|6:61692039-61702529
6	83034577	83044587	circular_RNA/1	1	+	83034577	83034577	0,0,0	6	157,135,297,263,239,98	0,1695,4154,5855,6728,9912	1	circRNA	ENSRNOT00000005861	ENSRNOT00000005861	2,3,4,5,6,7	6:83021295-83034577|6:83044587-83050218
6	83145437	83146479	circular_RNA/2	1	+	83145437	83145437	0,0,0	2	87,185	0,857	2	circRNA	ENSRNOT00000086081	ENSRNOT00000086081	8,9	6:83144341-83145437|6:83146479-83147912
6	83149709	83162657	circular_RNA/1	1	+	83149709	83149709	0,0,0	6	205,152,156,1876,86,63	0,2609,3633,5203,12700,12885	1	circRNA	ENSRNOT00000086081	ENSRNOT00000086081	11,12,13,14,15,16	6:83148119-83149709|6:83162657-83164235
6	87795415	87804557	circular_RNA/2	0	-	87795415	87795415	0,0,0	7	33,195,78,154,50,43,253	0,2306,2851,3921,7046,7216,8889	2	circRNA	ENSRNOT00000108891	ENSRNOT00000108891	28,27,26,25,24,23,22	6:87793813-87795415|6:87804557-87806133
6	100988335	100990739	circular_RNA/1	1	-	100988335	100988335	0,0,0	2	1845,89	0,2315	1	circRNA	ENSRNOT00000099130	ENSRNOT00000099130	3,2	6:100893161-100988335|6:100990739-101006955
6	105520440	105535989	circular_RNA/1	1	+	105520440	105520440	0,0,0	5	70,85,102,92,108	0,990,12631,14452,15441	1	circRNA	ENSRNOT00000115883	ENSRNOT00000115883	8,9,10,11,12	6:105514281-105520440|6:105535989-105539542
6	122125680	122145141	circular_RNA/2	1	+	122125680	122125680	0,0,0	4	121,305,171,93	0,6385,9892,19368	2	circRNA	ENSRNOT00000107056	ENSRNOT00000107056	2,3,4,5	6:122083295-122125680|6:122145141-122154326
6	122125680	122155184	circular_RNA/1	1	+	122125680	122125680	0,0,0	6	121,305,171,93,56,130	0,6385,9892,19368,28646,29374	1	circRNA	ENSRNOT00000107056	ENSRNOT00000107056	2,3,4,5,6,7	6:122083295-122125680|6:122155184-122177001
6	122125680	122135743	circular_RNA/1	0	+	122125680	122125680	0,0,0	3	121,305,171	0,6385,9892	1	circRNA	ENSRNOT00000107056	ENSRNOT00000107056	2,3,4	6:122083295-122125680|6:122135743-122145048
6	124943654	124968780	circular_RNA/1	1	+	124943654	124943654	0,0,0	10	149,56,70,88,109,93,133,121,59,179	0,6180,13431,14356,18333,18556,20393,21078,22026,24947	1	circRNA	ENSRNOT00000036035	ENSRNOT00000036035	2,3,4,5,6,7,8,9,10,11	6:124914939-124943654|6:124968780-124976615
9	3396029	3401016	circular_RNA/2	1	+	3396029	3396029	0,0,0	2	2487,204	0,4783	2	circRNA	ENSRNOT00000018146	ENSRNOT00000018146	3,4	9:3293666-3396029|9:3401016-3441749
9	3737335	3781864	circular_RNA/1	1	-	3737335	3737335	0,0,0	9	173,70,51,89,103,68,75,90,109	0,1580,1753,3099,11614,40445,42804,42967,44420	1	circRNA	ENSRNOT00000014171	ENSRNOT00000014171	13,12,11,10,9,8,7,6,5	9:3676430-3737335|9:3781864-3809566
9	14155357	14178386	circular_RNA/3	1	+	14155357	14155357	0,0,0	10	46,49,69,1674,118,101,59,146,95,103	0,510,638,5094,16233,17829,19890,20988,22146,22926	3	circRNA	ENSRNOT00000021762	ENSRNOT00000021762	2,3,4,5,6,7,8,9,10,11	9:14154268-14155357|9:14178386-14181697
9	16256140	16263153	circular_RNA/1	0	+	16256140	16256140	0,0,0	2	157,105	0,6908	1	circRNA	ENSRNOT00000061014	ENSRNOT00000061014	4,5	9:16246228-16256140|9:16263153-16320732
9	18160057	18170176	circular_RNA/1	1	+	18160057	18160057	0,0,0	5	166,143,113,102,176	0,790,6599,7402,9943	1	circRNA	ENSRNOT00000120136	ENSRNOT00000120136	11,12,13,14,15	9:18156052-18160057|9:18170176-18176881
9	18160847	18170176	circular_RNA/1	1	+	18160847	18160847	0,0,0	4	143,113,102,176	0,5809,6612,9153	1	circRNA	ENSRNOT00000120136	ENSRNOT00000120136	12,13,14,15	9:18160223-18160847|9:18170176-18176881
9	24915936	24920642	circular_RNA/1	1	-	24915936	24915936	0,0,0	2	842,338	0,4368	1	circRNA	ENSRNOT00000091865	ENSRNOT00000091865	7,6	9:24866402-24915936|9:24920642-24985562
9	27746088	27802558	circular_RNA/1	0	-	27746088	27746088	0,0,0	6	44,103,76,150,109,69	0,16050,27232,28193,52978,56401	1	circRNA	ENSRNOT00000016194	ENSRNOT00000016194	16,15,14,13,12,11	9:27583649-27746088|9:27802558-27827874
9	33102490	33109889	circular_RNA/1	0	-	33102490	33102490	0,0,0	2	1720,162	0,7237	1	circRNA	ENSRNOT00000115258	ENSRNOT00000115258	3,2	9:33097195-33102490|9:33109889-33126300
9	46276381	46284450	circular_RNA/2	1	+	46276381	46276381	0,0,0	5	594,127,84,105,95	0,5977,7079,7651,7974	2	circRNA	ENSRNOT00000033133	ENSRNOT00000033133	2,3,4,5,6	9:46270033-46276381|9:46284450-46289213
9	46315073	46326958	circular_RNA/2	1	+	46315073	46315073	0,0,0	6	116,87,61,144,208,1068	0,649,2776,5895,7951,10817	2	circRNA	ENSRNOT00000059349	ENSRNOT00000059349	3,4,5,6,7,8	9:46314078-46315073|9:46326958-46338656
9	48793272	48794864	circular_RNA/1	1	+	48793272	48793272	0,0,0	1	1592	0	1	circRNA	ENSRNOT00000112559	ENSRNOT00000112559	2	9:48773600-48793272|9:48794864-48824449
9	48793272	48824547	circular_RNA/1	1	+	48793272	48793272	0,0,0	2	1592,98	0,31177	1	circRNA	ENSRNOT00000112559	ENSRNOT00000112559	2,3	9:48773600-48793272|9:48824547-48851515
9	61856347	61901553	circular_RNA/1	1	+	61856347	61856347	0,0,0	10	168,177,18,98,147,125,183,159,174,93	0,7467,9326,13988,17270,18023,19833,22810,40341,45113	1	circRNA	ENSRNOT00000050179	ENSRNOT00000050179	2,3,4,5,6,7,8,9,10,11	9:61827478-61856347|9:61901553-61902718
9	61863814	61874495	circular_RNA/1	1	+	61863814	61863814	0,0,0	5	177,18,98,147,125	0,1859,6521,9803,10556	1	circRNA	ENSRNOT00000050179	ENSRNOT00000050179	3,4,5,6,7	9:61856515-61863814|9:61874495-61876180
9	68166406	68167546	circular_RNA/1	1	+	68166406	68166406	0,0,0	1	1140	0	1	ciRNA	ENSRNOT00000032430	ENSRNOT00000032430	56	9:68166406-68168711
9	76063944	76078171	circular_RNA/3	0	-	76063944	76063944	0,0,0	7	75,179,101,172,224,68,145	0,619,1616,5925,9583,11776,14082	3	circRNA	ENSRNOT00000032719	ENSRNOT00000032719	8,7,6,5,4,3,2	9:76055163-76063944|9:76078171-76083906
9	79931342	79934169	circular_RNA/2	0	-	79931342	79931342	0,0,0	3	109,151,116	0,1232,2711	2	circRNA	ENSRNOT00000019685	ENSRNOT00000019685	7,6,5	9:79929511-79931342|9:79934169-79936020
9	88039920	88050585	circular_RNA/1	1	+	88039920	88039920	0,0,0	3	130,96,115	0,1057,10550	1	circRNA	ENSRNOT00000064965	ENSRNOT00000064965	4,5,6	9:88029904-88039920|9:88050585-88055907
9	93969419	93982481	circular_RNA/1	0	-	93969419	93969419	0,0,0	8	108,207,216,207,216,158,113,65	0,804,1648,1997,7823,9070,11444,12997	1	circRNA	ENSRNOT00000051155	ENSRNOT00000051155	9,8,7,6,5,4,3,2	9:93968351-93969419|9:93982481-94017925
9	98367633	98375843	circular_RNA/2	1	+	98367633	98367633	0,0,0	3	73,141,126	0,6759,8084	2	circRNA	ENSRNOT00000076669	ENSRNOT00000076669	25,26,27	9:98363911-98367633|9:98375843-98390629
9	103066907	103177628	circular_RNA/2	0	-	103066907	103066907	0,0,0	3	131,108,132	0,20242,110589	2	circRNA	ENSRNOT00000064431	ENSRNOT00000064431	6,5,4	9:102933299-103066907|9:103177628-103190792
9	104275429	104334946	circular_RNA/1	1	+	104275429	104275429	0,0,0	11	252,145,172,128,174,187,178,203,183,115,71	0,815,10783,24771,35547,42479,45334,49443,52743,56932,59446	1	circRNA	ENSRNOT00000020767	ENSRNOT00000020767	2,3,4,5,6,7,8,9,10,11,12	9:104253119-104275429|9:104334946-104363389
9	105629567	105650185	circular_RNA/1	0	-	105629567	105629567	0,0,0	6	148,143,201,147,69,148	0,2730,5402,9716,14031,20470	1	circRNA	ENSRNOT00000017613	ENSRNOT00000017613	8,7,6,5,4,3	9:105604468-105629567|9:105650185-105660716
9	105629567	105660854	circular_RNA/14	0	-	105629567	105629567	0,0,0	7	148,143,201,147,69,148,138	0,2730,5402,9716,14031,20470,31149	14	circRNA	ENSRNOT00000017613	ENSRNOT00000017613	8,7,6,5,4,3,2	9:105604468-105629567|9:105660854-105687824
9	110488091	110694225	circular_RNA/2	0	+	110488091	110488091	0,0,0	6	215,178,241,371,92,422	0,65390,70166,183979,188951,205712	2	circRNA	ENSRNOT00000022351	ENSRNOT00000022351	4,5,6,7,8,9	9:110412499-110488091|9:110694225-110715406
9	110672070	110677134	circular_RNA/3	1	+	110672070	110672070	0,0,0	2	371,92	0,4972	3	circRNA	ENSRNOT00000022351	ENSRNOT00000022351	7,8	9:110558498-110672070|9:110677134-110693803
9	113229431	113241203	circular_RNA/1	1	+	113229431	113229431	0,0,0	7	273,100,99,104,150,141,180	0,4671,7966,8956,9151,11274,11592	1	circRNA	ENSRNOT00000086534	ENSRNOT00000086534	2,3,4,5,6,7,8	9:113200470-113229431|9:113241203-113252976
8	4219124	4245549	circular_RNA/1	1	-	4219124	4219124	0,0,0	5	210,117,105,209,76	0,15070,21492,23027,26349	1	circRNA	ENSRNOT00000044174	ENSRNOT00000044174	85,84,83,82,81	8:4212849-4219124|8:4245549-4249853
8	13154301	13157607	circular_RNA/2	1	-	13154301	13154301	0,0,0	1	3306	0	2	circRNA	ENSRNOT00000109404	ENSRNOT00000109404	2	8:13025309-13154301|8:13157607-13272869
8	20555940	20568626	circular_RNA/2	0	-	20555940	20555940	0,0,0	5	39,226,154,104,220	0,1264,1588,12155,12466	2	circRNA	ENSRNOT00000113602	ENSRNOT00000113602	6,5,4,3,2	8:20551026-20555940|8:20568626-20569189
8	21223256	21255514	circular_RNA/2	1	+	21223256	21223256	0,0,0	6	103,105,141,96,173,153	0,1960,12160,15960,25819,32105	2	circRNA	ENSRNOT00000092845	ENSRNOT00000092845	17,18,19,20,21,22	8:21218300-21223256|8:21255514-21356322
8	30567378	30624734	circular_RNA/1	1	+	30567378	30567378	0,0,0	7	85,87,138,93,123,78,82	0,17836,34245,36802,38043,39562,57274	1	circRNA	ENSRNOT00000099034	ENSRNOT00000099034	5,6,7,8,9,10,11	8:30567047-30567378|8:30624734-30658097
8	54753999	54797724	circular_RNA/1	1	-	54753999	54753999	0,0,0	21	122,87,63,118,202,86,131,179,249,131,77,192,1070,265,166,98,170,111,1677,228,120	0,202,1158,5126,6096,6661,7610,10630,17092,19783,21556,23267,24205,27534,29358,29969,31135,33584,37432,41842,43605	1	circRNA	ENSRNOT00000066197	ENSRNOT00000066197	36,35,34,33,32,31,30,29,28,27,26,25,24,23,22,21,20,19,18,17,16	8:54751373-54753999|8:54797724-54802619
8	54753999	54760746	circular_RNA/2	0	-	54753999	54753999	0,0,0	6	122,87,63,118,202,86	0,202,1158,5126,6096,6661	2	circRNA	ENSRNOT00000066197	ENSRNOT00000066197	36,35,34,33,32,31	8:54751373-54753999|8:54760746-54761609
8	54773782	54779274	circular_RNA/1	0	-	54773782	54773782	0,0,0	4	131,77,192,1070	0,1773,3484,4422	1	circRNA	ENSRNOT00000066197	ENSRNOT00000066197	27,26,25,24	8:54771340-54773782|8:54779274-54781533
8	56179328	56209562	circular_RNA/1	0	-	56179328	56179328	0,0,0	10	108,153,82,143,156,141,112,118,76,171	0,637,2128,10591,11791,19015,27925,28254,29324,30063	1	circRNA	ENSRNOT00000009169	ENSRNOT00000009169	21,20,19,18,17,16,15,14,13,12	8:56144894-56179328|8:56209562-56220212
8	60211857	60225297	circular_RNA/1	0	+	60211857	60211857	0,0,0	5	98,127,90,117,135	0,2491,6595,9174,13305	1	circRNA	ENSRNOT00000015963	ENSRNOT00000015963	7,8,9,10,11	8:60201439-60211857|8:60225297-60234801
8	60299247	60321122	circular_RNA/2	1	+	60299247	60299247	0,0,0	8	113,143,224,117,189,48,112,62	0,7462,12527,13176,13612,14659,19255,21813	2	circRNA	ENSRNOT00000015963	ENSRNOT00000015963	28,29,30,31,32,33,34,35	8:60288315-60299247|8:60321122-60330754
8	67007715	67020529	circular_RNA/1	1	+	67007715	67007715	0,0,0	3	199,161,117	0,2963,12697	1	circRNA	ENSRNOT00000089336	ENSRNOT00000089336	43,44,45	8:67006030-67007715|8:67020529-67021022
8	67010678	67020529	circular_RNA/2	1	+	67010678	67010678	0,0,0	2	161,117	0,9734	2	circRNA	ENSRNOT00000089336	ENSRNOT00000089336	44,45	8:67007914-67010678|8:67020529-67021022
8	68516038	68524124	circular_RNA/1	1	+	68516038	68516038	0,0,0	6	60,81,58,128,107,172	0,1813,2673,4778,6690,7914	1	circRNA	ENSRNOT00000057522	ENSRNOT00000057522	9,10,11,12,13,14	8:68513742-68516038|8:68524124-68532558
8	73039771	73042173	circular_RNA/3	1	+	73039771	73039771	0,0,0	3	135,308,141	0,1835,2261	3	circRNA	ENSRNOT00000095837	ENSRNOT00000095837	16,17,18	8:73033270-73039771|8:73042173-73052310
8	76795889	76796274	circular_RNA/1	1	+	76795889	76795889	0,0,0	2	81,108	0,277	1	circRNA	ENSRNOT00000014926	ENSRNOT00000014926	2,3	8:76757711-76795889|8:76796274-76812947
8	78001078	78028318	circular_RNA/1	1	-	78001078	78001078	0,0,0	6	129,45,45,60,84,66	0,8812,18977,26825,27009,27174	1	circRNA	ENSRNOT00000101165	ENSRNOT00000101165	10,9,8,7,6,5	8:77935397-78001078|8:78028318-78061310
8	78020055	78062777	circular_RNA/1	0	-	78020055	78020055	0,0,0	5	45,60,84,66,1467	0,7848,8032,8197,41255	1	circRNA	ENSRNOT00000101165	ENSRNOT00000101165	8,7,6,5,4	8:78009935-78020055|8:78062777-78072695
8	84349281	84353199	circular_RNA/1	0	-	84349281	84349281	0,0,0	2	530,369	0,3549	1	circRNA	ENSRNOT00000044931	ENSRNOT00000044931	4,3	8:84328877-84349281|8:84353199-84374437
8	87462241	87463246	circular_RNA/1	1	+	87462241	87462241	0,0,0	1	1005	0	1	ciRNA	ENSRNOT00000014783	ENSRNOT00000014783	8	8:87462241-87463246
8	96872571	96888268	circular_RNA/2	1	+	96872571	96872571	0,0,0	5	163,147,69,152,167	0,2349,5141,11565,15530	2	circRNA	ENSRNOT00000081204	ENSRNOT00000081204	8,9,10,11,12	8:96868746-96872571|8:96888268-96895274
8	107737779	107761844	circular_RNA/3	0	-	107737779	107737779	0,0,0	4	155,42,85,149	0,719,12105,23916	3	circRNA	ENSRNOT00000096313	ENSRNOT00000096313	8,7,6,5	8:107712908-107737779|8:107761844-107796121
8	109228348	109244319	circular_RNA/1	1	+	109228348	109228348	0,0,0	5	330,1032,178,155,115	0,5377,13595,14330,15856	1	circRNA	ENSRNOT00000080778	ENSRNOT00000080778	3,4,5,6,7	8:109218564-109228348|8:109244319-109252986
8	110531190	110539742	circular_RNA/4	0	+	110531190	110531190	0,0,0	3	4283,132,129	0,5466,8423	4	circRNA	ENSRNOT00000113014	ENSRNOT00000113014	3,4,5	8:110528886-110531190|8:110539742-110543862
Y	986946	994637	circular_RNA/2	1	-	986946	986946	0,0,0	4	206,106,130,734	0,912,2730,6957	2	circRNA	ENSRNOT00000119067	ENSRNOT00000119067	19,18,17,16	Y:969197-986946|Y:994637-1005660
Y	1022213	1023668	circular_RNA/5	0	-	1022213	1022213	0,0,0	2	127,94	0,1361	5	circRNA	ENSRNOT00000119067	ENSRNOT00000119067	11,10	Y:1008596-1022213|Y:1023668-1038112
11	27306165	27328041	circular_RNA/1	1	-	27306165	27306165	0,0,0	3	182,258,168	0,18039,21708	1	circRNA	ENSRNOT00000051060	ENSRNOT00000051060	4,3,2	11:27287389-27306165|11:27328041-27569970
11	33160346	33173155	circular_RNA/2	1	+	33160346	33160346	0,0,0	8	73,133,196,167,148,129,120,98	0,2689,3648,5468,7318,10284,11021,12711	2	circRNA	ENSRNOT00000076473	ENSRNOT00000076473	2,3,4,5,6,7,8,9	11:33159795-33160346|11:33173155-33178437
11	33703456	33721965	circular_RNA/1	1	+	33703456	33703456	0,0,0	10	155,43,151,88,54,121,86,95,63,55	0,433,872,1425,3475,4203,6236,7754,8814,18454	1	circRNA	ENSRNOT00000065600	ENSRNOT00000065600	2,3,4,5,6,7,8,9,10,11	11:33689355-33703456|11:33721965-33726976
11	33703456	33704969	circular_RNA/1	0	+	33703456	33703456	0,0,0	4	155,43,151,88	0,433,872,1425	1	circRNA	ENSRNOT00000065600	ENSRNOT00000065600	2,3,4,5	11:33689355-33703456|11:33704969-33706931
11	33758924	33771278	circular_RNA/2	0	+	33758924	33758924	0,0,0	5	165,1024,66,150,140	0,2419,4652,9033,12214	2	circRNA	ENSRNOT00000065600	ENSRNOT00000065600	32,33,34,35,36	11:33755280-33758924|11:33771278-33773333
11	36376143	36391700	circular_RNA/1	0	-	36376143	36376143	0,0,0	2	147,318	0,15239	1	circRNA	ENSRNOT00000109924	ENSRNOT00000109924	3,2	11:36174065-36376143|11:36391700-36506581
11	44702401	44706768	circular_RNA/3	1	+	44702401	44702401	0,0,0	2	754,76	0,4291	3	circRNA	ENSRNOT00000002191	ENSRNOT00000002191	9,10	11:44699513-44702401|11:44706768-44710563
11	48630376	48641194	circular_RNA/1	1	-	48630376	48630376	0,0,0	2	186,204	0,10614	1	circRNA	ENSRNOT00000002719	ENSRNOT00000002719	11,10	11:48628864-48630376|11:48641194-48650754
11	57117611	57125656	circular_RNA/1	0	-	57117611	57117611	0,0,0	4	188,164,49,100	0,553,5943,7945	1	circRNA	ENSRNOT00000081443	ENSRNOT00000081443	7,6,5,4	11:57085780-57117611|11:57125656-57230332
10	16433873	16434963	circular_RNA/1	1	-	16433873	16433873	0,0,0	1	1090	0	1	circRNA	ENSRNOT00000079462	ENSRNOT00000079462	4	10:16421874-16433873|10:16434963-16437547
10	16433873	16437673	circular_RNA/1	0	-	16433873	16433873	0,0,0	2	1090,126	0,3674	1	circRNA	ENSRNOT00000079462	ENSRNOT00000079462	4,3	10:16421874-16433873|10:16437673-16439757
10	16433873	16439952	circular_RNA/10	0	-	16433873	16433873	0,0,0	3	1090,126,195	0,3674,5884	10	circRNA	ENSRNOT00000079462	ENSRNOT00000079462	4,3,2	10:16421874-16433873|10:16439952-16461948
10	28178627	28179571	circular_RNA/3	1	+	28178627	28178627	0,0,0	1	944	0	3	circRNA	ENSRNOT00000067013	ENSRNOT00000067013	2	10:28156138-28178627|10:28179571-28190155
10	30326083	30338951	circular_RNA/1	1	+	30326083	30326083	0,0,0	7	105,97,109,165,178,247,70	0,621,2795,3728,8021,11503,12798	1	circRNA	ENSRNOT00000079437	ENSRNOT00000079437	2,3,4,5,6,7,8	10:30298840-30326083|10:30338951-30345813
10	34289453	34292189	circular_RNA/1	1	+	34289453	34289453	0,0,0	2	124,73	0,2663	1	circRNA	ENSRNOT00000059277	ENSRNOT00000059277	12,13	10:34285589-34289453|10:34292189-34292946
10	34700011	34700071	circular_RNA/2	1	+	34700011	34700011	0,0,0	1	60	0	2	circRNA	ENSRNOT00000059190	ENSRNOT00000059190	10	10:34699333-34700011|10:34700071-34700162
10	35974398	35986679	circular_RNA/1	0	-	35974398	35974398	0,0,0	6	121,207,56,119,113,110	0,1333,2601,6588,9390,12171	1	circRNA	ENSRNOT00000090475	ENSRNOT00000090475	14,13,12,11,10,9	10:35972699-35974398|10:35986679-35989272
10	37519628	37531861	circular_RNA/1	1	+	37519628	37519628	0,0,0	4	127,780,45,87	0,3848,7196,12146	1	circRNA	ENSRNOT00000009440	ENSRNOT00000009440	2,3,4,5	10:37499133-37519628|10:37531861-37546897
10	47030332	47075366	circular_RNA/1	1	-	47030332	47030332	0,0,0	15	144,169,101,102,118,161,196,130,547,127,95,215,125,102,55	0,1898,4078,5503,5699,11121,18486,20393,23473,28548,33770,35086,39044,43540,44979	1	circRNA	ENSRNOT00000081409	ENSRNOT00000081409	27,26,25,24,23,22,21,20,19,18,17,16,15,14,13	10:47026214-47030332|10:47075366-47076722
10	50788542	50789254	circular_RNA/1	0	-	50788542	50788542	0,0,0	2	425,197	0,515	1	circRNA	ENSRNOT00000111079	ENSRNOT00000111079	17,16	10:50778059-50788542|10:50789254-50806225
10	61000351	61033522	circular_RNA/1	1	-	61000351	61000351	0,0,0	6	120,116,87,67,50,81	0,1743,3678,25644,28130,33090	1	circRNA	ENSRNOT00000116582	ENSRNOT00000116582	7,6,5,4,3,2	10:60988159-61000351|10:61033522-61034320
10	64427894	64437702	circular_RNA/2	1	+	64427894	64427894	0,0,0	5	159,98,147,147,111	0,1037,2793,4705,9697	2	circRNA	ENSRNOT00000046262	ENSRNOT00000046262	32,33,34,35,36	10:64418406-64427894|10:64437702-64497785
10	71092849	71095823	circular_RNA/1	1	-	71092849	71092849	0,0,0	2	101,174	0,2800	1	circRNA	ENSRNOT00000035280	ENSRNOT00000035280	29,28	10:71091225-71092849|10:71095823-71097217
10	71335545	71359584	circular_RNA/1	1	-	71335545	71335545	0,0,0	11	78,63,108,91,91,28,31,152,69,121,50	0,343,1226,2108,2354,5020,8645,8739,21170,22626,23989	1	circRNA	ENSRNOT00000118136	ENSRNOT00000118136	12,11,10,9,8,7,6,5,4,3,2	10:71331858-71335545|10:71359584-71367703
10	71844321	71867271	circular_RNA/1	0	-	71844321	71844321	0,0,0	7	60,134,90,119,27,46,136	0,4178,7326,7903,12748,20113,22814	1	circRNA	ENSRNOT00000109310	ENSRNOT00000109310	9,8,7,6,5,4,3	10:71842228-71844321|10:71867271-71872486
10	71997143	72024502	circular_RNA/2	1	+	71997143	71997143	0,0,0	9	180,115,219,137,86,195,309,123,190	0,4186,4851,6539,8967,17303,21516,26317,27169	2	circRNA	ENSRNOT00000101990	ENSRNOT00000101990	13,14,15,16,17,18,19,20,21	10:71987608-71997143|10:72024502-72032467
10	74465339	74465380	circular_RNA/1	0	-	74465339	74465339	0,0,0	1	41	0	1	circRNA	ENSRNOT00000119337	ENSRNOT00000119337	2	10:74371059-74465339|10:74465380-74560997
10	79043764	79052076	circular_RNA/1	1	+	79043764	79043764	0,0,0	7	130,90,168,172,219,196,126	0,573,1034,1614,5398,5859,8186	1	circRNA	ENSRNOT00000085681	ENSRNOT00000085681	17,18,19,20,21,22,23	10:79042639-79043764|10:79052076-79053035
10	82209290	82217911	circular_RNA/1	0	-	82209290	82209290	0,0,0	5	220,135,140,64,110	0,1633,4167,6569,8511	1	circRNA	ENSRNOT00000031045	ENSRNOT00000031045	17,16,15,14,13	10:82204509-82209290|10:82217911-82220665
10	83160031	83166625	circular_RNA/1	0	-	83160031	83160031	0,0,0	6	119,125,112,90,74,75	0,591,1433,2401,5812,6519	1	circRNA	ENSRNOT00000114652	ENSRNOT00000114652	13,12,11,10,9,8	10:83157813-83160031|10:83166625-83168047
10	88003096	88021365	circular_RNA/1	1	+	88003096	88003096	0,0,0	10	109,145,119,92,117,171,109,171,168,138	0,3192,7302,8197,9435,10399,11211,12980,17205,18131	1	circRNA	ENSRNOT00000004046	ENSRNOT00000004046	2,3,4,5,6,7,8,9,10,11	10:87989335-88003096|10:88021365-88022290
10	89324560	89325932	circular_RNA/1	0	-	89324560	89324560	0,0,0	1	1372	0	1	circRNA	ENSRNOT00000089029	ENSRNOT00000089029	2	10:89282036-89324560|10:89325932-89366833
10	90181076	90212586	circular_RNA/1	0	+	90181076	90181076	0,0,0	8	73,44,96,168,96,93,111,137	0,920,1691,11752,24438,25672,30680,31373	1	circRNA	ENSRNOT00000066484	ENSRNOT00000066484	4,5,6,7,8,9,10,11	10:90180134-90181076|10:90212586-90214323
10	90192828	90206841	circular_RNA/1	0	+	90192828	90192828	0,0,0	3	168,96,93	0,12686,13920	1	circRNA	ENSRNOT00000066484	ENSRNOT00000066484	7,8,9	10:90182863-90192828|10:90206841-90211756
10	93455054	93590660	circular_RNA/3	1	+	93455054	93455054	0,0,0	14	48,78,87,100,119,144,155,130,93,60,80,136,108,183	0,300,20326,31327,33523,35129,52350,52769,53532,55190,61965,94861,112873,135423	3	circRNA	ENSRNOT00000037067	ENSRNOT00000037067	7,8,9,10,11,12,13,14,15,16,17,18,19,20	10:93424892-93455054|10:93590660-93639678
13	9825642	9892825	circular_RNA/2	1	+	9825642	9825642	0,0,0	4	240,225,131,85	0,1817,61594,67098	2	circRNA	ENSRNOT00000111316	ENSRNOT00000111316	18,19,20,21	13:9814865-9825642|13:9892825-9949046
13	22143349	22155552	circular_RNA/1	1	+	22143349	22143349	0,0,0	7	113,95,84,58,136,65,95	0,4369,6849,8428,10187,11691,12108	1	circRNA	ENSRNOT00000003870	ENSRNOT00000003870	5,6,7,8,9,10,11	13:22137059-22143349|13:22155552-22159647
13	30690753	30701388	circular_RNA/1	0	-	30690753	30690753	0,0,0	4	65,129,98,164	0,2154,4862,10471	1	circRNA	ENSRNOT00000111356	ENSRNOT00000111356	19,18,17,16	13:30680244-30690753|13:30701388-30719317
13	30842153	30877644	circular_RNA/1	1	-	30842153	30842153	0,0,0	7	173,64,89,88,121,53,45	0,3657,20911,24990,34514,34909,35446	1	circRNA	ENSRNOT00000003568	ENSRNOT00000003568	12,11,10,9,8,7,6	13:30830170-30842153|13:30877644-30882785
13	34611767	34652646	circular_RNA/2	0	-	34611767	34611767	0,0,0	6	55,195,70,99,48,122	0,851,20083,20260,39403,40757	2	circRNA	ENSRNOT00000003527	ENSRNOT00000003527	16,15,14,13,12,11	13:34603652-34611767|13:34652646-34657622
13	39756634	39758247	circular_RNA/1	1	+	39756634	39756634	0,0,0	2	58,165	0,1448	1	circRNA	ENSRNOT00000098224	ENSRNOT00000098224	7,8	13:39754900-39756634|13:39758247-39761146
13	39756637	39758247	circular_RNA/2	1	+	39756637	39756637	0,0,0	2	55,165	0,1445	2	circRNA	ENSRNOT00000107083	ENSRNOT00000107083	7,8	13:39754900-39756637|13:39758247-39761146
13	44709749	44710815	circular_RNA/1	1	+	44709749	44709749	0,0,0	2	81,115	0,951	1	circRNA	ENSRNOT00000100205	ENSRNOT00000100205	4,5	13:44623891-44709749|13:44710815-44714624
13	51774543	51878598	circular_RNA/1	1	+	51774543	51774543	0,0,0	10	49,60,75,84,95,181,165,137,64,109	0,2615,15685,16849,25581,68725,69981,72845,75438,103946	1	circRNA	ENSRNOT00000017884	ENSRNOT00000017884	4,5,6,7,8,9,10,11,12,13	13:51762481-51774543|13:51878598-51914312
13	51878489	52008373	circular_RNA/1	0	+	51878489	51878489	0,0,0	12	109,109,230,214,106,173,135,112,102,84,129,21	0,35823,60701,64809,66995,74485,85159,103185,114023,125102,126220,129863	1	circRNA	ENSRNOT00000113684	ENSRNOT00000113684	13,14,15,16,17,18,19,20,21,22,23,24	13:51850045-51878489|13:52008373-52035168
13	62462582	62470967	circular_RNA/1	1	+	62462582	62462582	0,0,0	10	148,138,132,131,208,144,199,206,62,209	0,1019,1257,2750,4009,5189,5510,6925,7327,8176	1	circRNA	ENSRNOT00000063833	ENSRNOT00000063833	28,29,30,31,32,33,34,35,36,37	13:62461772-62462582|13:62470967-62472853
13	62470758	62473126	circular_RNA/1	1	+	62470758	62470758	0,0,0	2	209,273	0,2095	1	circRNA	ENSRNOT00000063833	ENSRNOT00000063833	37,38	13:62469971-62470758|13:62473126-62473970
13	63455368	63489828	circular_RNA/1	0	-	63455368	63455368	0,0,0	12	65,67,132,185,149,139,164,146,94,189,102,139	0,5593,9455,14622,18495,21022,23099,25431,29908,31715,32910,34321	1	circRNA	ENSRNOT00000044255	ENSRNOT00000044255	19,18,17,16,15,14,13,12,11,10,9,8	13:63453383-63455368|13:63489828-63492247
13	63460961	63480945	circular_RNA/1	1	-	63460961	63460961	0,0,0	7	67,132,185,149,139,164,146	0,3862,9029,12902,15429,17506,19838	1	circRNA	ENSRNOT00000044255	ENSRNOT00000044255	18,17,16,15,14,13,12	13:63455433-63460961|13:63480945-63485276
13	68991858	69025416	circular_RNA/1	1	-	68991858	68991858	0,0,0	6	127,93,90,84,51,140	0,5204,6479,7113,25272,33418	1	circRNA	ENSRNOT00000116366	ENSRNOT00000116366	7,6,5,4,3,2	13:68957536-68991858|13:69025416-69056465
13	68991858	69018249	circular_RNA/2	0	-	68991858	68991858	0,0,0	6	127,93,90,84,51,105	0,5204,6479,7113,25272,26286	2	circRNA	ENSRNOT00000103744	ENSRNOT00000103744	8,7,6,5,4,3	13:68957536-68991858|13:69018249-69025276
13	72919411	72946973	circular_RNA/2	0	-	72919411	72919411	0,0,0	4	142,167,103,67	0,19378,20974,27495	2	circRNA	ENSRNOT00000119833	ENSRNOT00000119833	11,10,9,8	13:72867548-72919411|13:72946973-72963507
13	77634453	77654285	circular_RNA/1	0	-	77634453	77634453	0,0,0	8	89,157,139,42,322,69,116,118	0,1433,3035,7849,13949,14486,14980,19714	1	circRNA	ENSRNOT00000117589	ENSRNOT00000117589	18,17,16,15,14,13,12,11	13:77631446-77634453|13:77654285-77681931
13	83075273	83093855	circular_RNA/1	0	-	83075273	83075273	0,0,0	6	221,204,127,101,88,77	0,8185,9181,14084,17051,18505	1	circRNA	ENSRNOT00000029202	ENSRNOT00000029202	8,7,6,5,4,3	13:83060728-83075273|13:83093855-83106235
13	86527705	86557951	circular_RNA/1	0	+	86527705	86527705	0,0,0	4	148,56,1580,145	0,9741,26415,30101	1	circRNA	ENSRNOT00000102800	ENSRNOT00000102800	3,4,5,6	13:86485594-86527705|13:86557951-86599643
13	86537446	86599731	circular_RNA/2	1	+	86537446	86537446	0,0,0	4	56,1580,145,88	0,16674,20360,62197	2	circRNA	ENSRNOT00000102800	ENSRNOT00000102800	4,5,6,7	13:86527853-86537446|13:86599731-86615781
13	86554120	86557951	circular_RNA/5	0	+	86554120	86554120	0,0,0	2	1580,145	0,3686	5	circRNA	ENSRNOT00000102800	ENSRNOT00000102800	5,6	13:86537502-86554120|13:86557951-86599643
13	88954939	89215907	circular_RNA/1	1	-	88954939	88954939	0,0,0	12	103,88,215,129,123,69,66,132,145,112,126,163	0,11078,17872,34059,41967,79673,81086,104556,107805,119768,142197,260805	1	circRNA	ENSRNOT00000057879	ENSRNOT00000057879	13,12,11,10,9,8,7,6,5,4,3,2	13:88954891-88954939|13:89215907-89225449
13	88988998	89215907	circular_RNA/3	1	-	88988998	88988998	0,0,0	9	129,123,69,66,132,145,112,126,163	0,7908,45614,47027,70497,73746,85709,108138,226746	3	circRNA	ENSRNOT00000057879	ENSRNOT00000057879	10,9,8,7,6,5,4,3,2	13:88973026-88988998|13:89215907-89225449
13	89034612	89215907	circular_RNA/4	1	-	89034612	89034612	0,0,0	7	69,66,132,145,112,126,163	0,1413,24883,28132,40095,62524,181132	4	circRNA	ENSRNOT00000057879	ENSRNOT00000057879	8,7,6,5,4,3,2	13:88997029-89034612|13:89215907-89225449
13	91839450	91853047	circular_RNA/1	1	+	91839450	91839450	0,0,0	6	248,106,125,106,149,92	0,5266,8181,10576,11037,13505	1	circRNA	ENSRNOT00000003837	ENSRNOT00000003837	15,16,17,18,19,20	13:91828147-91839450|13:91853047-91856250
13	92895252	92899384	circular_RNA/1	0	-	92895252	92895252	0,0,0	4	273,58,97,53	0,1408,3894,4079	1	circRNA	ENSRNOT00000004927	ENSRNOT00000004927	6,5,4,3	13:92890526-92895252|13:92899384-92903638
13	96925321	96955068	circular_RNA/1	1	+	96925321	96925321	0,0,0	13	85,60,123,137,208,113,118,360,234,263,52,210,73	0,1073,7137,8380,9410,10493,11268,14469,20011,20528,28215,29135,29674	1	circRNA	ENSRNOT00000085214	ENSRNOT00000085214	11,12,13,14,15,16,17,18,19,20,21,22,23	13:96924051-96925321|13:96955068-96956036
12	6784568	6814865	circular_RNA/1	1	-	6784568	6784568	0,0,0	3	212,99,162	0,7961,30135	1	circRNA	ENSRNOT00000085869	ENSRNOT00000085869	7,6,5	12:6739275-6784568|12:6814865-6909384
12	7495965	7503408	circular_RNA/1	1	-	7495965	7495965	0,0,0	6	102,117,162,58,105,248	0,188,542,3689,4998,7195	1	circRNA	ENSRNOT00000044134	ENSRNOT00000044134	12,11,10,9,8,7	12:7493451-7495965|12:7503408-7535731
12	8739988	8777232	circular_RNA/1	1	-	8739988	8739988	0,0,0	10	159,79,98,73,70,132,58,141,111,76	0,273,963,3513,4613,15922,18072,30117,33495,37168	1	circRNA	ENSRNOT00000092276	ENSRNOT00000092276	11,10,9,8,7,6,5,4,3,2	12:8738445-8739988|12:8777232-8804035
12	22354009	22356072	circular_RNA/2	1	+	22354009	22354009	0,0,0	3	193,38,78	0,869,1985	2	circRNA	ENSRNOT00000085696	ENSRNOT00000085696	25,26,27	12:22353478-22354009|12:22356072-22356584
12	34145832	34154732	circular_RNA/5	0	-	34145832	34145832	0,0,0	3	154,112,120	0,668,8780	5	circRNA	ENSRNOT00000094793	ENSRNOT00000094793	4,3,2	12:34143836-34145832|12:34154732-34155391
15	3719837	3746064	circular_RNA/2	1	+	3719837	3719837	0,0,0	10	150,169,132,378,232,134,168,120,196,1397	0,2478,8369,8634,9240,12935,16986,20823,21880,24830	2	circRNA	ENSRNOT00000029615	ENSRNOT00000029615	12,13,14,15,16,17,18,19,20,21	15:3717102-3719837|15:3746064-3750527
15	16369690	16435242	circular_RNA/1	1	+	16369690	16369690	0,0,0	8	138,137,163,117,123,332,204,62	0,15008,17296,18752,19938,23990,55665,65490	1	circRNA	ENSRNOT00000105455	ENSRNOT00000105455	7,8,9,10,11,12,13,14	15:16344926-16369690|15:16435242-16444160
15	30805125	30816303	circular_RNA/1	1	+	30805125	30805125	0,0,0	6	156,831,97,252,126,89	0,2672,5369,7322,10892,11089	1	circRNA	ENSRNOT00000078051	ENSRNOT00000078051	39,40,41,42,43,44	15:30800828-30805125|15:30816303-30819043
15	31050608	31061382	circular_RNA/2	1	+	31050608	31050608	0,0,0	4	857,283,166,213	0,7491,9608,10561	2	circRNA	ENSRNOT00000011684	ENSRNOT00000011684	3,4,5,6	15:31037075-31050608|15:31061382-31070225
15	31081441	31090952	circular_RNA/1	0	+	31081441	31081441	0,0,0	7	173,26,146,35,130,116,172	0,296,3615,3797,7194,8508,9339	1	circRNA	ENSRNOT00000011684	ENSRNOT00000011684	12,13,14,15,16,17,18	15:31077617-31081441|15:31090952-31093160
15	54869944	54882700	circular_RNA/1	0	-	54869944	54869944	0,0,0	5	167,191,76,47,174	0,7290,10067,10783,12582	1	circRNA	ENSRNOT00000015605	ENSRNOT00000015605	9,8,7,6,5	15:54864603-54869944|15:54882700-54886228
15	74570539	74758572	circular_RNA/1	0	-	74570539	74570539	0,0,0	10	69,144,148,152,135,136,173,156,153,116	0,522,4361,12794,74662,76182,88334,88916,141835,187917	1	circRNA	ENSRNOT00000011926	ENSRNOT00000011926	11,10,9,8,7,6,5,4,3,2	15:74530873-74570539|15:74758572-74908451
15	75949428	75965899	circular_RNA/1	1	+	75949428	75949428	0,0,0	4	166,151,91,103	0,5873,6934,16368	1	circRNA	ENSRNOT00000036350	ENSRNOT00000036350	11,12,13,14	15:75909268-75949428|15:75965899-75984153
15	99709695	99801911	circular_RNA/2	1	+	99709695	99709695	0,0,0	12	132,37,79,103,95,151,144,75,69,76,111,103	0,18611,31572,42970,47947,49663,70843,72041,76224,78207,86313,92113	2	circRNA	ENSRNOT00000099022	ENSRNOT00000099022	7,8,9,10,11,12,13,14,15,16,17,18	15:99674101-99709695|15:99801911-99829408
14	1590361	1602272	circular_RNA/1	1	-	1590361	1590361	0,0,0	4	97,129,107,159	0,1816,6285,11752	1	circRNA	ENSRNOT00000101984	ENSRNOT00000101984	8,7,6,5	14:1586660-1590361|14:1602272-1604767
14	3158140	3161941	circular_RNA/1	1	+	3158140	3158140	0,0,0	2	3020,606	0,3195	1	circRNA	ENSRNOT00000097018	ENSRNOT00000097018	2,3	14:3105616-3158140|14:3161941-3177288
14	23735489	23736153	circular_RNA/3	1	+	23735489	23735489	0,0,0	1	664	0	3	circRNA	ENSRNOT00000067439	ENSRNOT00000067439	3	14:23685331-23735489|14:23736153-23854594
14	58235772	58240598	circular_RNA/1	0	-	58235772	58235772	0,0,0	4	154,132,201,137	0,1714,2340,4689	1	circRNA	ENSRNOT00000005349	ENSRNOT00000005349	5,4,3,2	14:58234355-58235772|14:58240598-58248314
14	65306295	65325295	circular_RNA/1	1	+	65306295	65306295	0,0,0	3	66,80,130	0,17863,18870	1	circRNA	ENSRNOT00000101649	ENSRNOT00000101649	2,3,4	14:65271689-65306295|14:65325295-65357748
14	66529820	66538986	circular_RNA/1	1	+	66529820	66529820	0,0,0	3	173,123,84	0,6606,9082	1	circRNA	ENSRNOT00000058803	ENSRNOT00000058803	3,4,5	14:66398959-66529820|14:66538986-66589784
14	95401729	95409735	circular_RNA/2	1	+	95401729	95401729	0,0,0	4	156,242,79,35	0,1229,5479,7971	2	circRNA	ENSRNOT00000010264	ENSRNOT00000010264	2,3,4,5	14:95378955-95401729|14:95409735-95413115
14	95413115	95434906	circular_RNA/2	0	+	95413115	95413115	0,0,0	7	132,386,127,108,56,97,341	0,2598,14003,15012,17753,20217,21450	2	circRNA	ENSRNOT00000010264	ENSRNOT00000010264	6,7,8,9,10,11,12	14:95409735-95413115|14:95434906-95439898
14	97304129	97385987	circular_RNA/1	1	+	97304129	97304129	0,0,0	27	88,421,51,150,68,193,62,82,93,126,130,131,734,215,116,128,90,96,83,155,114,100,160,127,148,101,210	0,15775,25951,26144,30921,34535,36523,39547,39709,48103,48383,50742,51252,54915,56764,56965,60203,61620,65720,68715,70282,72191,72783,75828,76068,81357,81648	1	circRNA	ENSRNOT00000094041	ENSRNOT00000094041	2,3,4,5,6,7,8,9,10,11,12,13,14,15,16,17,18,19,20,21,22,23,24,25,26,27,28	14:97286099-97304129|14:97385987-97389100
14	97393278	97418539	circular_RNA/2	1	+	97393278	97393278	0,0,0	12	87,201,83,41,125,153,105,56,121,184,161,66	0,8050,10368,14413,14594,16102,17025,19167,19314,21079,21654,25195	2	circRNA	ENSRNOT00000094041	ENSRNOT00000094041	32,33,34,35,36,37,38,39,40,41,42,43	14:97391377-97393278|14:97418539-97421555
14	97426711	97435729	circular_RNA/1	1	+	97426711	97426711	0,0,0	9	173,154,79,54,96,65,76,48,66	0,2970,5305,5830,5990,8425,8577,8745,8952	1	circRNA	ENSRNOT00000094041	ENSRNOT00000094041	48,49,50,51,52,53,54,55,56	14:97422442-97426711|14:97435729-97437869
14	97655270	97665155	circular_RNA/1	1	+	97655270	97655270	0,0,0	5	46,65,86,126,57	0,1559,3686,4592,9828	1	circRNA	ENSRNOT00000083763	ENSRNOT00000083763	8,9,10,11,12	14:97654739-97655270|14:97665155-97666157
17	2505435	2525646	circular_RNA/3	1	+	2505435	2505435	0,0,0	5	124,61,1976,151,113	0,319,1610,9957,20098	3	circRNA	ENSRNOT00000118215	ENSRNOT00000118215	2,3,4,5,6	17:2483149-2505435|17:2525646-2527205
17	5146286	5192799	circular_RNA/1	1	+	5146286	5146286	0,0,0	15	125,68,64,147,132,94,38,209,178,98,117,692,84,87,149	0,3178,4875,5842,8040,12747,18350,21707,23322,30791,34957,38838,44884,46196,46364	1	circRNA	ENSRNOT00000091370	ENSRNOT00000091370	5,6,7,8,9,10,11,12,13,14,15,16,17,18,19	17:5136379-5146286|17:5192799-5204536
17	5177077	5192799	circular_RNA/3	1	+	5177077	5177077	0,0,0	6	98,117,692,84,87,149	0,4166,8047,14093,15405,15573	3	circRNA	ENSRNOT00000091370	ENSRNOT00000091370	14,15,16,17,18,19	17:5169786-5177077|17:5192799-5204536
17	5212193	5227306	circular_RNA/1	1	+	5212193	5212193	0,0,0	4	181,130,132,177	0,948,8538,14936	1	circRNA	ENSRNOT00000091370	ENSRNOT00000091370	23,24,25,26	17:5211300-5212193|17:5227306-5229373
17	6953887	7065132	circular_RNA/1	1	+	6953887	6953887	0,0,0	2	46,115	0,111130	1	circRNA	ENSRNOT00000061187	ENSRNOT00000061187	3,4	17:6946888-6953887|17:7065132-7096251
17	9383237	9400537	circular_RNA/1	0	-	9383237	9383237	0,0,0	3	2551,173,136	0,8352,17164	1	circRNA	ENSRNOT00000060928	ENSRNOT00000060928	5,4,3	17:9368814-9383237|17:9400537-9422382
17	15572283	15583626	circular_RNA/1	1	+	15572283	15572283	0,0,0	10	156,192,540,294,50,169,117,171,46,120	0,540,1877,5757,6511,7352,7589,10340,10624,11223	1	circRNA	ENSRNOT00000109017	ENSRNOT00000109017	9,10,11,12,13,14,15,16,17,18	17:15569288-15572283|17:15583626-15589551
17	15702749	15721225	circular_RNA/1	0	+	15702749	15702749	0,0,0	4	247,83,129,97	0,4083,16809,18379	1	circRNA	ENSRNOT00000060568	ENSRNOT00000060568	2,3,4,5	17:15684742-15702749|17:15721225-15731523
17	22606348	22708251	circular_RNA/1	0	-	22606348	22606348	0,0,0	6	102,176,134,5936,54,140	0,3255,4143,7276,34012,101763	1	circRNA	ENSRNOT00000019389	ENSRNOT00000019389	7,6,5,4,3,2	17:22588928-22606348|17:22708251-22711670
17	40201803	40212719	circular_RNA/1	1	-	40201803	40201803	0,0,0	6	93,88,98,99,190,776	0,2308,3428,5049,9418,10140	1	circRNA	ENSRNOT00000024536	ENSRNOT00000024536	8,7,6,5,4,3	17:40199831-40201803|17:40212719-40214905
17	47280526	47290019	circular_RNA/1	1	+	47280526	47280526	0,0,0	4	657,171,140,171	0,6191,7700,9322	1	circRNA	ENSRNOT00000018431	ENSRNOT00000018431	2,3,4,5	17:47252582-47280526|17:47290019-47306814
17	80144978	80207899	circular_RNA/1	1	-	80144978	80144978	0,0,0	19	105,93,93,93,50,97,105,111,111,111,111,111,108,105,105,114,57,183,111	0,1250,2747,4265,8033,11035,13021,15086,15311,19099,22577,26142,31147,34002,38792,43761,53548,53638,62810	1	circRNA	ENSRNOT00000068553	ENSRNOT00000068553	23,22,21,20,19,18,17,16,15,14,13,12,11,10,9,8,7,6,5	17:80144110-80144978|17:80207899-80214105
17	81005157	81026139	circular_RNA/1	1	-	81005157	81005157	0,0,0	5	164,91,94,98,166	0,9098,18620,19557,20816	1	circRNA	ENSRNOT00000000162	ENSRNOT00000000162	8,7,6,5,4	17:80978217-81005157|17:81026139-81032833
16	1712337	1726749	circular_RNA/1	0	-	1712337	1712337	0,0,0	10	51,51,169,138,141,72,96,63,37,73	0,468,607,3375,4599,5920,6297,9083,11003,14339	1	circRNA	ENSRNOT00000113231	ENSRNOT00000113231	13,12,11,10,9,8,7,6,5,4	16:1706858-1712337|16:1726749-1734056
16	1847796	1873331	circular_RNA/1	0	+	1847796	1847796	0,0,0	14	39,43,113,81,106,80,54,56,123,96,95,66,65,90	0,136,8470,9299,11854,13234,14378,15383,16648,17099,20831,23827,24143,25445	1	circRNA	ENSRNOT00000016233	ENSRNOT00000016233	2,3,4,5,6,7,8,9,10,11,12,13,14,15	16:1837334-1847796|16:1873331-1880466
16	2616142	2619942	circular_RNA/2	1	+	2616142	2616142	0,0,0	5	146,93,73,92,162	0,1475,2587,3037,3638	2	circRNA	ENSRNOT00000104649	ENSRNOT00000104649	2,3,4,5,6	16:2607407-2616142|16:2619942-2623451
16	3218629	3344031	circular_RNA/3	0	+	3218629	3218629	0,0,0	6	138,141,141,194,136,161	0,8272,11336,26020,66246,125241	3	circRNA	ENSRNOT00000081999	ENSRNOT00000081999	7,8,9,10,11,12	16:3173983-3218629|16:3344031-3466186
16	6548891	6573492	circular_RNA/2	1	+	6548891	6548891	0,0,0	12	109,158,68,201,87,127,86,94,147,107,121,145	0,3980,4977,7156,10067,12700,14403,15831,19208,20097,20973,24456	2	circRNA	ENSRNOT00000026323	ENSRNOT00000026323	2,3,4,5,6,7,8,9,10,11,12,13	16:6545985-6548891|16:6573492-6574330
16	23313827	23344135	circular_RNA/2	1	-	23313827	23313827	0,0,0	2	181,80	0,30228	2	circRNA	ENSRNOT00000032289	ENSRNOT00000032289	4,3	16:23272744-23313827|16:23344135-23449971
16	29041323	29102640	circular_RNA/1	0	-	29041323	29041323	0,0,0	17	129,96,78,84,103,164,75,48,60,60,152,61,201,55,87,68,84	0,5875,6675,7106,22291,30883,36292,36508,36638,37303,44985,47600,52835,56898,57897,58104,61233	1	circRNA	ENSRNOT00000043100	ENSRNOT00000043100	21,20,19,18,17,16,15,14,13,12,11,10,9,8,7,6,5	16:29038625-29041323|16:29102640-29106736
16	43783409	43831950	circular_RNA/1	1	+	43783409	43783409	0,0,0	3	235,239,123	0,23822,48418	1	circRNA	ENSRNOT00000094358	ENSRNOT00000094358	13,14,15	16:43558081-43783409|16:43831950-43850033
16	46088983	46116822	circular_RNA/2	0	-	46088983	46088983	0,0,0	4	107,151,269,1097	0,1020,15007,26742	2	circRNA	ENSRNOT00000045721	ENSRNOT00000045721	5,4,3,2	16:46086398-46088983|16:46116822-46124292
16	51668615	51701990	circular_RNA/2	1	+	51668615	51668615	0,0,0	6	123,163,158,129,135,133	0,1834,11392,22259,27687,33242	2	circRNA	ENSRNOT00000105685	ENSRNOT00000105685	2,3,4,5,6,7	16:51641376-51668615|16:51701990-51719019
16	51668615	51680165	circular_RNA/1	0	+	51668615	51668615	0,0,0	3	123,163,158	0,1834,11392	1	circRNA	ENSRNOT00000105685	ENSRNOT00000105685	2,3,4	16:51641376-51668615|16:51680165-51690874
16	66431063	66431803	circular_RNA/2	1	-	66431063	66431063	0,0,0	1	740	0	2	circRNA	ENSRNOT00000113020	ENSRNOT00000113020	2	16:66422473-66431063|16:66431803-66464267
19	15907311	15918612	circular_RNA/1	0	-	15907311	15907311	0,0,0	6	187,65,161,129,65,201	0,1343,1513,3648,8063,11100	1	circRNA	ENSRNOT00000017361	ENSRNOT00000017361	8,7,6,5,4,3	19:15904371-15907311|19:15918612-15920538
19	16005231	16014896	circular_RNA/1	0	-	16005231	16005231	0,0,0	5	177,244,122,138,87	0,3538,6910,8634,9578	1	circRNA	ENSRNOT00000075991	ENSRNOT00000075991	13,12,11,10,9	19:16003013-16005231|19:16014896-16020210
19	16067050	16068663	circular_RNA/4	1	-	16067050	16067050	0,0,0	1	1613	0	4	circRNA	ENSRNOT00000075991	ENSRNOT00000075991	2	19:16041540-16067050|19:16068663-16092059
19	18906890	18908670	circular_RNA/1	0	-	18906890	18906890	0,0,0	4	137,83,158,91	0,1132,1412,1689	1	circRNA	ENSRNOT00000020793	ENSRNOT00000020793	11,10,9,8	19:18903043-18906890|19:18908670-18915395
19	20250588	20252273	circular_RNA/1	0	+	20250588	20250588	0,0,0	1	1685	0	1	circRNA	ENSRNOT00000049285	ENSRNOT00000049285	2	19:20223251-20250588|19:20252273-20261538
19	28852628	28853666	circular_RNA/1	0	-	28852628	28852628	0,0,0	1	1038	0	1	circRNA	ENSRNOT00000103444	ENSRNOT00000103444	2	19:28843686-28852628|19:28853666-28886726
18	1148436	1166425	circular_RNA/1	0	-	1148436	1148436	0,0,0	7	247,92,136,49,89,61,160	0,335,2054,7427,11434,14614,17829	1	circRNA	ENSRNOT00000061777	ENSRNOT00000061777	14,13,12,11,10,9,8	18:1143840-1148436|18:1166425-1182904
18	4941788	4945144	circular_RNA/2	0	-	4941788	4941788	0,0,0	1	3356	0	2	circRNA	ENSRNOT00000022637	ENSRNOT00000022637	4	18:4913807-4941788|18:4945144-5037753
18	27274742	27292681	circular_RNA/1	0	-	27274742	27274742	0,0,0	5	173,110,107,186,146	0,1220,2279,5315,17793	1	circRNA	ENSRNOT00000097174	ENSRNOT00000097174	8,7,6,5,4	18:27269565-27274742|18:27292681-27296042
18	34322506	34328199	circular_RNA/1	0	+	34322506	34322506	0,0,0	5	120,75,165,105,189	0,1265,1459,5292,5504	1	circRNA	ENSRNOT00000036613	ENSRNOT00000036613	15,16,17,18,19	18:34320889-34322506|18:34328199-34331661
18	57373393	57397903	circular_RNA/1	1	+	57373393	57373393	0,0,0	5	187,118,150,83,100	0,13749,15857,16511,24410	1	circRNA	ENSRNOT00000105714	ENSRNOT00000105714	21,22,23,24,25	18:57336021-57373393|18:57397903-57439592
18	64910446	64954639	circular_RNA/1	1	-	64910446	64910446	0,0,0	6	213,156,117,227,163,66	0,6637,21971,27042,37360,44127	1	circRNA	ENSRNOT00000064947	ENSRNOT00000064947	27,26,25,24,23,22	18:64877401-64910446|18:64954639-64973601
18	67251065	67274438	circular_RNA/1	0	-	67251065	67251065	0,0,0	9	169,184,51,117,120,213,30,175,377	0,835,8124,9446,9654,13496,20504,21141,22996	1	circRNA	ENSRNOT00000082484	ENSRNOT00000082484	9,8,7,6,5,4,3,2,1	18:67246616-67251065|None
18	68689688	68736953	circular_RNA/3	1	+	68689688	68689688	0,0,0	6	126,143,179,126,114,95	0,2253,39359,43392,45749,47170	3	circRNA	ENSRNOT00000110740	ENSRNOT00000110740	7,8,9,10,11,12	18:68674364-68689688|18:68736953-68808771
18	68723701	68736953	circular_RNA/1	1	+	68723701	68723701	0,0,0	5	180,179,126,114,95	0,5346,9379,11736,13157	1	circRNA	ENSRNOT00000066336	ENSRNOT00000066336	9,10,11,12,13	18:68692084-68723701|18:68736953-68808771
18	68729047	68736953	circular_RNA/1	1	+	68729047	68729047	0,0,0	4	179,126,114,95	0,4033,6390,7811	1	circRNA	ENSRNOT00000110740	ENSRNOT00000110740	9,10,11,12	18:68692084-68729047|18:68736953-68808771
18	83732880	83758628	circular_RNA/1	0	+	83732880	83732880	0,0,0	12	55,40,124,46,81,100,78,67,99,58,54,130	0,3027,5000,6570,7870,10482,11232,13696,17063,18969,19201,25618	1	circRNA	ENSRNOT00000096077	ENSRNOT00000096077	2,3,4,5,6,7,8,9,10,11,12,13	18:83732009-83732880|18:83758628-83759940
