X	9634710	9651173	circular_RNA/1	1	-	9634710	9634710	0,0,0	6	212,96,343,88,149,137	0,749,2096,3836,14573,16326	1	circRNA	ENSRNOT00000080651	ENSRNOT00000080651	18,17,16,15,14,13	X:9632250-9634710|X:9651173-9651906
X	20191146	20191798	circular_RNA/1	1	+	20191146	20191146	0,0,0	1	652	0	1	circRNA	ENSRNOT00000082177	ENSRNOT00000082177	2	X:20157186-20191146|X:20191798-20202836
X	20412520	20448771	circular_RNA/2	1	+	20412520	20412520	0,0,0	7	100,77,278,274,172,250,115	0,907,1453,2375,3553,16722,36136	2	circRNA	ENSRNOT00000110121	ENSRNOT00000110121	5,6,7,8,9,10,11	X:20380207-20412520|X:20448771-20468067
X	24984223	25003876	circular_RNA/1	0	-	24984223	24984223	0,0,0	6	180,149,151,56,196,257	0,7627,8790,12205,17594,19396	1	circRNA	ENSRNOT00000111745	ENSRNOT00000111745	9,8,7,6,5,4	X:24968748-24984223|X:25003876-25014732
X	37027095	37082153	circular_RNA/1	0	+	37027095	37027095	0,0,0	7	60,69,147,134,212,90,215	0,4846,20095,30097,33407,53292,54843	1	circRNA	ENSRNOT00000009802	ENSRNOT00000009802	7,8,9,10,11,12,13	X:37022200-37027095|X:37082153-37104373
X	37047190	37060714	circular_RNA/1	1	+	37047190	37047190	0,0,0	3	147,134,212	0,10002,13312	1	circRNA	ENSRNOT00000009802	ENSRNOT00000009802	9,10,11	X:37032010-37047190|X:37060714-37080387
X	65863550	65908694	circular_RNA/1	1	+	65863550	65863550	0,0,0	19	54,51,125,170,137,145,160,157,103,115,177,76,46,42,51,102,173,110,92	0,307,754,1073,1527,1966,2760,4488,5101,24932,35860,36534,39286,40979,42220,42902,43592,44643,45052	1	circRNA	ENSRNOT00000003741	ENSRNOT00000003741	2,3,4,5,6,7,8,9,10,11,12,13,14,15,16,17,18,19,20	X:65860648-65863550|X:65908694-65909695
X	92629501	92650205	circular_RNA/1	1	+	92629501	92629501	0,0,0	7	119,117,119,65,105,294,115	0,6284,9171,10639,13763,19515,20589	1	circRNA	ENSRNOT00000082451	ENSRNOT00000082451	11,12,13,14,15,16,17	X:92623833-92629501|X:92650205-92738056
X	98819431	98819502	circular_RNA/1	1	+	98819431	98819431	0,0,0	1	71	0	1	circRNA	ENSRNOT00000111785	ENSRNOT00000111785	5	X:98819285-98819431|X:98819502-98819663
X	100352616	100368770	circular_RNA/1	1	-	100352616	100352616	0,0,0	6	69,90,163,54,80,150	0,947,11753,12451,13864,16004	1	circRNA	ENSRNOT00000100706	ENSRNOT00000100706	7,6,5,4,3,2	X:100330275-100352616|X:100368770-100377806
X	116340232	116342891	circular_RNA/2	0	-	116340232	116340232	0,0,0	2	161,183	0,2476	2	circRNA	ENSRNOT00000032618	ENSRNOT00000032618	8,7	X:116339413-116340232|X:116342891-116343295
X	127752451	127765663	circular_RNA/1	0	-	127752451	127752451	0,0,0	4	106,134,66,159	0,4744,5417,13053	1	circRNA	ENSRNOT00000044435	ENSRNOT00000044435	6,5,4,3	X:127745060-127752451|X:127765663-127774629
X	148105756	148106617	circular_RNA/1	0	+	148105756	148105756	0,0,0	1	861	0	1	circRNA	ENSRNOT00000087990	ENSRNOT00000087990	3	X:148094910-148105756|X:148106617-148243251
20	21351755	21367060	circular_RNA/1	0	-	21351755	21351755	0,0,0	6	128,90,153,215,202,2174	0,672,5775,6867,8944,13131	1	circRNA	ENSRNOT00000109730	ENSRNOT00000109730	13,12,11,10,9,8	20:21351460-21351755|20:21367060-21367421
20	25620847	25624726	circular_RNA/2	1	+	25620847	25620847	0,0,0	6	135,87,116,136,96,93	0,1903,2298,3094,3502,3786	2	circRNA	ENSRNOT00000105550	ENSRNOT00000105550	2,3,4,5,6,7	20:25617231-25620847|20:25624726-25624813
20	25805851	25812069	circular_RNA/1	1	+	25805851	25805851	0,0,0	3	2212,91,94	0,5513,6124	1	circRNA	ENSRNOT00000000302	ENSRNOT00000000302	3,4,5	20:25783467-25805851|20:25812069-25822312
20	30827016	30850382	circular_RNA/1	1	+	30827016	30827016	0,0,0	7	134,102,100,95,132,89,100	0,1635,1851,5640,8269,10241,23266	1	circRNA	ENSRNOT00000046268	ENSRNOT00000046268	2,3,4,5,6,7,8	20:30823096-30827016|20:30850382-30870855
20	43244023	43254082	circular_RNA/1	1	+	43244023	43244023	0,0,0	4	193,112,116,119	0,2162,3842,9940	1	circRNA	ENSRNOT00000057227	ENSRNOT00000057227	17,18,19,20	20:43238961-43244023|20:43254082-43256326
1	14761970	14768350	circular_RNA/1	1	+	14761970	14761970	0,0,0	4	194,169,107,171	0,1779,3413,6209	1	circRNA	ENSRNOT00000051496	ENSRNOT00000051496	4,5,6,7	1:14757847-14761970|1:14768350-14788025
1	15097994	15104069	circular_RNA/1	1	+	15097994	15097994	0,0,0	5	114,912,666,170,106	0,937,3032,3837,5969	1	circRNA	ENSRNOT00000094509	ENSRNOT00000094509	3,4,5,6,7	1:15094585-15097994|1:15104069-15105267
1	26079312	26093015	circular_RNA/1	1	+	26079312	26079312	0,0,0	2	234,165	0,13538	1	circRNA	ENSRNOT00000017831	ENSRNOT00000017831	2,3	1:26017089-26079312|1:26093015-26103932
1	26953198	26999698	circular_RNA/1	1	+	26953198	26953198	0,0,0	7	108,114,126,185,1043,169,148	0,2446,3527,5002,7390,9333,46352	1	circRNA	ENSRNOT00000018849	ENSRNOT00000018849	5,6,7,8,9,10,11	1:26950605-26953198|1:26999698-27007466
1	46708966	46758611	circular_RNA/1	1	+	46708966	46708966	0,0,0	3	2020,129,162	0,42112,49483	1	circRNA	ENSRNOT00000024412	ENSRNOT00000024412	3,4,5	1:46683588-46708966|1:46758611-46773765
1	88266377	88301215	circular_RNA/1	1	+	88266377	88266377	0,0,0	23	157,155,60,54,66,77,122,79,133,93,128,83,116,93,198,60,120,198,120,162,124,79,73	0,1277,2298,2441,2577,2930,4286,5478,6684,11263,13044,13614,14406,15398,17927,20050,20227,27004,28280,30872,32835,34494,34765	1	circRNA	ENSRNOT00000077993	ENSRNOT00000077993	4,5,6,7,8,9,10,11,12,13,14,15,16,17,18,19,20,21,22,23,24,25,26	1:88265325-88266377|1:88301215-88302402
1	110467521	110477824	circular_RNA/1	1	-	110467521	110467521	0,0,0	2	96,147	0,10156	1	circRNA	ENSRNOT00000111921	ENSRNOT00000111921	3,2	1:110465132-110467521|1:110477824-110480299
1	116771955	116782547	circular_RNA/1	1	-	116771955	116771955	0,0,0	2	110,45	0,10547	1	circRNA	ENSRNOT00000100474	ENSRNOT00000100474	3,2	1:116728498-116771955|1:116782547-116786039
1	117280692	117282048	circular_RNA/1	1	+	117280692	117280692	0,0,0	2	94,155	0,1201	1	circRNA	ENSRNOT00000021068	ENSRNOT00000021068	3,4	1:117246617-117280692|1:117282048-117315157
1	118891711	118898986	circular_RNA/1	1	-	118891711	118891711	0,0,0	6	148,169,104,277,103,125	0,463,1015,4268,6201,7150	1	circRNA	ENSRNOT00000014988	ENSRNOT00000014988	7,6,5,4,3,2	1:118884800-118891711|1:118898986-118899102
1	146699563	146719499	circular_RNA/4	1	-	146699563	146699563	0,0,0	15	36,93,156,184,106,120,100,976,538,91,181,1118,195,189,126	0,475,981,1950,3177,3692,8001,11466,12481,13986,14174,15136,17560,18059,19810	4	circRNA	ENSRNOT00000094339	ENSRNOT00000094339	16,15,14,13,12,11,10,9,8,7,6,5,4,3,2	1:146698347-146699563|1:146719499-146723053
1	153279716	153405932	circular_RNA/1	0	-	153279716	153279716	0,0,0	10	166,61,88,85,127,106,83,75,162,35	0,8084,9692,11900,26032,37772,86156,106743,115935,126181	1	circRNA	ENSRNOT00000022176	ENSRNOT00000022176	12,11,10,9,8,7,6,5,4,3	1:153242401-153279716|1:153405932-153416241
1	153305748	153405932	circular_RNA/1	0	-	153305748	153305748	0,0,0	6	127,106,83,75,162,35	0,11740,60124,80711,89903,100149	1	circRNA	ENSRNOT00000022176	ENSRNOT00000022176	8,7,6,5,4,3	1:153291701-153305748|1:153405932-153416241
1	155142248	155187683	circular_RNA/1	0	+	155142248	155142248	0,0,0	3	88,81,126	0,34486,45309	1	circRNA	ENSRNOT00000095174	ENSRNOT00000095174	2,3,4	1:155057563-155142248|1:155187683-155197113
1	156516456	156559107	circular_RNA/1	1	-	156516456	156516456	0,0,0	14	230,430,154,183,165,178,139,114,299,117,188,134,141,93	0,1825,5343,6052,12509,14511,15872,16628,17303,20695,26461,29979,35724,42558	1	circRNA	ENSRNOT00000027575	ENSRNOT00000027575	24,23,22,21,20,19,18,17,16,15,14,13,12,11	1:156507391-156516456|1:156559107-156563288
1	161589466	161616382	circular_RNA/1	1	+	161589466	161589466	0,0,0	5	93,114,132,183,93	0,4120,15648,23742,26823	1	circRNA	ENSRNOT00000088110	ENSRNOT00000088110	4,5,6,7,8	1:161560573-161589466|1:161616382-161623729
1	182097251	182099578	circular_RNA/1	1	+	182097251	182097251	0,0,0	6	302,203,45,96,69,30	0,496,817,1058,1383,2297	1	circRNA	ENSRNOT00000055003	ENSRNOT00000055003	7,8,9,10,11,12	1:182095941-182097251|1:182099578-182099914
1	187741934	187742785	circular_RNA/1	1	+	187741934	187741934	0,0,0	1	851	0	1	circRNA	ENSRNOT00000023257	ENSRNOT00000023257	4	1:187740431-187741934|1:187742785-187761031
1	220799322	220830792	circular_RNA/1	1	-	220799322	220799322	0,0,0	9	133,95,155,256,72,162,141,135,163	0,1765,15394,16848,22626,25345,27166,29063,31307	1	circRNA	ENSRNOT00000067796	ENSRNOT00000067796	12,11,10,9,8,7,6,5,4	1:220797025-220799322|1:220830792-220832025
1	220801087	220816426	circular_RNA/1	0	-	220801087	220801087	0,0,0	3	95,155,256	0,13629,15083	1	circRNA	ENSRNOT00000067796	ENSRNOT00000067796	11,10,9	1:220799455-220801087|1:220816426-220821948
1	227535668	227537086	circular_RNA/1	1	-	227535668	227535668	0,0,0	1	1418	0	1	circRNA	ENSRNOT00000039428	ENSRNOT00000039428	3	1:227522829-227535668|1:227537086-227551776
1	227535668	227551977	circular_RNA/1	1	-	227535668	227535668	0,0,0	2	1418,201	0,16108	1	circRNA	ENSRNOT00000039428	ENSRNOT00000039428	3,2	1:227522829-227535668|1:227551977-227569270
1	234697031	234721959	circular_RNA/2	1	+	234697031	234697031	0,0,0	13	141,125,121,150,143,175,204,427,191,154,110,202,149	0,841,4025,12216,12756,13386,15164,17769,19558,21217,21754,22842,24779	2	circRNA	ENSRNOT00000111452	ENSRNOT00000111452	12,13,14,15,16,17,18,19,20,21,22,23,24	1:234693487-234697031|1:234721959-234723781
1	239168728	239222297	circular_RNA/1	0	-	239168728	239168728	0,0,0	11	115,130,48,64,173,30,142,113,129,69,54	0,2428,2662,13692,15916,20983,24644,34381,44572,49735,53515	1	circRNA	ENSRNOT00000021229	ENSRNOT00000021229	12,11,10,9,8,7,6,5,4,3,2	1:239155044-239168728|1:239222297-239234992
1	240059808	240075097	circular_RNA/1	0	-	240059808	240059808	0,0,0	5	132,78,161,123,196	0,5460,6657,7884,15093	1	circRNA	ENSRNOT00000018043	ENSRNOT00000018043	6,5,4,3,2	1:240058157-240059808|1:240075097-240084156
1	243786004	243801845	circular_RNA/1	0	+	243786004	243786004	0,0,0	8	44,734,55,968,19,71,123,168	0,683,3883,8329,9795,10289,14777,15673	1	circRNA	ENSRNOT00000082412	ENSRNOT00000082412	2,3,4,5,6,7,8,9	1:243783149-243786004|1:243801845-243804330
1	244360101	244363874	circular_RNA/1	1	+	244360101	244360101	0,0,0	4	250,119,111,79	0,1512,3062,3694	1	circRNA	ENSRNOT00000105391	ENSRNOT00000105391	10,11,12,13	1:244358445-244360101|1:244363874-244373616
1	249110088	249328792	circular_RNA/1	1	-	249110088	249110088	0,0,0	21	132,113,124,134,187,172,114,131,118,108,92,77,103,147,180,90,119,65,74,159,100	0,1020,6633,8168,16364,37356,50267,53276,54885,56595,58820,60873,61213,76964,88829,95370,97637,123809,148323,168981,218604	1	circRNA	ENSRNOT00000099121	ENSRNOT00000099121	23,22,21,20,19,18,17,16,15,14,13,12,11,10,9,8,7,6,5,4,3	1:249103469-249110088|1:249328792-249414032
1	256790684	256842267	circular_RNA/1	1	+	256790684	256790684	0,0,0	6	94,53,95,79,158,62	0,8238,19275,21148,22672,51521	1	circRNA	ENSRNOT00000023414	ENSRNOT00000023414	20,21,22,23,24,25	1:256773648-256790684|1:256842267-256860031
1	256790684	256860110	circular_RNA/1	1	+	256790684	256790684	0,0,0	7	94,53,95,79,158,62,79	0,8238,19275,21148,22672,51521,69347	1	circRNA	ENSRNOT00000023414	ENSRNOT00000023414	20,21,22,23,24,25,26	1:256773648-256790684|1:256860110-257012656
3	15305873	15320035	circular_RNA/1	1	+	15305873	15305873	0,0,0	6	76,79,88,59,1755,71	0,1148,4796,7480,9383,14091	1	circRNA	ENSRNOT00000037164	ENSRNOT00000037164	25,26,27,28,29,30	3:15298793-15305873|3:15320035-15327576
3	17108584	17179768	circular_RNA/1	1	-	17108584	17108584	0,0,0	6	95,123,130,97,108,123	0,22832,25889,32166,37947,71061	1	circRNA	ENSRNOT00000023172	ENSRNOT00000023172	7,6,5,4,3,2	3:17059383-17108584|3:17179768-17193126
3	17741316	17753437	circular_RNA/8	1	+	17741316	17741316	0,0,0	3	328,90,149	0,2878,11972	8	circRNA	ENSRNOT00000023889	ENSRNOT00000023889	2,3,4	3:17716250-17741316|3:17753437-17802412
3	17741316	17802585	circular_RNA/4	0	+	17741316	17741316	0,0,0	4	328,90,149,173	0,2878,11972,61096	4	circRNA	ENSRNOT00000023889	ENSRNOT00000023889	2,3,4,5	3:17716250-17741316|3:17802585-17818689
3	25195878	25301810	circular_RNA/1	0	-	25195878	25195878	0,0,0	8	132,126,141,150,95,175,228,132	0,1340,5966,58141,86357,87205,103445,105800	1	circRNA	ENSRNOT00000044209	ENSRNOT00000044209	35,34,33,32,31,30,29,28	3:25138068-25195878|3:25301810-25311388
3	47467758	47497310	circular_RNA/1	1	-	47467758	47467758	0,0,0	4	215,21,429,156	0,8601,13183,29396	1	circRNA	ENSRNOT00000095298	ENSRNOT00000095298	5,4,3,2	3:47425555-47467758|3:47497310-47497808
3	53010069	53120229	circular_RNA/1	1	-	53010069	53010069	0,0,0	13	68,63,30,123,66,49,134,102,110,56,142,109,113	0,1928,7219,7342,53844,54026,60879,63121,63551,91073,92244,98214,110047	1	circRNA	ENSRNOT00000087122	ENSRNOT00000087122	14,13,12,11,10,9,8,7,6,5,4,3,2	3:52968249-53010069|3:53120229-53146924
3	53010069	53108392	circular_RNA/1	0	-	53010069	53010069	0,0,0	12	68,63,30,123,66,49,134,102,110,56,142,109	0,1928,7219,7342,53844,54026,60879,63121,63551,91073,92244,98214	1	circRNA	ENSRNOT00000037133	ENSRNOT00000037133	14,13,12,11,10,9,8,7,6,5,4,3	3:52968249-53010069|3:53108392-53120116
3	54622382	54625276	circular_RNA/1	1	+	54622382	54622382	0,0,0	5	101,72,40,141,196	0,1134,1502,2063,2698	1	circRNA	ENSRNOT00000011174	ENSRNOT00000011174	6,7,8,9,10	3:54622308-54622382|3:54625276-54625374
3	57821406	57847776	circular_RNA/2	0	-	57821406	57821406	0,0,0	2	193,1360	0,25010	2	circRNA	ENSRNOT00000103163	ENSRNOT00000103163	5,4	3:57816188-57821406|3:57847776-57854981
3	80296243	80342833	circular_RNA/2	1	-	80296243	80296243	0,0,0	13	160,121,154,260,171,187,225,78,166,116,147,113,161	0,3007,6873,9340,19491,34375,37080,37437,38865,39187,41231,43964,46429	2	circRNA	ENSRNOT00000014088	ENSRNOT00000014088	21,20,19,18,17,16,15,14,13,12,11,10,9	3:80294918-80296243|3:80342833-80345618
3	106686729	106704963	circular_RNA/1	1	+	106686729	106686729	0,0,0	6	148,208,115,112,136,178	0,3480,7443,8244,17164,18056	1	circRNA	ENSRNOT00000105159	ENSRNOT00000105159	3,4,5,6,7,8	3:106677108-106686729|3:106704963-106708697
3	108862990	108863836	circular_RNA/1	1	+	108862990	108862990	0,0,0	2	142,81	0,765	1	circRNA	ENSRNOT00000112915	ENSRNOT00000112915	5,6	3:108859562-108862990|3:108863836-108869027
3	115918910	115923776	circular_RNA/1	1	-	115918910	115918910	0,0,0	6	221,146,74,83,101,52	0,414,2642,3911,4520,4814	1	circRNA	ENSRNOT00000099712	ENSRNOT00000099712	9,8,7,6,5,4	3:115917332-115918910|3:115923776-115927115
3	154454873	154475000	circular_RNA/1	1	+	154454873	154454873	0,0,0	4	68,175,143,84	0,3274,12657,20043	1	circRNA	ENSRNOT00000030119	ENSRNOT00000030119	6,7,8,9	3:154425875-154454873|3:154475000-154498156
3	154793546	154807063	circular_RNA/1	1	+	154793546	154793546	0,0,0	15	105,173,101,175,186,99,141,148,377,869,130,195,294,127,172	0,286,924,2633,3867,4166,4962,5347,6884,7380,9487,11256,11766,12276,13345	1	circRNA	ENSRNOT00000007768	ENSRNOT00000007768	3,4,5,6,7,8,9,10,11,12,13,14,15,16,17	3:154780853-154793546|3:154807063-154813723
3	156176461	156193098	circular_RNA/1	1	+	156176461	156176461	0,0,0	7	144,139,94,117,83,112,221	0,3001,5349,10931,13080,14260,16416	1	circRNA	ENSRNOT00000012175	ENSRNOT00000012175	7,8,9,10,11,12,13	3:156172434-156176461|3:156193098-156194948
3	159167795	159178221	circular_RNA/1	1	-	159167795	159167795	0,0,0	4	213,135,45,156	0,6287,9642,10270	1	circRNA	ENSRNOT00000115872	ENSRNOT00000115872	8,7,6,5	3:159159933-159167795|3:159178221-159196635
2	6481150	6511618	circular_RNA/1	1	+	6481150	6481150	0,0,0	4	171,131,187,94	0,12003,25423,30374	1	circRNA	ENSRNOT00000017828	ENSRNOT00000017828	6,7,8,9	2:6452564-6481150|2:6511618-6527943
2	6481150	6532799	circular_RNA/1	1	+	6481150	6481150	0,0,0	9	171,131,187,94,103,103,102,75,120	0,12003,25423,30374,46793,48597,49027,49595,51529	1	circRNA	ENSRNOT00000017828	ENSRNOT00000017828	6,7,8,9,10,11,12,13,14	2:6452564-6481150|2:6532799-6619757
2	6511524	6649608	circular_RNA/1	1	+	6511524	6511524	0,0,0	8	94,103,103,102,75,120,120,54	0,16419,18223,18653,19221,21155,108233,138030	1	circRNA	ENSRNOT00000017828	ENSRNOT00000017828	9,10,11,12,13,14,15,16	2:6506760-6511524|2:6649608-6753029
2	22740676	22765918	circular_RNA/1	0	+	22740676	22740676	0,0,0	3	73,62,85	0,12727,25157	1	circRNA	ENSRNOT00000109181	ENSRNOT00000109181	2,3,4	2:22651418-22740676|2:22765918-22857323
2	24583887	24598599	circular_RNA/5	1	+	24583887	24583887	0,0,0	4	157,132,93,140	0,4702,7334,14572	5	circRNA	ENSRNOT00000104734	ENSRNOT00000104734	2,3,4,5	2:24544298-24583887|2:24598599-24608968
2	30158659	30172427	circular_RNA/1	1	-	30158659	30158659	0,0,0	4	153,142,75,92	0,238,6821,13676	1	circRNA	ENSRNOT00000100868	ENSRNOT00000100868	5,4,3,2	2:30147744-30158659|2:30172427-30181058
2	61932800	61958446	circular_RNA/1	1	+	61932800	61932800	0,0,0	10	108,139,61,60,100,103,71,45,158,106	0,542,1203,11317,12753,15686,17610,22785,24219,25540	1	circRNA	ENSRNOT00000048026	ENSRNOT00000048026	20,21,22,23,24,25,26,27,28,29	2:61927919-61932800|2:61958446-61967461
2	98369902	98371501	circular_RNA/1	1	+	98369902	98369902	0,0,0	1	1599	0	1	circRNA	ENSRNOT00000100939	ENSRNOT00000100939	4	2:98357033-98369902|2:98371501-98381487
2	112431810	112455277	circular_RNA/1	0	+	112431810	112431810	0,0,0	7	159,99,244,875,48,154,251	0,2233,8337,13527,14681,18839,23216	1	circRNA	ENSRNOT00000089477	ENSRNOT00000089477	5,6,7,8,9,10,11	2:112420737-112431810|2:112455277-112462248
2	124647887	124728209	circular_RNA/1	1	-	124647887	124647887	0,0,0	13	197,193,146,75,72,99,178,92,91,71,66,123,136	0,6453,11770,14338,17605,22533,27673,43411,47250,63867,69402,71162,80186	1	circRNA	ENSRNOT00000100161	ENSRNOT00000100161	18,17,16,15,14,13,12,11,10,9,8,7,6	2:124641232-124647887|2:124728209-124734346
2	124647887	124719172	circular_RNA/1	1	-	124647887	124647887	0,0,0	12	197,193,146,75,72,99,178,92,91,71,66,123	0,6453,11770,14338,17605,22533,27673,43411,47250,63867,69402,71162	1	circRNA	ENSRNOT00000100161	ENSRNOT00000100161	18,17,16,15,14,13,12,11,10,9,8,7	2:124641232-124647887|2:124719172-124728073
2	135503239	135508144	circular_RNA/2	1	+	135503239	135503239	0,0,0	4	129,46,81,194	0,1297,1430,4711	2	circRNA	ENSRNOT00000120176	ENSRNOT00000120176	13,14,15,16	2:135502142-135503239|2:135508144-135510681
2	135884761	135886354	circular_RNA/1	0	-	135884761	135884761	0,0,0	1	1593	0	1	circRNA	ENSRNOT00000097389	ENSRNOT00000097389	2	2:135730995-135884761|2:135886354-136136510
2	140241464	140252257	circular_RNA/1	0	-	140241464	140241464	0,0,0	7	147,120,127,122,96,101,232	0,2182,4918,5850,6646,6979,10561	1	circRNA	ENSRNOT00000106419	ENSRNOT00000106419	8,7,6,5,4,3,2	2:140226091-140241464|2:140252257-140338303
2	149947623	150020602	circular_RNA/1	1	+	149947623	149947623	0,0,0	7	120,176,186,82,78,204,94	0,1814,13459,44095,52243,54782,72885	1	circRNA	ENSRNOT00000098221	ENSRNOT00000098221	4,5,6,7,8,9,10	2:149909037-149947623|2:150020602-150035266
2	154026017	154031873	circular_RNA/1	1	+	154026017	154026017	0,0,0	4	79,97,118,146	0,264,4289,5710	1	circRNA	ENSRNOT00000012417	ENSRNOT00000012417	8,9,10,11	2:154021933-154026017|2:154031873-154033570
2	169860794	169898969	circular_RNA/1	1	-	169860794	169860794	0,0,0	7	175,158,222,113,100,102,142	0,5305,9042,14081,21867,34978,38033	1	circRNA	ENSRNOT00000082077	ENSRNOT00000082077	8,7,6,5,4,3,2	2:169845567-169860794|2:169898969-169923039
2	174362747	174379854	circular_RNA/1	1	+	174362747	174362747	0,0,0	2	516,4558	0,12549	1	circRNA	ENSRNOT00000115989	ENSRNOT00000115989	3,4	2:174356215-174362747|2:174379854-174394767
2	174362747	174402781	circular_RNA/2	1	+	174362747	174362747	0,0,0	4	516,4558,102,736	0,12549,32020,39298	2	circRNA	ENSRNOT00000115989	ENSRNOT00000115989	3,4,5,6	2:174356215-174362747|2:174402781-174420574
2	174362747	174424074	circular_RNA/1	1	+	174362747	174362747	0,0,0	6	516,4558,102,736,180,95	0,12549,32020,39298,57827,61232	1	circRNA	ENSRNOT00000115989	ENSRNOT00000115989	3,4,5,6,7,8	2:174356215-174362747|2:174424074-174431035
2	175816020	175818695	circular_RNA/1	1	+	175816020	175816020	0,0,0	3	132,171,316	0,1466,2359	1	circRNA	ENSRNOT00000021502	ENSRNOT00000021502	5,6,7	2:175815066-175816020|2:175818695-175821289
2	185303498	185354907	circular_RNA/1	1	-	185303498	185303498	0,0,0	22	125,190,120,132,249,224,52,236,529,117,193,433,233,89,128,113,138,117,92,82,171,195	0,648,2634,3377,4267,10753,11937,13216,14876,15923,17108,19014,24056,30771,40874,41996,42811,43132,46156,46978,47225,51214	1	circRNA	ENSRNOT00000100009	ENSRNOT00000100009	31,30,29,28,27,26,25,24,23,22,21,20,19,18,17,16,15,14,13,12,11,10	2:185300856-185303498|2:185354907-185355922
2	188029957	188056752	circular_RNA/1	1	-	188029957	188029957	0,0,0	5	95,81,119,97,256	0,14893,17207,23076,26539	1	circRNA	ENSRNOT00000067000	ENSRNOT00000067000	6,5,4,3,2	2:188003551-188029957|2:188056752-188095667
2	197819179	197819922	circular_RNA/1	1	-	197819179	197819179	0,0,0	1	743	0	1	circRNA	ENSRNOT00000066218	ENSRNOT00000066218	2	2:197620671-197819179|2:197819922-197826675
2	207836113	207855272	circular_RNA/2	0	-	207836113	207836113	0,0,0	6	196,111,165,144,173,76	0,7035,7233,10779,11647,19083	2	circRNA	ENSRNOT00000104266	ENSRNOT00000104266	8,7,6,5,4,3	2:207820082-207836113|2:207855272-207871797
2	235812034	235830498	circular_RNA/1	1	+	235812034	235812034	0,0,0	8	159,217,165,159,95,148,74,136	0,2350,7445,9339,11758,16946,17280,18328	1	circRNA	ENSRNOT00000055318	ENSRNOT00000055318	7,8,9,10,11,12,13,14	2:235808360-235812034|2:235830498-235833412
2	241351905	241360501	circular_RNA/1	0	+	241351905	241351905	0,0,0	3	130,153,1553	0,2529,7043	1	circRNA	ENSRNOT00000071770	ENSRNOT00000071770	2,3,4	2:241331096-241351905|2:241360501-241379292
5	2888565	2958343	circular_RNA/1	0	+	2888565	2888565	0,0,0	8	160,136,160,108,213,138,132,61	0,10793,47484,51065,53498,60277,65018,69717	1	circRNA	ENSRNOT00000066590	ENSRNOT00000066590	5,6,7,8,9,10,11,12	5:2867759-2888565|5:2958343-2987173
5	5013705	5058649	circular_RNA/1	0	+	5013705	5013705	0,0,0	5	83,187,140,84,90	0,479,22631,24670,44854	1	circRNA	ENSRNOT00000064946	ENSRNOT00000064946	8,9,10,11,12	5:4997240-5013705|5:5058649-5083998
5	12308832	12324034	circular_RNA/1	1	-	12308832	12308832	0,0,0	2	103,419	0,14783	1	circRNA	ENSRNOT00000061903	ENSRNOT00000061903	3,2	5:12295730-12308832|5:12324034-12354573
5	29643690	29657608	circular_RNA/1	0	-	29643690	29643690	0,0,0	5	162,50,158,156,154	0,1139,5491,11273,13764	1	circRNA	ENSRNOT00000012963	ENSRNOT00000012963	6,5,4,3,2	5:29640648-29643690|5:29657608-29662350
5	88113754	88255583	circular_RNA/1	0	+	88113754	88113754	0,0,0	15	161,176,115,194,50,104,129,194,233,320,109,182,214,77,56	0,7983,50099,65645,75368,80141,88197,111400,114628,117852,120409,124084,125755,127801,141773	1	circRNA	ENSRNOT00000009083	ENSRNOT00000009083	2,3,4,5,6,7,8,9,10,11,12,13,14,15,16	5:88100884-88113754|5:88255583-88258705
5	97933731	98022503	circular_RNA/1	1	+	97933731	97933731	0,0,0	9	136,175,191,132,147,93,161,139,103	0,3161,7554,10657,30851,44527,46907,73923,88669	1	circRNA	ENSRNOT00000036233	ENSRNOT00000036233	3,4,5,6,7,8,9,10,11	5:97929191-97933731|5:98022503-98039809
5	99362437	99391988	circular_RNA/1	1	+	99362437	99362437	0,0,0	5	135,180,138,159,195	0,725,16640,18874,29356	1	circRNA	ENSRNOT00000098986	ENSRNOT00000098986	4,5,6,7,8	5:99351784-99362437|5:99391988-99409964
5	99379077	99411842	circular_RNA/1	1	+	99379077	99379077	0,0,0	5	138,159,195,153,126	0,2234,12716,30887,32639	1	circRNA	ENSRNOT00000098986	ENSRNOT00000098986	6,7,8,9,10	5:99363342-99379077|5:99411842-99419002
5	102326742	102327450	circular_RNA/3	1	-	102326742	102326742	0,0,0	1	708	0	3	circRNA	ENSRNOT00000094349	ENSRNOT00000094349	5	5:102281146-102326742|5:102327450-102357684
5	102326742	102357828	circular_RNA/1	1	-	102326742	102326742	0,0,0	2	708,144	0,30942	1	circRNA	ENSRNOT00000094349	ENSRNOT00000094349	5,4	5:102281146-102326742|5:102357828-102363858
5	117805149	117827572	circular_RNA/1	0	-	117805149	117805149	0,0,0	6	122,158,152,87,224,195	0,645,10488,12379,14729,22228	1	circRNA	ENSRNOT00000101086	ENSRNOT00000101086	12,11,10,9,8,7	5:117796625-117805149|5:117827572-117846609
5	117815637	117827572	circular_RNA/1	0	-	117815637	117815637	0,0,0	4	152,87,224,195	0,1891,4241,11740	1	circRNA	ENSRNOT00000101086	ENSRNOT00000101086	10,9,8,7	5:117805952-117815637|5:117827572-117846609
5	121123639	121132328	circular_RNA/1	1	+	121123639	121123639	0,0,0	9	66,75,159,115,104,108,96,162,48	0,2450,3071,4226,4638,7852,8109,8294,8641	1	circRNA	ENSRNOT00000029228	ENSRNOT00000029228	8,9,10,11,12,13,14,15,16	5:121120707-121123639|5:121132328-121137747
5	130428242	130438890	circular_RNA/1	1	+	130428242	130428242	0,0,0	4	357,149,151,180	0,5964,8985,10468	1	circRNA	ENSRNOT00000068267	ENSRNOT00000068267	2,3,4,5	5:130347374-130428242|5:130438890-130446751
5	138644977	138658523	circular_RNA/2	0	-	138644977	138644977	0,0,0	6	102,135,195,91,160,185	0,1949,2796,5692,7326,13361	2	circRNA	ENSRNOT00000119040	ENSRNOT00000119040	18,17,16,15,14,13	5:138643341-138644977|5:138658523-138660209
5	139184584	139210862	circular_RNA/1	1	-	139184584	139184584	0,0,0	13	151,173,151,279,116,151,213,175,256,85,171,62,522	0,1528,2383,2966,3612,4178,7876,8199,15515,16019,23393,23917,25756	1	circRNA	ENSRNOT00000102837	ENSRNOT00000102837	14,13,12,11,10,9,8,7,6,5,4,3,2	5:139183352-139184584|5:139210862-139211545
5	141523972	141528970	circular_RNA/6	1	-	141523972	141523972	0,0,0	4	92,83,791,117	0,1523,3116,4881	6	circRNA	ENSRNOT00000009436	ENSRNOT00000009436	5,4,3,2	5:141501466-141523972|5:141528970-141535354
5	145948263	145951212	circular_RNA/10	0	-	145948263	145948263	0,0,0	3	117,456,213	0,1378,2736	10	circRNA	ENSRNOT00000009173	ENSRNOT00000009173	5,4,3	5:145925474-145948263|5:145951212-145980053
5	145949641	145951212	circular_RNA/1	0	-	145949641	145949641	0,0,0	2	456,213	0,1358	1	circRNA	ENSRNOT00000009173	ENSRNOT00000009173	4,3	5:145948380-145949641|5:145951212-145980053
5	160889843	160890309	circular_RNA/1	1	+	160889843	160889843	0,0,0	1	466	0	1	circRNA	ENSRNOT00000024443	ENSRNOT00000024443	2	5:160766369-160889843|5:160890309-160912158
5	160919756	160959535	circular_RNA/2	1	+	160919756	160919756	0,0,0	4	126,106,97,105	0,30082,32304,39674	2	circRNA	ENSRNOT00000024443	ENSRNOT00000024443	4,5,6,7	5:160912229-160919756|5:160959535-160980892
4	9304508	9306148	circular_RNA/2	1	-	9304508	9304508	0,0,0	2	111,125	0,1515	2	circRNA	ENSRNOT00000041876	ENSRNOT00000041876	4,3	4:9290756-9304508|4:9306148-9316692
4	11695908	11711196	circular_RNA/1	1	-	11695908	11695908	0,0,0	4	81,230,115,185	0,3072,5050,15103	1	circRNA	ENSRNOT00000075902	ENSRNOT00000075902	5,4,3,2	4:11689683-11695908|4:11711196-11727017
4	19732555	19789400	circular_RNA/1	1	-	19732555	19732555	0,0,0	12	68,142,195,181,72,94,27,125,51,212,68,109	0,5138,22621,25071,26445,27632,43692,47513,49802,55072,56128,56736	1	circRNA	ENSRNOT00000008637	ENSRNOT00000008637	22,21,20,19,18,17,16,15,14,13,12,11	4:19698362-19732555|4:19789400-19811426
4	19833487	19845159	circular_RNA/2	0	-	19833487	19833487	0,0,0	3	91,137,2188	0,4892,9484	2	circRNA	ENSRNOT00000008637	ENSRNOT00000008637	9,8,7	4:19811552-19833487|4:19845159-19883922
4	19883922	19904248	circular_RNA/1	0	-	19883922	19883922	0,0,0	3	2018,5068,708	0,2374,19618	1	circRNA	ENSRNOT00000008637	ENSRNOT00000008637	6,5,4	4:19845159-19883922|4:19904248-20023118
4	20023118	20044441	circular_RNA/1	1	-	20023118	20023118	0,0,0	2	1458,1459	0,19864	1	circRNA	ENSRNOT00000008637	ENSRNOT00000008637	3,2	4:19904248-20023118|4:20044441-20049481
4	20023118	20024576	circular_RNA/3	0	-	20023118	20023118	0,0,0	1	1458	0	3	circRNA	ENSRNOT00000008637	ENSRNOT00000008637	3	4:19904248-20023118|4:20024576-20042982
4	30370086	30424643	circular_RNA/1	0	+	30370086	30370086	0,0,0	9	273,301,183,118,209,89,145,171,85	0,3425,15571,28669,40043,41487,44749,48388,54472	1	circRNA	ENSRNOT00000079571	ENSRNOT00000079571	2,3,4,5,6,7,8,9,10	4:30333907-30370086|4:30424643-30434547
4	31537812	31554735	circular_RNA/2	1	+	31537812	31537812	0,0,0	6	95,99,91,177,119,107	0,390,6921,10016,13046,16816	2	circRNA	ENSRNOT00000064866	ENSRNOT00000064866	13,14,15,16,17,18	4:31522003-31537812|4:31554735-31567080
4	36589430	36623887	circular_RNA/1	1	+	36589430	36589430	0,0,0	5	152,87,117,153,211	0,18640,27558,31362,34246	1	circRNA	ENSRNOT00000086735	ENSRNOT00000086735	4,5,6,7,8	4:36473099-36589430|4:36623887-36631348
4	40031781	40032545	circular_RNA/1	1	+	40031781	40031781	0,0,0	1	764	0	1	circRNA	ENSRNOT00000099466	ENSRNOT00000099466	6	4:40024674-40031781|4:40032545-40040078
4	51557609	51579190	circular_RNA/1	1	+	51557609	51557609	0,0,0	10	92,86,21,97,83,135,135,164,136,147	0,5953,8656,8877,11712,13043,14351,16941,19566,21434	1	circRNA	ENSRNOT00000008719	ENSRNOT00000008719	14,15,16,17,18,19,20,21,22,23	4:51548254-51557609|4:51579190-51584216
4	66617525	66646151	circular_RNA/1	1	+	66617525	66617525	0,0,0	6	119,148,133,117,115,147	0,5042,12796,16997,25332,28479	1	circRNA	ENSRNOT00000113281	ENSRNOT00000113281	2,3,4,5,6,7	4:66568008-66617525|4:66646151-66667627
4	67190987	67209356	circular_RNA/2	0	+	67190987	67190987	0,0,0	9	138,104,496,71,130,119,114,144,51	0,1505,2059,6836,13762,15968,16677,17276,18318	2	circRNA	ENSRNOT00000064175	ENSRNOT00000064175	4,5,6,7,8,9,10,11,12	4:67182539-67190987|4:67209356-67211803
4	67211803	67216538	circular_RNA/7	1	+	67211803	67211803	0,0,0	3	43,51,1545	0,2104,3190	7	circRNA	ENSRNOT00000064175	ENSRNOT00000064175	13,14,15	4:67209356-67211803|4:67216538-67223448
4	68439106	68473338	circular_RNA/1	1	-	68439106	68439106	0,0,0	6	117,149,103,104,264,102	0,1109,4225,5382,13980,34130	1	circRNA	ENSRNOT00000100954	ENSRNOT00000100954	7,6,5,4,3,2	4:68430507-68439106|4:68473338-68509806
4	95149590	95205604	circular_RNA/1	1	+	95149590	95149590	0,0,0	10	175,175,122,80,85,158,94,161,94,86	0,1688,3399,6896,11238,12382,31047,33010,35600,55928	1	circRNA	ENSRNOT00000113591	ENSRNOT00000113591	4,5,6,7,8,9,10,11,12,13	4:95132960-95149590|4:95205604-95228287
4	114490487	114504566	circular_RNA/3	1	+	114490487	114490487	0,0,0	8	92,6,116,187,124,82,113,200	0,106,4534,8074,10140,11409,11879,13879	3	circRNA	ENSRNOT00000109874	ENSRNOT00000109874	4,5,6,7,8,9,10,11	4:114488772-114490487|4:114504566-114506511
4	116420723	116454208	circular_RNA/1	1	+	116420723	116420723	0,0,0	18	62,39,308,275,147,123,56,53,51,69,84,69,38,132,129,42,135,123	0,5365,6770,8473,10243,11945,17821,18047,19301,21133,21986,22681,24139,26516,29854,30774,31482,33362	1	circRNA	ENSRNOT00000116644	ENSRNOT00000116644	3,4,5,6,7,8,9,10,11,12,13,14,15,16,17,18,19,20	4:116415927-116420723|4:116454208-116460453
4	116427493	116442793	circular_RNA/1	1	+	116427493	116427493	0,0,0	9	308,275,147,123,56,53,51,69,84	0,1703,3473,5175,11051,11277,12531,14363,15216	1	circRNA	ENSRNOT00000116644	ENSRNOT00000116644	5,6,7,8,9,10,11,12,13	4:116426127-116427493|4:116442793-116443404
4	118137158	118179283	circular_RNA/1	1	+	118137158	118137158	0,0,0	11	126,193,118,1313,119,160,3783,134,1784,230,126	0,1333,7110,8250,10101,14643,19300,24228,27541,39596,41999	1	circRNA	ENSRNOT00000109581	ENSRNOT00000109581	2,3,4,5,6,7,8,9,10,11,12	4:118126087-118137158|4:118179283-118185292
4	118176754	118201013	circular_RNA/1	1	+	118176754	118176754	0,0,0	6	230,126,147,135,90,1151	0,2403,8538,13498,20270,23108	1	circRNA	ENSRNOT00000109581	ENSRNOT00000109581	11,12,13,14,15,16	4:118166483-118176754|4:118201013-118218247
4	129774513	129779212	circular_RNA/1	0	-	129774513	129774513	0,0,0	5	157,167,143,106,127	0,549,1258,2859,4572	1	circRNA	ENSRNOT00000087215	ENSRNOT00000087215	8,7,6,5,4	4:129771715-129774513|4:129779212-129780280
4	131638251	131651656	circular_RNA/3	1	-	131638251	131638251	0,0,0	4	205,160,87,138	0,6608,12122,13267	3	circRNA	ENSRNOT00000103186	ENSRNOT00000103186	5,4,3,2	4:131614133-131638251|4:131651656-131663585
4	167575819	167593978	circular_RNA/1	1	-	167575819	167575819	0,0,0	3	164,139,591	0,15677,17568	1	circRNA	ENSRNOT00000009151	ENSRNOT00000009151	4,3,2	4:167557223-167575819|4:167593978-167629818
7	16180672	16339164	circular_RNA/1	0	-	16180672	16180672	0,0,0	4	130,129,154,332	0,2840,157169,158160	1	circRNA	ENSRNOT00000046378	ENSRNOT00000046378	7,6,5,4	7:16179980-16180672|7:16339164-16339869
7	24516409	24537144	circular_RNA/1	0	+	24516409	24516409	0,0,0	5	297,76,102,117,167	0,13037,14223,17160,20568	1	circRNA	ENSRNOT00000102313	ENSRNOT00000102313	4,5,6,7,8	7:24509432-24516409|7:24537144-24628334
7	24628334	25073139	circular_RNA/1	1	+	24628334	24628334	0,0,0	7	144,166,137,181,587,61,107	0,107581,167998,210008,372746,374979,444698	1	circRNA	ENSRNOT00000102313	ENSRNOT00000102313	9,10,11,12,13,14,15	7:24537144-24628334|7:25073139-25146991
7	24796332	24838523	circular_RNA/1	1	+	24796332	24796332	0,0,0	2	137,181	0,42010	1	circRNA	ENSRNOT00000102313	ENSRNOT00000102313	11,12	7:24736081-24796332|7:24838523-25001080
7	30650562	30662967	circular_RNA/1	1	+	30650562	30650562	0,0,0	8	128,55,66,40,114,122,156,117	0,724,869,3514,4409,5088,6290,12288	1	circRNA	ENSRNOT00000087297	ENSRNOT00000087297	3,4,5,6,7,8,9,10	7:30632830-30650562|7:30662967-30671447
7	45075653	45092748	circular_RNA/1	0	-	45075653	45075653	0,0,0	8	236,169,96,98,175,154,173,122	0,1631,2434,5399,10375,12760,14508,16973	1	circRNA	ENSRNOT00000114741	ENSRNOT00000114741	23,22,21,20,19,18,17,16	7:45069175-45075653|7:45092748-45104033
7	45231481	45263053	circular_RNA/1	0	-	45231481	45231481	0,0,0	4	1030,122,184,73	0,14028,28466,31499	1	circRNA	ENSRNOT00000082100	ENSRNOT00000082100	7,6,5,4	7:45217975-45231481|7:45263053-45286759
7	70530330	70618010	circular_RNA/1	1	+	70530330	70530330	0,0,0	10	131,172,154,69,157,114,66,180,110,42	0,6603,8969,38476,48263,49577,55988,67172,68206,87638	1	circRNA	ENSRNOT00000050753	ENSRNOT00000050753	12,13,14,15,16,17,18,19,20,21	7:70527173-70530330|7:70618010-70626522
7	110940047	110942191	circular_RNA/1	1	-	110940047	110940047	0,0,0	2	166,250	0,1894	1	circRNA	ENSRNOT00000031117	ENSRNOT00000031117	3,2	7:110933899-110940047|7:110942191-110967826
6	3752346	4000621	circular_RNA/1	0	+	3752346	3752346	0,0,0	6	123,382,191,174,120,182	0,8163,9672,32377,39683,248093	1	circRNA	ENSRNOT00000095577	ENSRNOT00000095577	12,13,14,15,16,17	6:3729847-3752346|6:4000621-4157059
6	6043754	6044305	circular_RNA/1	0	-	6043754	6043754	0,0,0	1	551	0	1	circRNA	ENSRNOT00000061693	ENSRNOT00000061693	3	6:6035655-6043754|6:6044305-6061993
6	16370667	16370771	circular_RNA/1	1	+	16370667	16370667	0,0,0	1	104	0	1	circRNA	ENSRNOT00000006527	ENSRNOT00000006527	2	6:16335647-16370667|6:16370771-16378913
6	26449013	26488782	circular_RNA/1	1	+	26449013	26449013	0,0,0	6	109,149,116,136,144,164	0,4980,23009,29435,31039,39605	1	circRNA	ENSRNOT00000105980	ENSRNOT00000105980	3,4,5,6,7,8	6:26440440-26449013|6:26488782-26493465
6	26615540	26670251	circular_RNA/1	0	+	26615540	26615540	0,0,0	5	86,155,106,167,125	0,12768,19717,22543,54586	1	circRNA	ENSRNOT00000060810	ENSRNOT00000060810	5,6,7,8,9	6:26597317-26615540|6:26670251-26698466
6	27282446	27288373	circular_RNA/1	0	-	27282446	27282446	0,0,0	3	181,1330,148	0,3219,5779	1	circRNA	ENSRNOT00000068531	ENSRNOT00000068531	13,12,11	6:27268110-27282446|6:27288373-27297630
6	27946774	28012735	circular_RNA/1	1	+	27946774	27946774	0,0,0	17	152,50,154,103,109,117,76,99,112,116,175,89,160,91,312,133,187	0,1798,2239,3702,4912,6023,11585,14423,17351,19873,20411,23356,29094,32695,37338,41861,65774	1	circRNA	ENSRNOT00000084560	ENSRNOT00000084560	2,3,4,5,6,7,8,9,10,11,12,13,14,15,16,17,18	6:27927266-27946774|6:28012735-28026254
6	41146718	41154691	circular_RNA/2	1	+	41146718	41146718	0,0,0	2	151,100	0,7873	2	circRNA	ENSRNOT00000086798	ENSRNOT00000086798	7,8	6:41144376-41146718|6:41154691-41180420
6	49577541	49579659	circular_RNA/1	1	+	49577541	49577541	0,0,0	1	2118	0	1	ciRNA	ENSRNOT00000067849	ENSRNOT00000067849	3	6:49577541-49579659
6	51090139	51152934	circular_RNA/1	0	-	51090139	51090139	0,0,0	9	261,218,211,123,116,132,122,127,151	0,15176,16074,19063,29325,34575,59060,61436,62644	1	circRNA	ENSRNOT00000005521	ENSRNOT00000005521	12,11,10,9,8,7,6,5,4	6:51027371-51090139|6:51152934-51156714
6	51841637	51855811	circular_RNA/1	1	+	51841637	51841637	0,0,0	7	108,111,162,72,146,69,113	0,1494,5398,6676,11834,12216,14061	1	circRNA	ENSRNOT00000095510	ENSRNOT00000095510	19,20,21,22,23,24,25	6:51838167-51841637|6:51855811-51858849
6	54868163	54915612	circular_RNA/1	1	+	54868163	54868163	0,0,0	8	50,75,120,118,89,117,99,33	0,3315,6354,14466,17045,17213,25325,47416	1	circRNA	ENSRNOT00000063874	ENSRNOT00000063874	7,8,9,10,11,12,13,14	6:54862755-54868163|6:54915612-54928213
6	61356972	61361923	circular_RNA/1	1	+	61356972	61356972	0,0,0	3	1126,150,152	0,1213,4799	1	circRNA	ENSRNOT00000047296	ENSRNOT00000047296	2,3,4	6:61329954-61356972|6:61361923-61367860
6	69063441	69101625	circular_RNA/1	1	-	69063441	69063441	0,0,0	15	108,141,168,122,48,176,134,141,111,142,127,174,79,74,104	0,1639,2999,5054,5456,5658,7272,11469,20577,26095,27764,29737,31531,37616,38080	1	circRNA	ENSRNOT00000077578	ENSRNOT00000077578	16,15,14,13,12,11,10,9,8,7,6,5,4,3,2	6:69049650-69063441|6:69101625-69133607
6	69988037	70016878	circular_RNA/2	1	+	69988037	69988037	0,0,0	2	3889,145	0,28696	2	circRNA	ENSRNOT00000088378	ENSRNOT00000088378	2,3	6:69976495-69988037|6:70016878-70027551
6	73079016	73083022	circular_RNA/1	0	-	73079016	73079016	0,0,0	2	72,862	0,3144	1	circRNA	ENSRNOT00000083857	ENSRNOT00000083857	33,32	6:73051219-73079016|6:73083022-73091478
6	83138107	83156788	circular_RNA/1	1	+	83138107	83138107	0,0,0	11	159,132,133,129,87,185,207,205,152,156,1876	0,1770,4078,6105,7330,8187,9805,11602,14211,15235,16805	1	circRNA	ENSRNOT00000086081	ENSRNOT00000086081	4,5,6,7,8,9,10,11,12,13,14	6:83133495-83138107|6:83156788-83162409
6	92848235	92882906	circular_RNA/1	1	+	92848235	92848235	0,0,0	2	180,844	0,33827	1	circRNA	ENSRNOT00000088430	ENSRNOT00000088430	2,3	6:92721246-92848235|6:92882906-92940659
6	97611472	97627294	circular_RNA/1	1	+	97611472	97611472	0,0,0	6	209,78,147,162,78,184	0,8044,8476,10302,11730,15638	1	circRNA	ENSRNOT00000092157	ENSRNOT00000092157	4,5,6,7,8,9	6:97597988-97611472|6:97627294-97628431
6	104697575	104717802	circular_RNA/1	1	+	104697575	104697575	0,0,0	5	84,81,52,131,178	0,7677,10716,15568,20049	1	circRNA	ENSRNOT00000006492	ENSRNOT00000006492	15,16,17,18,19	6:104697324-104697575|6:104717802-104718111
6	104967661	104977562	circular_RNA/1	0	-	104967661	104967661	0,0,0	5	51,65,111,132,106	0,3300,5382,7519,9795	1	circRNA	ENSRNOT00000106509	ENSRNOT00000106509	9,8,7,6,5	6:104966403-104967661|6:104977562-104978938
6	105501478	105534984	circular_RNA/1	1	+	105501478	105501478	0,0,0	8	83,107,131,83,70,85,102,92	0,1445,5262,12720,18962,19952,31593,33414	1	circRNA	ENSRNOT00000115883	ENSRNOT00000115883	4,5,6,7,8,9,10,11	6:105489035-105501478|6:105534984-105535881
6	118012210	118030804	circular_RNA/1	1	+	118012210	118012210	0,0,0	8	115,41,196,430,161,101,156,75	0,3250,4188,5652,6763,7303,9897,18519	1	circRNA	ENSRNOT00000117615	ENSRNOT00000117615	3,4,5,6,7,8,9,10	6:118006926-118012210|6:118030804-118040093
6	122125680	122155184	circular_RNA/3	1	+	122125680	122125680	0,0,0	6	121,305,171,93,56,130	0,6385,9892,19368,28646,29374	3	circRNA	ENSRNOT00000107056	ENSRNOT00000107056	2,3,4,5,6,7	6:122083295-122125680|6:122155184-122177001
6	137140465	137182033	circular_RNA/1	1	-	137140465	137140465	0,0,0	17	100,61,52,62,114,163,173,130,89,112,130,103,217,78,309,92,433	0,3198,4777,5226,5386,10716,11818,15319,20194,21078,21860,29506,34087,34777,36078,39739,41135	1	circRNA	ENSRNOT00000006144	ENSRNOT00000006144	18,17,16,15,14,13,12,11,10,9,8,7,6,5,4,3,2	6:137140289-137140465|6:137182033-137182594
9	4709321	4750585	circular_RNA/1	0	-	4709321	4709321	0,0,0	8	156,213,455,112,124,127,177,245	0,7311,14624,17289,35439,36337,37219,41019	1	circRNA	ENSRNOT00000017556	ENSRNOT00000017556	9,8,7,6,5,4,3,2	9:4684306-4709321|9:4750585-4753021
9	17929656	17932204	circular_RNA/1	0	-	17929656	17929656	0,0,0	2	495,652	0,1896	1	circRNA	ENSRNOT00000015918	ENSRNOT00000015918	3,2	9:17901508-17929656|9:17932204-17953542
9	46276381	46284450	circular_RNA/1	1	+	46276381	46276381	0,0,0	5	594,127,84,105,95	0,5977,7079,7651,7974	1	circRNA	ENSRNOT00000033133	ENSRNOT00000033133	2,3,4,5,6	9:46270033-46276381|9:46284450-46289213
9	61242779	61282188	circular_RNA/1	1	+	61242779	61242779	0,0,0	8	171,171,111,92,231,115,161,148	0,1761,28627,29669,31554,33593,38086,39261	1	circRNA	ENSRNOT00000100349	ENSRNOT00000100349	3,4,5,6,7,8,9,10	9:61229124-61242779|9:61282188-61288635
9	61375625	61394528	circular_RNA/1	1	+	61375625	61375625	0,0,0	5	152,93,114,144,226	0,3835,6838,17143,18677	1	circRNA	ENSRNOT00000031261	ENSRNOT00000031261	2,3,4,5,6	9:61341022-61375625|9:61394528-61398411
9	61863814	61901553	circular_RNA/1	1	+	61863814	61863814	0,0,0	9	177,18,98,147,125,183,159,174,93	0,1859,6521,9803,10556,12366,15343,32874,37646	1	circRNA	ENSRNOT00000050179	ENSRNOT00000050179	3,4,5,6,7,8,9,10,11	9:61856515-61863814|9:61901553-61902718
9	105629567	105660854	circular_RNA/18	0	-	105629567	105629567	0,0,0	7	148,143,201,147,69,148,138	0,2730,5402,9716,14031,20470,31149	18	circRNA	ENSRNOT00000017613	ENSRNOT00000017613	8,7,6,5,4,3,2	9:105604468-105629567|9:105660854-105687824
9	106900912	106937299	circular_RNA/2	0	-	106900912	106900912	0,0,0	6	37,274,103,202,110,309	0,1006,19965,22970,31991,36078	2	circRNA	ENSRNOT00000056366	ENSRNOT00000056366	13,12,11,10,9,8	9:106894258-106900912|9:106937299-107019925
9	110672070	110677134	circular_RNA/1	1	+	110672070	110672070	0,0,0	2	371,92	0,4972	1	circRNA	ENSRNOT00000022351	ENSRNOT00000022351	7,8	9:110558498-110672070|9:110677134-110693803
9	110672070	110694225	circular_RNA/1	0	+	110672070	110672070	0,0,0	3	371,92,422	0,4972,21733	1	circRNA	ENSRNOT00000022351	ENSRNOT00000022351	7,8,9	9:110558498-110672070|9:110694225-110715406
9	111137422	111138705	circular_RNA/1	1	+	111137422	111137422	0,0,0	2	124,340	0,943	1	circRNA	ENSRNOT00000020476	ENSRNOT00000020476	6,7	9:111136588-111137422|9:111138705-111140912
8	13154301	13157607	circular_RNA/2	1	-	13154301	13154301	0,0,0	1	3306	0	2	circRNA	ENSRNOT00000109404	ENSRNOT00000109404	2	8:13025309-13154301|8:13157607-13272869
8	20555940	20568626	circular_RNA/1	0	-	20555940	20555940	0,0,0	5	39,226,154,104,220	0,1264,1588,12155,12466	1	circRNA	ENSRNOT00000113602	ENSRNOT00000113602	6,5,4,3,2	8:20551026-20555940|8:20568626-20569189
8	23574699	23577970	circular_RNA/1	0	-	23574699	23574699	0,0,0	3	115,318,123	0,795,3148	1	circRNA	ENSRNOT00000046432	ENSRNOT00000046432	7,6,5	8:23574241-23574699|8:23577970-23596911
8	41289949	41290605	circular_RNA/1	0	-	41289949	41289949	0,0,0	1	656	0	1	circRNA	ENSRNOT00000010743	ENSRNOT00000010743	5	8:41286609-41289949|8:41290605-41295578
8	58110473	58124933	circular_RNA/2	1	+	58110473	58110473	0,0,0	3	254,320,336	0,3074,14124	2	circRNA	ENSRNOT00000026492	ENSRNOT00000026492	2,3,4	8:58106229-58110473|8:58124933-58141056
8	65347107	65354418	circular_RNA/1	1	+	65347107	65347107	0,0,0	4	74,131,332,250	0,691,3699,7061	1	circRNA	ENSRNOT00000016260	ENSRNOT00000016260	2,3,4,5	8:65343020-65347107|8:65354418-65360619
8	65368573	65396915	circular_RNA/1	1	+	65368573	65368573	0,0,0	12	67,59,145,176,101,219,146,134,136,207,129,142	0,1388,3644,4070,7854,12665,13769,25602,27127,27529,27824,28200	1	circRNA	ENSRNOT00000016260	ENSRNOT00000016260	9,10,11,12,13,14,15,16,17,18,19,20	8:65363966-65368573|8:65396915-65400981
8	65412804	65420574	circular_RNA/1	1	+	65412804	65412804	0,0,0	9	95,176,147,199,255,118,27,163,65	0,1432,1697,4303,4784,6718,6938,7410,7705	1	circRNA	ENSRNOT00000016260	ENSRNOT00000016260	25,26,27,28,29,30,31,32,33	8:65411564-65412804|8:65420574-65433653
8	65414236	65420574	circular_RNA/1	1	+	65414236	65414236	0,0,0	8	176,147,199,255,118,27,163,65	0,265,2871,3352,5286,5506,5978,6273	1	circRNA	ENSRNOT00000016260	ENSRNOT00000016260	26,27,28,29,30,31,32,33	8:65412899-65414236|8:65420574-65433653
8	65553181	65565369	circular_RNA/1	1	+	65553181	65553181	0,0,0	5	134,273,113,174,169	0,2108,7573,9106,12019	1	circRNA	ENSRNOT00000025873	ENSRNOT00000025873	2,3,4,5,6	8:65550835-65553181|8:65565369-65570280
8	73039771	73042173	circular_RNA/1	1	+	73039771	73039771	0,0,0	3	135,308,141	0,1835,2261	1	circRNA	ENSRNOT00000095837	ENSRNOT00000095837	16,17,18	8:73033270-73039771|8:73042173-73052310
8	78001078	78062777	circular_RNA/1	0	-	78001078	78001078	0,0,0	7	129,45,45,60,84,66,1467	0,8812,18977,26825,27009,27174,60232	1	circRNA	ENSRNOT00000101165	ENSRNOT00000101165	10,9,8,7,6,5,4	8:77935397-78001078|8:78062777-78072695
8	78009890	78062852	circular_RNA/1	0	-	78009890	78009890	0,0,0	7	45,45,60,84,66,72,1542	0,10165,18013,18197,18362,39504,51420	1	circRNA	ENSRNOT00000105297	ENSRNOT00000105297	10,9,8,7,6,5,4	8:78001207-78009890|8:78062852-78072695
8	78020055	78062852	circular_RNA/1	0	-	78020055	78020055	0,0,0	6	45,60,84,66,72,1542	0,7848,8032,8197,29339,41255	1	circRNA	ENSRNOT00000105297	ENSRNOT00000105297	9,8,7,6,5,4	8:78009935-78020055|8:78062852-78072695
8	78027903	78062852	circular_RNA/1	0	-	78027903	78027903	0,0,0	5	60,84,66,72,1542	0,184,349,21491,33407	1	circRNA	ENSRNOT00000105297	ENSRNOT00000105297	8,7,6,5,4	8:78020100-78027903|8:78062852-78072695
8	81024554	81035151	circular_RNA/1	1	+	81024554	81024554	0,0,0	4	71,143,388,230	0,4460,7797,10367	1	circRNA	ENSRNOT00000015741	ENSRNOT00000015741	7,8,9,10	8:81019721-81024554|8:81035151-81041026
8	108467216	108481528	circular_RNA/2	1	-	108467216	108467216	0,0,0	9	147,86,82,43,98,161,267,61,75	0,571,901,1268,2489,4084,4931,8969,14237	2	circRNA	ENSRNOT00000103192	ENSRNOT00000103192	14,13,12,11,10,9,8,7,6	8:108463979-108467216|8:108481528-108514202
8	109046368	109059512	circular_RNA/1	1	+	109046368	109046368	0,0,0	9	131,127,146,62,141,118,174,159,225	0,2322,3393,3669,6464,7441,8558,11160,12919	1	circRNA	ENSRNOT00000112882	ENSRNOT00000112882	3,4,5,6,7,8,9,10,11	8:109039406-109046368|8:109059512-109060341
8	117708486	117752291	circular_RNA/1	0	-	117708486	117708486	0,0,0	3	115,160,380	0,35525,43425	1	circRNA	ENSRNOT00000089732	ENSRNOT00000089732	4,3,2	8:117703886-117708486|8:117752291-117772961
Y	989676	1007863	circular_RNA/1	0	-	989676	989676	0,0,0	5	130,734,96,135,220	0,4227,15984,17149,17967	1	circRNA	ENSRNOT00000119067	ENSRNOT00000119067	17,16,15,14,13	Y:987964-989676|Y:1007863-1008497
11	160227	171501	circular_RNA/1	1	-	160227	160227	0,0,0	5	117,226,106,203,106	0,1128,3789,9768,11168	1	circRNA	ENSRNOT00000074108	ENSRNOT00000074108	8,7,6,5,4	11:159285-160227|11:171501-184305
11	29478849	29497323	circular_RNA/2	0	-	29478849	29478849	0,0,0	16	192,87,169,158,157,114,101,191,86,396,109,194,150,140,136,162	0,344,515,1643,3130,5181,5677,6479,7672,8161,9783,10172,15476,16176,16809,18312	2	circRNA	ENSRNOT00000047741	ENSRNOT00000047741	19,18,17,16,15,14,13,12,11,10,9,8,7,6,5,4	11:29466429-29478849|11:29497323-29499627
11	30213510	30248869	circular_RNA/1	1	-	30213510	30213510	0,0,0	20	163,79,216,118,157,159,193,141,85,192,24,157,153,82,170,97,62,84,226,268	0,3173,4955,5271,5887,8350,8746,9031,12457,14220,16624,18909,21302,23454,24634,25703,26516,31174,31946,35091	1	circRNA	ENSRNOT00000052033	ENSRNOT00000052033	23,22,21,20,19,18,17,16,15,14,13,12,11,10,9,8,7,6,5,4	11:30207783-30213510|11:30248869-30251773
11	43394042	43403917	circular_RNA/1	0	-	43394042	43394042	0,0,0	6	135,208,149,110,127,174	0,1954,4264,6292,8176,9701	1	circRNA	ENSRNOT00000002238	ENSRNOT00000002238	7,6,5,4,3,2	11:43386374-43394042|11:43403917-43416691
11	50563268	50597061	circular_RNA/1	1	+	50563268	50563268	0,0,0	6	81,75,81,1006,136,149	0,3221,9960,28956,30862,33644	1	circRNA	ENSRNOT00000119802	ENSRNOT00000119802	10,11,12,13,14,15	11:50553736-50563268|11:50597061-50609227
11	57117611	57125656	circular_RNA/1	0	-	57117611	57117611	0,0,0	4	188,164,49,100	0,553,5943,7945	1	circRNA	ENSRNOT00000081443	ENSRNOT00000081443	7,6,5,4	11:57085780-57117611|11:57125656-57230332
10	4377523	4389681	circular_RNA/1	1	+	4377523	4377523	0,0,0	6	286,181,155,141,94,81	0,6241,7788,8119,10903,12077	1	circRNA	ENSRNOT00000003213	ENSRNOT00000003213	4,5,6,7,8,9	10:4376519-4377523|10:4389681-4392737
10	15324549	15337878	circular_RNA/5	1	-	15324549	15324549	0,0,0	2	44,91	0,13238	5	circRNA	ENSRNOT00000052292	ENSRNOT00000052292	3,2	10:15324434-15324549|10:15337878-15337993
10	16433873	16439952	circular_RNA/2	0	-	16433873	16433873	0,0,0	3	1090,126,195	0,3674,5884	2	circRNA	ENSRNOT00000079462	ENSRNOT00000079462	4,3,2	10:16421874-16433873|10:16439952-16461948
10	17742733	17749920	circular_RNA/1	1	-	17742733	17742733	0,0,0	8	75,102,58,62,107,94,120,80	0,1842,2994,5726,5902,6412,6705,7107	1	circRNA	ENSRNOT00000118471	ENSRNOT00000118471	9,8,7,6,5,4,3,2	10:17741858-17742733|10:17749920-17751363
10	18056126	18074768	circular_RNA/1	1	-	18056126	18056126	0,0,0	8	194,173,147,120,74,166,105,66	0,3053,4011,5991,8840,11383,13224,18576	1	circRNA	ENSRNOT00000059895	ENSRNOT00000059895	12,11,10,9,8,7,6,5	10:18031354-18056126|10:18074768-18083623
10	28178627	28179571	circular_RNA/1	1	+	28178627	28178627	0,0,0	1	944	0	1	circRNA	ENSRNOT00000067013	ENSRNOT00000067013	2	10:28156138-28178627|10:28179571-28190155
10	30326083	30338951	circular_RNA/3	1	+	30326083	30326083	0,0,0	7	105,97,109,165,178,247,70	0,621,2795,3728,8021,11503,12798	3	circRNA	ENSRNOT00000079437	ENSRNOT00000079437	2,3,4,5,6,7,8	10:30298840-30326083|10:30338951-30345813
10	34700011	34700071	circular_RNA/3	1	+	34700011	34700011	0,0,0	1	60	0	3	circRNA	ENSRNOT00000059190	ENSRNOT00000059190	10	10:34699333-34700011|10:34700071-34700162
10	35966495	35981105	circular_RNA/1	1	-	35966495	35966495	0,0,0	7	111,174,159,121,207,56,119	0,4883,6045,7903,9236,10504,14491	1	circRNA	ENSRNOT00000090475	ENSRNOT00000090475	17,16,15,14,13,12,11	10:35964669-35966495|10:35981105-35983788
10	37519628	37526869	circular_RNA/1	0	+	37519628	37519628	0,0,0	3	127,780,45	0,3848,7196	1	circRNA	ENSRNOT00000009440	ENSRNOT00000009440	2,3,4	10:37499133-37519628|10:37526869-37531774
10	62391803	62433451	circular_RNA/1	0	-	62391803	62391803	0,0,0	15	204,129,237,135,201,168,82,94,92,114,97,46,102,79,222	0,1831,4402,9511,13721,14224,17471,19400,26647,28220,30184,31561,32437,37497,41426	1	circRNA	ENSRNOT00000021368	ENSRNOT00000021368	19,18,17,16,15,14,13,12,11,10,9,8,7,6,5	10:62387937-62391803|10:62433451-62459408
10	64381899	64399655	circular_RNA/2	1	+	64381899	64381899	0,0,0	6	132,135,114,80,124,162	0,4684,7710,13679,15328,17594	2	circRNA	ENSRNOT00000046262	ENSRNOT00000046262	13,14,15,16,17,18	10:64378118-64381899|10:64399655-64401529
10	65218247	65221786	circular_RNA/1	1	+	65218247	65218247	0,0,0	4	82,44,54,53	0,1910,2412,3486	1	circRNA	ENSRNOT00000082685	ENSRNOT00000082685	3,4,5,6	10:65214212-65218247|10:65221786-65228043
10	69885925	69925836	circular_RNA/1	1	-	69885925	69885925	0,0,0	19	212,112,152,175,174,106,139,75,82,155,36,160,141,176,193,103,62,84,63	0,2397,5503,6094,8076,9607,9926,12134,14265,15555,17671,19578,28431,29239,31526,34248,37592,38304,39848	1	circRNA	ENSRNOT00000111648	ENSRNOT00000111648	27,26,25,24,23,22,21,20,19,18,17,16,15,14,13,12,11,10,9	10:69880427-69885925|10:69925836-69926161
10	83160031	83166625	circular_RNA/1	0	-	83160031	83160031	0,0,0	6	119,125,112,90,74,75	0,591,1433,2401,5812,6519	1	circRNA	ENSRNOT00000114652	ENSRNOT00000114652	13,12,11,10,9,8	10:83157813-83160031|10:83166625-83168047
10	89324560	89325932	circular_RNA/2	0	-	89324560	89324560	0,0,0	1	1372	0	2	circRNA	ENSRNOT00000089029	ENSRNOT00000089029	2	10:89282036-89324560|10:89325932-89366833
10	90181076	90212586	circular_RNA/1	0	+	90181076	90181076	0,0,0	8	73,44,96,168,96,93,111,137	0,920,1691,11752,24438,25672,30680,31373	1	circRNA	ENSRNOT00000066484	ENSRNOT00000066484	4,5,6,7,8,9,10,11	10:90180134-90181076|10:90212586-90214323
10	91773527	91783327	circular_RNA/1	1	-	91773527	91773527	0,0,0	4	138,179,115,104	0,2820,4841,9696	1	circRNA	ENSRNOT00000107027	ENSRNOT00000107027	14,13,12,11	10:91770384-91773527|10:91783327-91785820
10	92024760	92031320	circular_RNA/1	1	-	92024760	92024760	0,0,0	6	180,109,130,132,356,188	0,1351,2136,4288,4756,6372	1	circRNA	ENSRNOT00000098328	ENSRNOT00000098328	11,10,9,8,7,6	10:92023096-92024760|10:92031320-92035635
10	102913573	102914704	circular_RNA/2	1	+	102913573	102913573	0,0,0	2	100,22	0,1109	2	circRNA	ENSRNOT00000040629	ENSRNOT00000040629	3,4	10:102889128-102913573|10:102914704-102927427
13	30842153	30877644	circular_RNA/1	1	-	30842153	30842153	0,0,0	7	173,64,89,88,121,53,45	0,3657,20911,24990,34514,34909,35446	1	circRNA	ENSRNOT00000003568	ENSRNOT00000003568	12,11,10,9,8,7,6	13:30830170-30842153|13:30877644-30882785
13	63460961	63480945	circular_RNA/1	1	-	63460961	63460961	0,0,0	7	67,132,185,149,139,164,146	0,3862,9029,12902,15429,17506,19838	1	circRNA	ENSRNOT00000044255	ENSRNOT00000044255	18,17,16,15,14,13,12	13:63455433-63460961|13:63480945-63485276
13	63488278	63498083	circular_RNA/1	0	-	63488278	63488278	0,0,0	5	102,139,60,688,59	0,1411,3969,7684,9746	1	circRNA	ENSRNOT00000044255	ENSRNOT00000044255	9,8,7,6,5	13:63487272-63488278|13:63498083-63501107
13	65009547	65017541	circular_RNA/1	0	-	65009547	65009547	0,0,0	5	136,151,72,172,133	0,506,1680,2921,7861	1	circRNA	ENSRNOT00000092269	ENSRNOT00000092269	6,5,4,3,2	13:65006909-65009547|13:65017541-65018100
13	73287918	73298322	circular_RNA/1	0	-	73287918	73287918	0,0,0	2	928,100	0,10304	1	circRNA	ENSRNOT00000076514	ENSRNOT00000076514	5,4	13:73281791-73287918|13:73298322-73300232
13	77648402	77654285	circular_RNA/1	0	-	77648402	77648402	0,0,0	4	322,69,116,118	0,537,1031,5765	1	circRNA	ENSRNOT00000117589	ENSRNOT00000117589	14,13,12,11	13:77642344-77648402|13:77654285-77681931
13	86537446	86693047	circular_RNA/1	1	+	86537446	86537446	0,0,0	12	56,1580,145,88,62,92,130,147,60,121,93,52	0,16674,20360,62197,78335,110418,110660,111750,115325,115953,131154,155549	1	circRNA	ENSRNOT00000102800	ENSRNOT00000102800	4,5,6,7,8,9,10,11,12,13,14,15	13:86527853-86537446|13:86693047-86741094
13	86537446	86615843	circular_RNA/1	0	+	86537446	86537446	0,0,0	5	56,1580,145,88,62	0,16674,20360,62197,78335	1	circRNA	ENSRNOT00000102800	ENSRNOT00000102800	4,5,6,7,8	13:86527853-86537446|13:86615843-86647864
13	86554120	86557951	circular_RNA/2	0	+	86554120	86554120	0,0,0	2	1580,145	0,3686	2	circRNA	ENSRNOT00000102800	ENSRNOT00000102800	5,6	13:86537502-86554120|13:86557951-86599643
13	91728702	91853047	circular_RNA/1	1	+	91728702	91728702	0,0,0	19	92,84,96,149,94,201,249,80,167,123,134,243,111,248,106,125,106,149,92	0,36232,40239,47689,65299,68740,70870,73240,75917,78191,89452,98880,99334,110748,116014,118929,121324,121785,124253	1	circRNA	ENSRNOT00000003837	ENSRNOT00000003837	2,3,4,5,6,7,8,9,10,11,12,13,14,15,16,17,18,19,20	13:91684712-91728702|13:91853047-91856250
13	104511330	104517875	circular_RNA/1	0	-	104511330	104511330	0,0,0	2	216,165	0,6380	1	circRNA	ENSRNOT00000073041	ENSRNOT00000073041	4,3	13:104458692-104511330|13:104517875-104559881
12	7492149	7501068	circular_RNA/1	1	-	7492149	7492149	0,0,0	7	91,166,102,117,162,58,105	0,1136,3816,4004,4358,7505,8814	1	circRNA	ENSRNOT00000044134	ENSRNOT00000044134	14,13,12,11,10,9,8	12:7487443-7492149|12:7501068-7503160
12	7495965	7503408	circular_RNA/1	1	-	7495965	7495965	0,0,0	6	102,117,162,58,105,248	0,188,542,3689,4998,7195	1	circRNA	ENSRNOT00000044134	ENSRNOT00000044134	12,11,10,9,8,7	12:7493451-7495965|12:7503408-7535731
12	7499654	7535879	circular_RNA/1	0	-	7499654	7499654	0,0,0	4	58,105,248,148	0,1309,3506,36077	1	circRNA	ENSRNOT00000044134	ENSRNOT00000044134	9,8,7,6	12:7496669-7499654|12:7535879-7560157
12	22354009	22356072	circular_RNA/3	1	+	22354009	22354009	0,0,0	3	193,38,78	0,869,1985	3	circRNA	ENSRNOT00000085696	ENSRNOT00000085696	25,26,27	12:22353478-22354009|12:22356072-22356584
12	39038751	39100307	circular_RNA/1	0	-	39038751	39038751	0,0,0	3	514,151,141	0,56736,61415	1	circRNA	ENSRNOT00000103994	ENSRNOT00000103994	4,3,2	12:38964814-39038751|12:39100307-39187081
12	45903528	45904898	circular_RNA/2	1	+	45903528	45903528	0,0,0	1	1370	0	2	circRNA	ENSRNOT00000056735	ENSRNOT00000056735	2	12:45892024-45903528|12:45904898-45918634
15	2677288	2695587	circular_RNA/2	1	-	2677288	2677288	0,0,0	9	94,162,142,116,122,929,133,82,116	0,3075,6140,8451,10394,11423,15119,17889,18183	2	circRNA	ENSRNOT00000107992	ENSRNOT00000107992	12,11,10,9,8,7,6,5,4	15:2650806-2677288|15:2695587-2704648
15	3719837	3729309	circular_RNA/1	1	+	3719837	3719837	0,0,0	5	150,169,132,378,232	0,2478,8369,8634,9240	1	circRNA	ENSRNOT00000029615	ENSRNOT00000029615	12,13,14,15,16	15:3717102-3719837|15:3729309-3732772
15	9165135	9182836	circular_RNA/1	1	-	9165135	9165135	0,0,0	7	186,165,111,146,122,223,166	0,2992,5551,6896,9084,11533,17535	1	circRNA	ENSRNOT00000008289	ENSRNOT00000008289	10,9,8,7,6,5,4	15:9154956-9165135|15:9182836-9192041
15	28145950	28146652	circular_RNA/1	1	-	28145950	28145950	0,0,0	1	702	0	1	ciRNA	ENSRNOT00000018982	ENSRNOT00000018982	1	15:28145246-28146652
15	31050608	31061382	circular_RNA/3	1	+	31050608	31050608	0,0,0	4	857,283,166,213	0,7491,9608,10561	3	circRNA	ENSRNOT00000011684	ENSRNOT00000011684	3,4,5,6	15:31037075-31050608|15:31061382-31070225
15	99780538	99801911	circular_RNA/1	1	+	99780538	99780538	0,0,0	6	144,75,69,76,111,103	0,1198,5381,7364,15470,21270	1	circRNA	ENSRNOT00000099022	ENSRNOT00000099022	13,14,15,16,17,18	15:99759509-99780538|15:99801911-99829408
14	1927024	1938817	circular_RNA/2	0	+	1927024	1927024	0,0,0	8	190,225,75,126,144,90,98,61	0,763,1861,6412,8435,9407,9589,11732	2	circRNA	ENSRNOT00000061630	ENSRNOT00000061630	3,4,5,6,7,8,9,10	14:1907767-1927024|14:1938817-1943433
14	41896664	41910815	circular_RNA/1	0	-	41896664	41896664	0,0,0	6	118,102,144,211,184,153	0,5227,5767,11672,13480,13998	1	circRNA	ENSRNOT00000039835	ENSRNOT00000039835	10,9,8,7,6,5	14:41882488-41896664|14:41910815-41931057
14	62741778	62763710	circular_RNA/2	0	-	62741778	62741778	0,0,0	6	139,12,164,72,72,72	0,1284,2769,5797,10097,21860	2	circRNA	ENSRNOT00000005477	ENSRNOT00000005477	10,9,8,7,6,5	14:62722211-62741778|14:62763710-62938566
14	65281226	65369295	circular_RNA/1	1	+	65281226	65281226	0,0,0	6	164,66,80,130,252,94	0,25069,42932,43939,76522,87975	1	circRNA	ENSRNOT00000104711	ENSRNOT00000104711	3,4,5,6,7,8	14:65280400-65281226|14:65369295-65370540
14	74776669	74796952	circular_RNA/1	0	-	74776669	74776669	0,0,0	4	150,82,102,180	0,6156,6795,20103	1	circRNA	ENSRNOT00000090597	ENSRNOT00000090597	9,8,7,6	14:74770596-74776669|14:74796952-74799381
14	94226311	94235352	circular_RNA/1	0	+	94226311	94226311	0,0,0	3	178,169,65	0,6497,8976	1	circRNA	ENSRNOT00000079874	ENSRNOT00000079874	2,3,4	14:94149719-94226311|14:94235352-94244531
14	96143618	96229682	circular_RNA/1	0	-	96143618	96143618	0,0,0	10	125,108,148,144,885,49,179,205,238,123	0,3655,9107,30082,35766,40605,41234,72486,81335,85941	1	circRNA	ENSRNOT00000012131	ENSRNOT00000012131	18,17,16,15,14,13,12,11,10,9	14:96141320-96143618|14:96229682-96230257
14	103226433	103242631	circular_RNA/2	1	+	103226433	103226433	0,0,0	7	278,144,187,146,93,215,204	0,492,3541,8019,11093,11308,15994	2	circRNA	ENSRNOT00000095959	ENSRNOT00000095959	20,21,22,23,24,25,26	14:103224559-103226433|14:103242631-103243345
17	2507045	2551444	circular_RNA/1	1	+	2507045	2507045	0,0,0	5	1976,146,1903,124,61	0,8352,18488,44019,44338	1	circRNA	ENSRNOT00000118981	ENSRNOT00000118981	4,5,6,7,8	17:2505815-2507045|17:2551444-2552675
17	4870449	4889468	circular_RNA/1	0	+	4870449	4870449	0,0,0	15	153,181,1100,151,87,101,58,104,90,114,78,178,48,83,116	0,3145,4637,6260,7652,8511,10913,13538,15388,15817,16326,16953,17892,18021,18903	1	circRNA	ENSRNOT00000022373	ENSRNOT00000022373	11,12,13,14,15,16,17,18,19,20,21,22,23,24,25	17:4864599-4870449|17:4889468-4891887
17	9082363	9089702	circular_RNA/1	1	+	9082363	9082363	0,0,0	5	243,232,388,184,240	0,1761,2966,6059,7099	1	circRNA	ENSRNOT00000117137	ENSRNOT00000117137	2,3,4,5,6	17:9067138-9082363|17:9089702-9094994
17	17983057	17989499	circular_RNA/1	1	+	17983057	17983057	0,0,0	4	223,249,140,129	0,5002,6091,6313	1	circRNA	ENSRNOT00000115610	ENSRNOT00000115610	2,3,4,5	17:17972864-17983057|17:17989499-17996226
17	21278161	21291211	circular_RNA/1	1	+	21278161	21278161	0,0,0	7	185,113,109,191,145,122,152	0,2443,3876,5456,8628,11348,12898	1	circRNA	ENSRNOT00000116992	ENSRNOT00000116992	6,7,8,9,10,11,12	17:21271862-21278161|17:21291211-21299080
17	49508017	49522469	circular_RNA/2	1	-	49508017	49508017	0,0,0	4	141,114,214,202	0,1483,2305,14250	2	circRNA	ENSRNOT00000019396	ENSRNOT00000019396	10,9,8,7	17:49451795-49508017|17:49522469-49526330
17	50917883	50998027	circular_RNA/1	1	+	50917883	50917883	0,0,0	13	102,151,140,122,186,135,106,97,84,110,121,114,153	0,5497,12472,15902,18627,44619,55911,58384,72101,73016,78345,79162,79991	1	circRNA	ENSRNOT00000114793	ENSRNOT00000114793	11,12,13,14,15,16,17,18,19,20,21,22,23	17:50913744-50917883|17:50998027-51054721
17	50923380	50976364	circular_RNA/1	1	+	50923380	50923380	0,0,0	7	151,140,122,186,135,106,97	0,6975,10405,13130,39122,50414,52887	1	circRNA	ENSRNOT00000114793	ENSRNOT00000114793	12,13,14,15,16,17,18	17:50917985-50923380|17:50976364-50989984
17	60820743	60822472	circular_RNA/1	1	-	60820743	60820743	0,0,0	2	168,72	0,1657	1	circRNA	ENSRNOT00000020634	ENSRNOT00000020634	3,2	17:60799765-60820743|17:60822472-61031687
17	72296037	72330287	circular_RNA/1	0	-	72296037	72296037	0,0,0	7	86,104,150,195,161,780,380	0,4807,7489,13209,18354,30222,33870	1	circRNA	ENSRNOT00000092452	ENSRNOT00000092452	8,7,6,5,4,3,2	17:72285716-72296037|17:72330287-72335747
17	74766503	74769005	circular_RNA/1	0	+	74766503	74766503	0,0,0	2	672,147	0,2355	1	circRNA	ENSRNOT00000020924	ENSRNOT00000020924	3,4	17:74758678-74766503|17:74769005-74771414
17	83382110	83394758	circular_RNA/3	1	-	83382110	83382110	0,0,0	5	1894,30,55,79,93	0,3173,8233,11017,12555	3	circRNA	ENSRNOT00000068156	ENSRNOT00000068156	8,7,6,5,4	17:83373428-83382110|17:83394758-83418322
16	3218629	3285011	circular_RNA/2	1	+	3218629	3218629	0,0,0	5	138,141,141,194,136	0,8272,11336,26020,66246	2	circRNA	ENSRNOT00000081999	ENSRNOT00000081999	7,8,9,10,11	16:3173983-3218629|16:3285011-3343870
16	4233178	4297289	circular_RNA/1	0	-	4233178	4233178	0,0,0	13	81,122,96,94,98,46,68,62,72,84,75,81,72	0,3223,10489,13858,15960,16203,20360,21701,22023,29752,56941,62713,64039	1	circRNA	ENSRNOT00000117613	ENSRNOT00000117613	26,25,24,23,22,21,20,19,18,17,16,15,14	16:4173206-4233178|16:4297289-4317415
16	6150243	6170941	circular_RNA/1	1	+	6150243	6150243	0,0,0	5	108,155,142,402,150	0,3495,6105,16460,20548	1	circRNA	ENSRNOT00000099879	ENSRNOT00000099879	4,5,6,7,8	16:6149795-6150243|16:6170941-6171895
16	6261967	6262610	circular_RNA/2	1	+	6261967	6261967	0,0,0	1	643	0	2	circRNA	ENSRNOT00000096494	ENSRNOT00000096494	19	16:6259747-6261967|16:6262610-6268679
16	21812248	21845411	circular_RNA/1	0	+	21812248	21812248	0,0,0	5	207,81,113,59,90	0,306,2674,5447,33073	1	circRNA	ENSRNOT00000093876	ENSRNOT00000093876	8,9,10,11,12	16:21747660-21812248|16:21845411-21934457
16	37135131	37137439	circular_RNA/2	0	+	37135131	37135131	0,0,0	4	203,150,131,126	0,1512,1748,2182	2	circRNA	ENSRNOT00000081994	ENSRNOT00000081994	13,14,15,16	16:37133364-37135131|16:37137439-37138491
19	16001144	16014896	circular_RNA/1	0	-	16001144	16001144	0,0,0	8	211,256,144,177,244,122,138,87	0,1377,1725,4087,7625,10997,12721,13665	1	circRNA	ENSRNOT00000075991	ENSRNOT00000075991	16,15,14,13,12,11,10,9	19:15999038-16001144|19:16014896-16020210
19	16067050	16068663	circular_RNA/3	1	-	16067050	16067050	0,0,0	1	1613	0	3	circRNA	ENSRNOT00000075991	ENSRNOT00000075991	2	19:16041540-16067050|19:16068663-16092059
19	18720128	18726467	circular_RNA/1	1	+	18720128	18720128	0,0,0	4	111,185,124,76	0,4553,5471,6263	1	circRNA	ENSRNOT00000086560	ENSRNOT00000086560	6,7,8,9	19:18716664-18720128|19:18726467-18728009
19	28554552	28566333	circular_RNA/1	1	+	28554552	28554552	0,0,0	4	258,171,222,257	0,2880,6509,11524	1	circRNA	ENSRNOT00000025079	ENSRNOT00000025079	3,4,5,6	19:28540096-28554552|19:28566333-28572279
19	50044767	50063769	circular_RNA/1	1	+	50044767	50044767	0,0,0	6	176,240,168,131,63,39	0,6920,11778,17128,18333,18963	1	circRNA	ENSRNOT00000025894	ENSRNOT00000025894	6,7,8,9,10,11	19:50043307-50044767|19:50063769-50077064
19	55181703	55478764	circular_RNA/1	1	+	55181703	55181703	0,0,0	20	102,181,179,132,92,84,126,383,140,129,39,189,171,160,190,152,45,228,232,111	0,115290,141245,158327,189879,192388,203250,204558,209335,211372,213718,222876,223803,232885,239476,246480,247647,251824,264699,296950	1	circRNA	ENSRNOT00000042623	ENSRNOT00000042623	2,3,4,5,6,7,8,9,10,11,12,13,14,15,16,17,18,19,20,21	19:55080660-55181703|19:55478764-55492561
18	16496760	16722296	circular_RNA/2	1	+	16496760	16496760	0,0,0	8	143,95,116,128,674,84,182,109	0,5184,23497,93592,148743,155578,212473,225427	2	circRNA	ENSRNOT00000103230	ENSRNOT00000103230	3,4,5,6,7,8,9,10	18:16496124-16496760|18:16722296-16772712
18	30952173	30981946	circular_RNA/1	1	+	30952173	30952173	0,0,0	9	96,62,72,102,111,105,130,101,95	0,1862,5340,13962,15458,21365,22807,24586,29678	1	circRNA	ENSRNOT00000090882	ENSRNOT00000090882	2,3,4,5,6,7,8,9,10	18:30839144-30952173|18:30981946-30998507
18	30952173	30998586	circular_RNA/1	0	+	30952173	30952173	0,0,0	10	96,62,72,102,111,105,130,101,95,79	0,1862,5340,13962,15458,21365,22807,24586,29678,46334	1	circRNA	ENSRNOT00000090882	ENSRNOT00000090882	2,3,4,5,6,7,8,9,10,11	18:30839144-30952173|18:30998586-31054402
18	47325311	47348144	circular_RNA/1	1	+	47325311	47325311	0,0,0	5	423,41,70,149,235	0,8554,12485,20809,22598	1	circRNA	ENSRNOT00000101548	ENSRNOT00000101548	2,3,4,5,6	18:47299994-47325311|18:47348144-47358527
18	55872990	55885354	circular_RNA/1	1	+	55872990	55872990	0,0,0	2	154,569	0,11795	1	circRNA	ENSRNOT00000114436	ENSRNOT00000114436	5,6	18:55858278-55872990|18:55885354-55890184
18	67251065	67274438	circular_RNA/1	0	-	67251065	67251065	0,0,0	9	169,184,51,117,120,213,30,175,377	0,835,8124,9446,9654,13496,20504,21141,22996	1	circRNA	ENSRNOT00000082484	ENSRNOT00000082484	9,8,7,6,5,4,3,2,1	18:67246616-67251065|None
18	71168870	71202705	circular_RNA/1	1	-	71168870	71168870	0,0,0	2	127,784	0,33051	1	circRNA	ENSRNOT00000103893	ENSRNOT00000103893	3,2	18:71159768-71168870|18:71202705-71242738
18	77808078	77947407	circular_RNA/1	1	-	77808078	77808078	0,0,0	3	75,115,4715	0,129016,134614	1	circRNA	ENSRNOT00000065201	ENSRNOT00000065201	5,4,3	18:77727235-77808078|18:77947407-77970150
18	78333009	78348143	circular_RNA/1	1	+	78333009	78333009	0,0,0	7	111,105,243,210,127,83,143	0,1060,3911,4911,10504,13560,14991	1	circRNA	ENSRNOT00000058199	ENSRNOT00000058199	2,3,4,5,6,7,8	18:78320145-78333009|18:78348143-78385309
